#"Step","Time (ps)","Potential Energy (kJ/mole)","Kinetic Energy (kJ/mole)","Total Energy (kJ/mole)","Temperature (K)","Box Volume (nm^3)","Density (g/mL)","Speed (ns/day)"
1000,4.000000000000003,-1046760.1386503819,3855.6297682598524,-1042904.5088821221,7.140392836928007,706.9481240097067,0.913786768999103,0
2000,7.999999999999562,-1045610.6386503819,6572.899376218663,-1039037.7392741633,12.172611595169432,706.9481240097067,0.913786768999103,669
3000,11.999999999999122,-1044040.1386503819,9852.915866863652,-1034187.2227835183,18.247003500639536,706.9481240097067,0.913786768999103,439
4000,15.999999999998682,-1042496.1386503819,13108.815441539224,-1029387.3232088427,24.276732338235636,706.9481240097067,0.913786768999103,494
5000,20.000000000000018,-1040650.1386503819,16363.787280365053,-1024286.3513700169,30.30474306522096,706.9481240097067,0.913786768999103,527
6000,24.000000000001354,-1038941.8886503819,19601.199788108723,-1019340.6888622732,36.30023497442133,706.9481240097067,0.913786768999103,548
7000,28.00000000000269,-1037316.8886503819,22886.661332225034,-1014430.2273181569,42.38471078917219,706.9481240097067,0.913786768999103,563
8000,32.00000000000402,-1035494.1386503819,26261.704286244203,-1009232.4343641377,48.63508595008382,706.9481240097067,0.913786768999103,573
9000,36.000000000001805,-1033094.1386503819,29384.164277876647,-1003709.9743725053,54.41769276087965,706.9481240097067,0.913786768999103,581
10000,39.99999999999959,-1030916.8886503819,32569.540686860757,-998347.3479635211,60.316816966442296,706.9481240097067,0.913786768999103,587
11000,43.99999999999737,-1028638.1386503819,36033.72212893533,-992604.4165214465,66.7322712090762,706.9481240097067,0.913786768999103,592
12000,47.999999999995154,-1026573.1386503819,39020.90333749655,-987552.2353128854,72.26434990600023,706.9481240097067,0.913786768999103,595
13000,51.99999999999294,-1024305.8886503819,42446.18163179856,-981859.7070185834,78.60775787490319,706.9481240097067,0.913786768999103,599
14000,55.99999999999072,-1021937.1386503819,45664.6177044443,-976272.5209459376,84.56810657550011,706.9481240097067,0.913786768999103,601
15000,59.9999999999885,-1019286.6386503819,48607.35989506778,-970679.2787553142,90.01788690239522,706.9481240097067,0.913786768999103,602
16000,63.99999999998629,-1017080.6386503819,51685.44942209087,-965395.189228291,95.71832229977477,706.9481240097067,0.913786768999103,603
17000,67.99999999999118,-1014615.6386503819,55093.82662798875,-959521.8120223932,102.03043047646985,706.9481240097067,0.913786768999103,604
18000,71.99999999999606,-1012664.8886503819,58268.233729923144,-954396.6549204588,107.90924018966898,706.9481240097067,0.913786768999103,605
19000,76.00000000000095,-1009524.8886503819,61538.63736192329,-947986.2512884587,113.96582966307595,706.9481240097067,0.913786768999103,606
20000,80.00000000000584,-1006050.1386503819,65213.509967550985,-940836.628682831,120.77147118132001,706.9481240097067,0.913786768999103,607
21000,84.00000000001073,-1003307.1386503819,68236.40807643934,-935070.7305739427,126.36969541466267,706.9481240097067,0.913786768999103,607
22000,88.00000000001562,-1001109.8886503819,71624.91148850817,-929484.9771618738,132.64499852872754,706.9481240097067,0.913786768999103,608
23000,92.0000000000205,-998152.1386503819,75254.69606186538,-922897.4425885165,139.36713974170226,706.9481240097067,0.913786768999103,608
24000,96.0000000000254,-994689.1386503819,77902.0691372871,-916787.0695130948,144.26991435456372,706.9481240097067,0.913786768999103,608
25000,100.00000000003028,-992074.6386503819,81648.05331979904,-910426.5853305829,151.20725020673655,706.9481240097067,0.913786768999103,609
26000,104.00000000003517,-988120.8886503819,84626.23768449906,-903494.6509658829,156.72266729367138,706.9481240097067,0.913786768999103,609
27000,108.00000000004006,-984807.6386503819,87375.64386169203,-897431.9947886899,161.81440103196925,706.9481240097067,0.913786768999103,609
28000,112.00000000004495,-981348.8886503819,90577.24628584937,-890771.6423645326,167.74357483499807,706.9481240097067,0.913786768999103,608
29000,116.00000000004984,-977711.8886503819,94333.07665923669,-883378.8119911453,174.69914523639457,706.9481240097067,0.913786768999103,608
30000,120.00000000005473,-973483.3886503819,96981.69044507376,-876501.6982053082,179.6042175698088,706.9481240097067,0.913786768999103,608
31000,124.00000000005961,-968719.6386503819,100181.80182880335,-868537.8368215786,185.53063005626169,706.9481240097067,0.913786768999103,607
32000,128.0000000000645,-963267.6386503819,104252.95555147855,-859014.6830989034,193.07016020480668,706.9481240097067,0.913786768999103,606
33000,132.00000000005517,-957504.6386503819,106830.69680646615,-850673.9418439157,197.84398090307215,706.9481240097067,0.913786768999103,606
34000,136.00000000004584,-951601.1386503819,110822.67926260445,-840778.4593877775,205.2368906605401,706.9481240097067,0.913786768999103,605
35000,140.00000000003652,-945120.6386503819,113575.4296358194,-831545.2090145625,210.3348176473488,706.9481240097067,0.913786768999103,604
36000,144.0000000000272,-937605.1386503819,116009.92988901629,-821595.2087613656,214.8433646848596,706.9481240097067,0.913786768999103,604
37000,148.00000000001788,-929396.1386503819,119044.40066373967,-810351.7379866423,220.46302079449725,706.9481240097067,0.913786768999103,603
38000,152.00000000000855,-921124.3886503819,122923.49334084571,-798200.8953095363,227.64686551771322,706.9481240097067,0.913786768999103,603
39000,155.99999999999923,-912494.6386503819,125440.51798160042,-787054.1206687815,232.30824272336946,706.9481240097067,0.913786768999103,602
40000,159.9999999999899,-901546.6386503819,128892.63491158339,-772654.0037387986,238.70135422022705,706.9481240097067,0.913786768999103,602
41000,163.9999999999806,-893964.1386503819,133338.73835057253,-760625.4002998094,246.9352685367272,706.9481240097067,0.913786768999103,601
42000,167.99999999997127,-887082.8886503819,135930.30262043062,-751152.5860299513,251.73468862142195,706.9481240097067,0.913786768999103,601
43000,171.99999999996194,-878285.1386503819,139569.53233865625,-738715.6063117257,258.47432167070247,706.9481240097067,0.913786768999103,601
44000,175.99999999995262,-872430.1386503819,142668.3413296165,-729761.7973207654,264.2131282605393,706.9481240097067,0.913786768999103,600
45000,179.9999999999433,-866055.1386503819,146023.6480590176,-720031.4905913643,270.4269531286684,706.9481240097067,0.913786768999103,600
46000,183.99999999993398,-859896.1386503819,149359.7654687931,-710536.3731815888,276.6052405389409,706.9481240097067,0.913786768999103,599
47000,187.99999999992465,-851968.6386503819,152112.12540212364,-699856.5132482583,281.70244445472844,706.9481240097067,0.913786768999103,599
48000,191.99999999991533,-844933.6386503819,155026.00636427233,-689907.6322861096,287.0987755343014,706.9481240097067,0.913786768999103,598
49000,195.999999999906,-839793.1386503819,158317.84497691618,-681475.2936734657,293.19506129377504,706.9481240097067,0.913786768999103,598
50000,199.9999999998967,-832563.6386503819,161535.12460146204,-671028.5140489199,299.1532683225245,706.9481240097067,0.913786768999103,597
51000,203.99999999988736,-830340.6386503819,162099.4527100639,-668241.185940318,300.1983698043913,706.9481240097067,0.913786768999103,597
52000,207.99999999987804,-829354.165154282,161992.9239624828,-667361.2411917992,300.0010850151678,706.9481240097067,0.913786768999103,467
53000,211.99999999986872,-830775.273318477,163441.58388118597,-667333.689437291,302.68391545490715,706.9481240097067,0.913786768999103,464
54000,215.9999999998594,-831082.0904447157,162527.8722720716,-668554.218172644,300.9917768884797,706.9481240097067,0.913786768999103,461
55000,219.99999999985008,-830095.5876438208,162661.09177907615,-667434.4958647446,301.23849134778413,706.9481240097067,0.913786768999103,458
56000,223.99999999984075,-830525.2973363753,162725.28606868855,-667800.0112676867,301.35737528459094,706.9481240097067,0.913786768999103,456
57000,227.99999999983143,-832970.5178011311,162887.94388649287,-670082.5739146383,301.6586077127357,706.9481240097067,0.913786768999103,453
58000,231.9999999998221,-832016.1655749064,162834.88929544872,-669181.2762794576,301.56035382306607,706.9481240097067,0.913786768999103,451
59000,235.9999999998128,-831197.0574613949,161005.2441859945,-670191.8132754004,298.1719618822175,706.9481240097067,0.913786768999103,449
60000,239.99999999980346,-832490.9381746007,162457.49127693928,-670033.4468976614,300.86143554771206,706.9481240097067,0.913786768999103,447
61000,243.99999999979414,-831406.0604967261,162459.35602803767,-668946.7044686885,300.8648889538184,706.9481240097067,0.913786768999103,445
62000,247.99999999978482,-832748.089678836,161989.20882487186,-670758.8808539642,299.9942048052981,706.9481240097067,0.913786768999103,443
63000,251.9999999997755,-832277.5927897021,162171.0678109593,-670106.5249787428,300.3309966342957,706.9481240097067,0.913786768999103,441
64000,255.99999999976617,-833099.6959191393,162807.55525177415,-670292.1406673652,301.5097328295088,706.9481240097067,0.913786768999103,439
65000,259.99999999978525,-831727.7508019423,162278.85467436502,-669448.8961275773,300.5306113778359,706.9481240097067,0.913786768999103,438
66000,263.99999999980434,-832536.5776340151,161637.05792973313,-670899.519704282,299.3420426734809,706.9481240097067,0.913786768999103,436
67000,267.99999999982344,-833614.3002352854,162851.45650790184,-670762.8437273835,301.59103529723194,706.9481240097067,0.913786768999103,434
68000,271.99999999984254,-834359.1709166802,162950.1528589992,-671409.018057681,301.77381496249126,706.9481240097067,0.913786768999103,433
69000,275.99999999986164,-833512.7502499372,162263.42773165263,-671249.3225182845,300.502041614176,706.9481240097067,0.913786768999103,431
70000,279.99999999988074,-831689.371704828,162420.2979304843,-669269.0737743437,300.79255572247706,706.9481240097067,0.913786768999103,430
71000,283.99999999989984,-833139.046932837,162296.0189393742,-670843.0279934627,300.56239855717854,706.9481240097067,0.913786768999103,428
72000,287.99999999991894,-832704.6483627213,162454.15478661223,-670250.4935761091,300.8552565696816,706.9481240097067,0.913786768999103,427
73000,291.99999999993804,-832469.5383074638,161865.23001702788,-670604.3082904359,299.7646035612296,706.9481240097067,0.913786768999103,426
74000,295.99999999995714,-832902.0420799982,162603.0947873921,-670298.9472926061,301.1310844314372,706.9481240097067,0.913786768999103,425
75000,299.99999999997624,-832288.0313587915,161689.36341081758,-670598.6679479739,299.4389092568707,706.9481240097067,0.913786768999103,423
76000,303.99999999999534,-830668.2788274493,162597.77331392415,-668070.5055135251,301.12122938483884,706.9481240097067,0.913786768999103,422
77000,308.00000000001444,-832912.4794235006,163586.83758388518,-669325.6418396154,302.95291651585677,706.9481240097067,0.913786768999103,421
78000,312.00000000003354,-833282.6232451946,163280.3397782207,-670002.2834669738,302.38530114103077,706.9481240097067,0.913786768999103,420
79000,316.00000000005264,-830341.9304848174,162539.17268324614,-667802.7578015712,301.012704565631,706.9481240097067,0.913786768999103,419
80000,320.00000000007174,-831262.4075051881,162535.31319883198,-668727.0943063562,301.0055570342233,706.9481240097067,0.913786768999103,418
81000,324.00000000009084,-833068.845332223,162792.4270847604,-670276.4182474626,301.48171638034916,706.9481240097067,0.913786768999103,417
82000,328.00000000010994,-831049.852967592,161797.6402317287,-669252.2127358633,299.63943137203944,706.9481240097067,0.913786768999103,416
83000,332.00000000012903,-831573.7239703937,163263.16581983364,-668310.55815056,302.35349601013934,706.9481240097067,0.913786768999103,415
84000,336.00000000014813,-832306.7779334169,162122.45567782078,-670184.322255596,300.2409699076355,706.9481240097067,0.913786768999103,414
85000,340.00000000016723,-832413.807907084,163416.76763925178,-668997.0402678322,302.637957277697,706.9481240097067,0.913786768999103,413
86000,344.00000000018633,-832498.7680433616,162435.61159519583,-670063.1564481658,300.8209157021394,706.9481240097067,0.913786768999103,413
87000,348.00000000020543,-833295.7176165516,162195.611620332,-671100.1059962196,300.37645028290024,706.9481240097067,0.913786768999103,412
88000,352.00000000022453,-832783.5563895768,162190.0397169573,-670593.5166726194,300.3661314552804,706.9481240097067,0.913786768999103,411
89000,356.00000000024363,-832626.3486036677,162258.17458336562,-670368.174020302,300.49231310167494,706.9481240097067,0.913786768999103,410
90000,360.00000000026273,-832742.3935930412,162567.91623512533,-670174.4773579158,301.0659358830245,706.9481240097067,0.913786768999103,409
91000,364.00000000028183,-833824.2656583004,162900.42530704313,-670923.8403512572,301.68172254772986,706.9481240097067,0.913786768999103,409
92000,368.00000000030093,-833197.7151877452,162584.96053710947,-670612.7546506356,301.0975008981097,706.9481240097067,0.913786768999103,408
93000,372.00000000032003,-832492.7399087632,161232.17008575774,-671260.5698230055,298.592214906126,706.9481240097067,0.913786768999103,407
94000,376.0000000003391,-830949.5245924024,163362.93176529976,-667586.5928271026,302.5382564993958,706.9481240097067,0.913786768999103,406
95000,380.0000000003582,-832444.021946161,162281.8166929835,-670162.2052531776,300.5360968569398,706.9481240097067,0.913786768999103,406
96000,384.0000000003773,-831995.9648745107,162047.97605207283,-669947.9888224378,300.1030381511775,706.9481240097067,0.913786768999103,405
97000,388.0000000003964,-833102.1326497896,161607.8976770456,-671494.234972744,299.28803965142544,706.9481240097067,0.913786768999103,404
98000,392.0000000004155,-831163.2243308192,162499.05164352723,-668664.172687292,300.93840282977004,706.9481240097067,0.913786768999103,404
99000,396.0000000004346,-830843.9048469868,161963.855339712,-668880.0495072748,299.947251686169,706.9481240097067,0.913786768999103,403
100000,400.0000000004537,-832989.2088232059,162767.19408984113,-670222.0147333648,301.4349864018489,706.9481240097067,0.913786768999103,403
101000,404.0000000004728,-833448.490334806,162541.05759117147,-670907.4327436346,301.0161953009602,706.9481240097067,0.913786768999103,402
102000,408.0000000004919,-832795.6180465445,164226.93303222154,-668568.685014323,304.1383345225016,706.9481240097067,0.913786768999103,401
103000,412.000000000511,-832235.2394379182,163533.47286126894,-668701.7665766493,302.85408828129687,706.9481240097067,0.913786768999103,401
104000,416.0000000005301,-832607.1347805299,162522.78194181883,-670084.3528387111,300.982349905118,706.9481240097067,0.913786768999103,400
105000,420.0000000005492,-831551.92429878,163688.9568741538,-667862.9674246262,303.1420352571708,706.9481240097067,0.913786768999103,400
106000,424.0000000005683,-831125.5214253059,162758.93619662244,-668366.5852286834,301.4196932836993,706.9481240097067,0.913786768999103,399
107000,428.0000000005874,-833780.4393210709,163135.25617102845,-670645.1831500424,302.1166150866593,706.9481240097067,0.913786768999103,399
108000,432.0000000006065,-831492.7271839017,163303.20903381865,-668189.518150083,302.4276536174542,706.9481240097067,0.913786768999103,398
109000,436.0000000006256,-831211.9250926282,162497.5085991866,-668714.4164934417,300.93554520509673,706.9481240097067,0.913786768999103,398
110000,440.0000000006447,-831538.3049954353,163285.70797677268,-668252.5970186626,302.39524271965524,706.9481240097067,0.913786768999103,397
111000,444.0000000006638,-832331.3751164023,162397.45609816187,-669933.9190182404,300.7502540322992,706.9481240097067,0.913786768999103,397
112000,448.0000000006829,-833184.1514139269,162928.37485566712,-670255.7765582597,301.7334834191789,706.9481240097067,0.913786768999103,396
113000,452.000000000702,-832673.4810482617,162605.30471088598,-670068.1763373758,301.1351770759167,706.9481240097067,0.913786768999103,396
114000,456.0000000007211,-832037.3104048539,162407.62687185354,-669629.6835330003,300.7690896892422,706.9481240097067,0.913786768999103,395
115000,460.0000000007402,-832770.7925664643,163385.81435231195,-669384.9782141524,302.58063366479104,706.9481240097067,0.913786768999103,395
116000,464.0000000007593,-836437.5701657059,162620.5155674087,-673817.0545982972,301.1633466610393,706.9481240097067,0.913786768999103,394
117000,468.0000000007784,-832902.4275735309,162345.58698891848,-670556.8405846125,300.6541955831327,706.9481240097067,0.913786768999103,394
118000,472.0000000007975,-834517.0883863522,162450.95979357327,-672066.1285927789,300.8493396360597,706.9481240097067,0.913786768999103,394
119000,476.0000000008166,-833563.5087893633,161387.71480967116,-672175.7939796922,298.88027431514826,706.9481240097067,0.913786768999103,393
120000,480.0000000008357,-833581.6157363346,162695.43221473866,-670886.1835215959,301.3020877550015,706.9481240097067,0.913786768999103,393
121000,484.0000000008548,-833397.7295363555,161306.84373517398,-672090.8858011814,298.73050598266775,706.9481240097067,0.913786768999103,392
122000,488.0000000008739,-833668.8391543003,162517.3833967864,-671151.4557575139,300.9723521266495,706.9481240097067,0.913786768999103,392
123000,492.000000000893,-831544.2641958119,162548.5967457196,-668995.6674500923,301.0301573586181,706.9481240097067,0.913786768999103,392
124000,496.0000000009121,-832506.6185939685,163270.32583828343,-669236.292755685,302.3667559307033,706.9481240097067,0.913786768999103,391
125000,500.0000000009312,-834507.03921495,162192.06693850938,-672314.9722764407,300.3698857468279,706.9481240097067,0.913786768999103,391
126000,504.0000000009503,-831862.7152266875,162502.12912190615,-669360.5861047814,300.9441021333581,706.9481240097067,0.913786768999103,391
127000,508.0000000009694,-832893.8708307687,162797.69528476428,-670096.1755460044,301.49147276771834,706.9481240097067,0.913786768999103,390
128000,512.0000000009885,-832737.0851003416,162295.95727831183,-670441.1278220298,300.5622843646252,706.9481240097067,0.913786768999103,390
129000,516.0000000010076,-832630.3991231294,161869.37390190124,-670761.0252212281,299.77227778506466,706.9481240097067,0.913786768999103,389
130000,520.0000000010267,-832090.9771178858,162732.53184584004,-669358.4452720458,301.3707940250769,706.9481240097067,0.913786768999103,389
131000,524.0000000010458,-833001.7150606066,162719.11053382745,-670282.6045267791,301.34593856801365,706.9481240097067,0.913786768999103,389
132000,528.0000000010649,-832621.092152657,163105.37112064022,-669515.7210320168,302.0612697831553,706.9481240097067,0.913786768999103,388
133000,532.000000001084,-831503.2935695862,162761.07284827344,-668742.2207213128,301.4236502331631,706.9481240097067,0.913786768999103,388
134000,536.0000000011031,-831689.1772656115,162427.8725786131,-669261.3046869984,300.80658351209695,706.9481240097067,0.913786768999103,388
135000,540.0000000011222,-832217.0977392942,161664.98211277887,-670552.1156265154,299.39375656941513,706.9481240097067,0.913786768999103,388
136000,544.0000000011413,-831242.2518037194,164002.1147646887,-667240.1370390307,303.72198470584726,706.9481240097067,0.913786768999103,387
137000,548.0000000011604,-831958.1223356929,162453.54759827902,-669504.5747374138,300.8541320936593,706.9481240097067,0.913786768999103,387
138000,552.0000000011795,-833370.0606344938,161860.33689758027,-671509.7237369135,299.75554180033606,706.9481240097067,0.913786768999103,387
139000,556.0000000011986,-832675.6240389682,162619.31116491754,-670056.3128740507,301.16111618056334,706.9481240097067,0.913786768999103,386
140000,560.0000000012177,-831983.9579715421,162852.01198160223,-669131.9459899398,301.592064000886,706.9481240097067,0.913786768999103,386
141000,564.0000000012368,-831221.2287963759,163227.57553072268,-667993.6532656532,302.2875849500256,706.9481240097067,0.913786768999103,386
142000,568.0000000012559,-832977.2858974105,162613.1221843802,-670364.1637130303,301.149654563408,706.9481240097067,0.913786768999103,386
143000,572.000000001275,-831358.0223674458,162269.4433584204,-669088.5790090254,300.51318219064825,706.9481240097067,0.913786768999103,385
144000,576.0000000012941,-831333.8893887848,162682.75896220026,-668651.1304265845,301.27861765878254,706.9481240097067,0.913786768999103,385
145000,580.0000000013132,-832187.3716226481,162485.49842769798,-669701.8731949502,300.9133030948263,706.9481240097067,0.913786768999103,385
146000,584.0000000013323,-831114.5393087771,162864.74130025378,-668249.7980085233,301.6156379281512,706.9481240097067,0.913786768999103,385
147000,588.0000000013514,-833524.4677358354,161684.6979145356,-671839.7698212997,299.43026904029523,706.9481240097067,0.913786768999103,384
148000,592.0000000013705,-831196.5074635865,163063.27612811577,-668133.2313354707,301.98331240623946,706.9481240097067,0.913786768999103,384
149000,596.0000000013896,-831400.5099997064,162365.46805067488,-669035.0419490315,300.6910141055242,706.9481240097067,0.913786768999103,384
150000,600.0000000014087,-833447.7863143934,162072.7822368694,-671375.004077524,300.1489777031778,706.9481240097067,0.913786768999103,384
151000,604.0000000014278,-832751.4074606299,163236.2520217155,-669515.1554389144,302.30365328590284,706.9481240097067,0.913786768999103,383
152000,608.0000000014469,-832119.7675932031,163153.54596107174,-668966.2216321314,302.1504866702042,706.9481240097067,0.913786768999103,383
153000,612.000000001466,-832281.073036924,163621.76038346207,-668659.3126534619,303.017591425776,706.9481240097067,0.913786768999103,383
154000,616.0000000014851,-833357.8700701063,161351.54808963166,-672006.3219804747,298.81329573986307,706.9481240097067,0.913786768999103,383
155000,620.0000000015042,-833227.8677902827,162607.20627459371,-670620.661515689,301.13869865674627,706.9481240097067,0.913786768999103,382
156000,624.0000000015233,-831782.7521582227,162596.75123227225,-669186.0009259505,301.11933655151597,706.9481240097067,0.913786768999103,382
157000,628.0000000015424,-831789.9881047402,161897.46465724445,-669892.5234474957,299.82430016280637,706.9481240097067,0.913786768999103,382
158000,632.0000000015615,-832171.328797536,162209.59005618637,-669961.7387413497,300.4023374995795,706.9481240097067,0.913786768999103,382
159000,636.0000000015806,-833525.8733298685,162975.43776155947,-670550.435568309,301.8206410707992,706.9481240097067,0.913786768999103,381
160000,640.0000000015997,-832995.7727636555,163768.24780790557,-669227.52495575,303.28887726468287,706.9481240097067,0.913786768999103,381
161000,644.0000000016188,-832133.3165343115,162446.14622789726,-669687.1703064142,300.8404252039334,706.9481240097067,0.913786768999103,381
162000,648.0000000016379,-831715.209364838,162237.536151296,-669477.673213542,300.4540919753291,706.9481240097067,0.913786768999103,381
163000,652.000000001657,-831731.5663982518,162334.763349853,-669396.8030483988,300.63415085905444,706.9481240097067,0.913786768999103,381
164000,656.0000000016761,-831230.8180993842,163937.56608261156,-667293.2520167726,303.6024444556575,706.9481240097067,0.913786768999103,380
165000,660.0000000016952,-831967.6758565297,162747.14655751426,-669220.5292990154,301.3978595860422,706.9481240097067,0.913786768999103,380
166000,664.0000000017143,-832497.9900658131,162386.06153329476,-670111.9285325183,300.7291519882112,706.9481240097067,0.913786768999103,380
167000,668.0000000017334,-832355.7043813728,162025.10707667016,-670330.5973047026,300.06068619365885,706.9481240097067,0.913786768999103,380
168000,672.0000000017525,-833124.2822061591,162680.270771846,-670444.0114343131,301.2740096809293,706.9481240097067,0.913786768999103,380
169000,676.0000000017716,-833077.713577929,162704.04410440667,-670373.6694735223,301.31803645313744,706.9481240097067,0.913786768999103,379
170000,680.0000000017907,-833266.326348478,162039.60110698844,-671226.7252414895,300.0875282600613,706.9481240097067,0.913786768999103,379
171000,684.0000000018098,-832105.0575076863,162137.57805614034,-669967.479451546,300.268975636484,706.9481240097067,0.913786768999103,379
172000,688.0000000018289,-834253.3458793359,162870.8768268226,-671382.4690525132,301.627000551794,706.9481240097067,0.913786768999103,379
173000,692.000000001848,-832508.1567093646,162292.7609798512,-670215.3957295134,300.55636501344145,706.9481240097067,0.913786768999103,379
174000,696.0000000018671,-832496.976587004,162292.9881052408,-670203.9884817633,300.55678563590845,706.9481240097067,0.913786768999103,379
175000,700.0000000018862,-833912.7607868724,162627.76034803258,-671285.0004388398,301.17676355601657,706.9481240097067,0.913786768999103,378
176000,704.0000000019053,-831415.5255743861,162712.67729688273,-668702.8482775034,301.3340246027838,706.9481240097067,0.913786768999103,378
177000,708.0000000019244,-833070.8898257688,162722.83949250611,-670348.0503332627,301.3528443736638,706.9481240097067,0.913786768999103,378
178000,712.0000000019435,-833236.3659950141,162554.08923620812,-670682.276758806,301.0403291183819,706.9481240097067,0.913786768999103,378
179000,716.0000000019626,-830210.7814568821,162431.4330638554,-667779.3483930267,300.8131773151455,706.9481240097067,0.913786768999103,378
180000,720.0000000019817,-832934.7379355999,162667.67254588267,-670267.0653897172,301.25067852938383,706.9481240097067,0.913786768999103,378
181000,724.0000000020008,-833575.2305083238,162760.83208933737,-670814.3984189864,301.42320436219364,706.9481240097067,0.913786768999103,377
182000,728.0000000020199,-832022.3358833753,162305.27779697906,-669717.0580863962,300.5795454007537,706.9481240097067,0.913786768999103,377
183000,732.000000002039,-833912.8429923933,162083.82948817738,-671829.013504216,300.1694365435874,706.9481240097067,0.913786768999103,377
184000,736.0000000020581,-831785.7811216358,162498.57227191565,-669287.2088497202,300.9375150625757,706.9481240097067,0.913786768999103,377
185000,740.0000000020772,-833701.2553540505,162284.1894075704,-671417.0659464801,300.540490980665,706.9481240097067,0.913786768999103,377
186000,744.0000000020963,-831002.9867863106,161950.9630904923,-669052.0236958183,299.9233760213586,706.9481240097067,0.913786768999103,377
187000,748.0000000021154,-834704.8774930472,162058.94808113234,-672645.9294119148,300.12335768453835,706.9481240097067,0.913786768999103,377
188000,752.0000000021345,-832465.5640638182,161711.24894453393,-670754.3151192842,299.4794399399427,706.9481240097067,0.913786768999103,376
189000,756.0000000021536,-833500.4879606729,161750.46196492767,-671750.0259957453,299.5520600790025,706.9481240097067,0.913786768999103,376
190000,760.0000000021727,-832849.0828288877,162501.03483505154,-670348.0479938362,300.9420755803725,706.9481240097067,0.913786768999103,376
191000,764.0000000021918,-834199.9449514709,162932.47479306976,-671267.4701584012,301.74107625495964,706.9481240097067,0.913786768999103,376
192000,768.0000000022109,-832181.5814928822,163255.26821320824,-668926.3132796739,302.3388701209419,706.9481240097067,0.913786768999103,376
193000,772.00000000223,-834119.308363908,162900.9107654055,-671218.3975985025,301.68262158721797,706.9481240097067,0.913786768999103,376
194000,776.0000000022491,-833493.4659421695,162781.6946130048,-670711.7713291647,301.4618404926078,706.9481240097067,0.913786768999103,376
195000,780.0000000022682,-832332.3120823819,162861.34860765754,-669470.9634747244,301.60935486692176,706.9481240097067,0.913786768999103,375
196000,784.0000000022873,-832348.5747655202,163031.29143152002,-669317.2833340002,301.9240786851121,706.9481240097067,0.913786768999103,375
197000,788.0000000023064,-832648.7116657011,163271.46996779751,-669377.2416979036,302.36887478927576,706.9481240097067,0.913786768999103,375
198000,792.0000000023255,-831611.4306389671,162697.95627930557,-668913.4743596616,301.3067621697241,706.9481240097067,0.913786768999103,375
199000,796.0000000023446,-833737.2419424923,161183.75921500614,-672553.4827274862,298.5025609052181,706.9481240097067,0.913786768999103,375
200000,800.0000000023637,-832766.6106371265,162558.54593350424,-670208.0647036223,301.0485826518803,706.9481240097067,0.913786768999103,375
201000,804.0000000023828,-832852.1011982318,162117.02407605934,-670735.0771221725,300.23091091010684,706.9481240097067,0.913786768999103,375
202000,808.0000000024019,-832661.6426575063,162450.848788256,-670210.7938692502,300.8491340609345,706.9481240097067,0.913786768999103,374
203000,812.000000002421,-833574.526081711,164108.75479965445,-669465.7712820566,303.91947559256766,706.9481240097067,0.913786768999103,374
204000,816.0000000024401,-831952.4130806793,163484.72438100405,-668467.6886996753,302.7638090480157,706.9481240097067,0.913786768999103,374
205000,820.0000000024592,-832410.1140859649,162316.78759795212,-670093.3264880127,300.6008608551313,706.9481240097067,0.913786768999103,374
206000,824.0000000024783,-833592.0405305736,162618.01950200033,-670974.0210285733,301.1587240990628,706.9481240097067,0.913786768999103,374
207000,828.0000000024974,-831191.3815505048,162011.6515065988,-669179.730043906,300.03576729274533,706.9481240097067,0.913786768999103,374
208000,832.0000000025165,-833527.1776240738,163361.11725370586,-670166.060370368,302.5348961338093,706.9481240097067,0.913786768999103,374
209000,836.0000000025356,-831424.8960826844,162338.0744917367,-669086.8215909477,300.640282893303,706.9481240097067,0.913786768999103,374
210000,840.0000000025547,-830924.1740965554,163812.24804457102,-667111.9260519844,303.3703630383677,706.9481240097067,0.913786768999103,374
211000,844.0000000025738,-832542.8265442112,162517.68470092822,-670025.1418432831,300.97291012367344,706.9481240097067,0.913786768999103,373
212000,848.0000000025929,-833994.9784801332,162584.81820752932,-671410.1602726039,301.09723731234664,706.9481240097067,0.913786768999103,373
213000,852.000000002612,-832308.1343135722,162362.0453805182,-669946.088933054,300.6846755276682,706.9481240097067,0.913786768999103,373
214000,856.000000002631,-830817.8869886138,162465.1343168812,-668352.7526717326,300.875589994828,706.9481240097067,0.913786768999103,373
215000,860.0000000026502,-833404.9751969986,162149.23550792606,-671255.7396890725,300.29056453122513,706.9481240097067,0.913786768999103,373
216000,864.0000000026693,-831990.6838898743,161476.3373473502,-670514.346542524,299.04439788801903,706.9481240097067,0.913786768999103,373
217000,868.0000000026884,-833043.2899623802,162710.64959835832,-670332.6403640219,301.3302694279124,706.9481240097067,0.913786768999103,373
218000,872.0000000027075,-833485.9345471105,163511.28770230117,-669974.6468448093,302.81300271040425,706.9481240097067,0.913786768999103,373
219000,876.0000000027266,-833825.0607381342,161799.41210969712,-672025.6486284371,299.64271278273344,706.9481240097067,0.913786768999103,373
220000,880.0000000027457,-830973.4830482425,162970.66289160738,-668002.8201566351,301.81179830081027,706.9481240097067,0.913786768999103,372
221000,884.0000000027648,-832299.3528097421,162961.34471479512,-669338.008094947,301.79454160165534,706.9481240097067,0.913786768999103,372
222000,888.0000000027838,-832914.0320831258,163042.83394727664,-669871.1981358491,301.9454547252877,706.9481240097067,0.913786768999103,372
223000,892.000000002803,-832040.536112762,163082.63231602375,-668957.9037967382,302.0191588940496,706.9481240097067,0.913786768999103,372
224000,896.000000002822,-834292.5646272181,162288.8231140475,-672003.7415131705,300.549072324447,706.9481240097067,0.913786768999103,372
225000,900.0000000028411,-832838.2633352913,162228.08021421812,-670610.1831210732,300.436580152505,706.9481240097067,0.913786768999103,372
226000,904.0000000028602,-834435.142923153,162757.64395948488,-671677.4989636681,301.4173001387774,706.9481240097067,0.913786768999103,372
227000,908.0000000028793,-834226.1227700505,161622.8294676676,-672603.2933023829,299.31569242339987,706.9481240097067,0.913786768999103,372
228000,912.0000000028984,-833929.7247654283,162781.2644577651,-671148.4603076633,301.46104387115366,706.9481240097067,0.913786768999103,372
229000,916.0000000029175,-830951.1630569538,162164.2303289136,-668786.9327280403,300.31833403161954,706.9481240097067,0.913786768999103,372
230000,920.0000000029366,-833871.8293266455,162508.03734465904,-671363.7919819865,300.95504380409915,706.9481240097067,0.913786768999103,371
231000,924.0000000029557,-832338.884634356,162294.1921788979,-670044.6924554581,300.55901550740367,706.9481240097067,0.913786768999103,371
232000,928.0000000029748,-832460.7072393447,162719.63312397024,-669741.0741153745,301.34690637331045,706.9481240097067,0.913786768999103,371
233000,932.0000000029939,-831060.4749952462,162131.6651565121,-668928.8098387341,300.2580253044531,706.9481240097067,0.913786768999103,371
234000,936.000000003013,-832082.4981194548,163231.11805896618,-668851.3800604886,302.29414549779983,706.9481240097067,0.913786768999103,371
235000,940.0000000030321,-833620.3430410037,162317.45145324687,-671302.8915877568,300.60209027493465,706.9481240097067,0.913786768999103,371
236000,944.0000000030512,-833319.72276353,162410.48672671308,-670909.2360368168,300.77438596725153,706.9481240097067,0.913786768999103,371
237000,948.0000000030703,-831996.740574236,162352.3367977785,-669644.4037764575,300.6666958203784,706.9481240097067,0.913786768999103,371
238000,952.0000000030894,-831340.7868912062,162248.5765649645,-669092.2103262417,300.47453815284445,706.9481240097067,0.913786768999103,371
239000,956.0000000031085,-833301.0597938113,162882.02833331074,-670419.0314605006,301.64765246648363,706.9481240097067,0.913786768999103,371
240000,960.0000000031276,-832788.49399627,162171.89828508813,-670616.5957111819,300.33253462208944,706.9481240097067,0.913786768999103,371
241000,964.0000000031467,-831687.8225406101,160645.5576942109,-671042.2648463992,297.50584428176376,706.9481240097067,0.913786768999103,370
242000,968.0000000031658,-832039.6367940251,163620.64991814384,-668418.9868758812,303.01553491125554,706.9481240097067,0.913786768999103,370
243000,972.0000000031849,-831919.60332896,162013.85327772534,-669905.7500512346,300.03984483953417,706.9481240097067,0.913786768999103,370
244000,976.000000003204,-831002.5694345478,162931.2693141504,-668071.3001203974,301.7388437810039,706.9481240097067,0.913786768999103,370
245000,980.0000000032231,-832760.6592040248,162670.78983867157,-670089.8693653533,301.25645156684806,706.9481240097067,0.913786768999103,370
246000,984.0000000032422,-833423.7747808816,162617.27596321946,-670806.4988176621,301.15734711026874,706.9481240097067,0.913786768999103,370
247000,988.0000000032613,-831922.8971526837,161692.6984950833,-670230.1986576004,299.44508563096076,706.9481240097067,0.913786768999103,370
248000,992.0000000032804,-834359.7323551197,163476.92633307283,-670882.8060220468,302.7493675354907,706.9481240097067,0.913786768999103,370
249000,996.0000000032995,-834679.6048027696,163316.67652634575,-671362.9282764238,302.45259459803367,706.9481240097067,0.913786768999103,370
250000,1000.0000000033186,-834398.5540145878,162421.8379000707,-671976.7161145171,300.79540765289175,706.9481240097067,0.913786768999103,370
251000,1004.0000000033377,-834005.5179304807,163151.1515321224,-670854.3663983583,302.1460523327948,706.9481240097067,0.913786768999103,370
252000,1008.0000000033568,-832650.9260954671,163627.54820109333,-669023.3778943737,303.0283101135235,706.9481240097067,0.913786768999103,370
253000,1012.0000000033759,-833849.5248298077,162513.1974556333,-671336.3273741744,300.9646000171312,706.9481240097067,0.913786768999103,370
254000,1016.000000003395,-833424.4265675498,161643.2684064078,-671781.158161142,299.3535441001808,706.9481240097067,0.913786768999103,369
255000,1020.0000000034141,-833242.3538527833,161840.74258602253,-671401.6112667609,299.7192543219472,706.9481240097067,0.913786768999103,369
256000,1024.0000000034331,-832575.9264866179,162597.1666778485,-669978.7598087694,301.1201059315641,706.9481240097067,0.913786768999103,369
257000,1028.0000000033385,-831512.4133639568,161760.63265099187,-669751.780712965,299.5708955736647,706.9481240097067,0.913786768999103,369
258000,1032.000000003244,-832725.4370906418,164269.75602612935,-668455.6810645125,304.21764011389223,706.9481240097067,0.913786768999103,369
259000,1036.0000000031494,-831838.0201308727,162511.81866853847,-669326.2014623343,300.9620465869299,706.9481240097067,0.913786768999103,369
260000,1040.0000000030548,-832944.0494188983,161885.74490694783,-671058.3045119505,299.8025958949959,706.9481240097067,0.913786768999103,369
261000,1044.0000000029602,-832665.658634522,162346.68747352093,-670318.9711610011,300.656233613972,706.9481240097067,0.913786768999103,369
262000,1048.0000000028656,-830553.3392923847,162059.29121551543,-668494.0480768692,300.12399314863586,706.9481240097067,0.913786768999103,369
263000,1052.000000002771,-831108.1473908741,163512.8264251721,-667595.320965702,302.81585233197734,706.9481240097067,0.913786768999103,369
264000,1056.0000000026764,-831153.0037198551,163374.10111718773,-667778.9026026673,302.55894146268525,706.9481240097067,0.913786768999103,369
265000,1060.0000000025818,-830194.0263488106,163118.4600525903,-667075.5662962203,302.0855096924714,706.9481240097067,0.913786768999103,369
266000,1064.0000000024872,-831793.8897543913,162265.53622305518,-669528.3535313361,300.5059464125649,706.9481240097067,0.913786768999103,369
267000,1068.0000000023927,-831581.1762879658,162710.78208433714,-668870.3942036286,301.3305147839219,706.9481240097067,0.913786768999103,368
268000,1072.000000002298,-832894.5364605421,162130.02690673037,-670764.5095538117,300.25499136506846,706.9481240097067,0.913786768999103,368
269000,1076.0000000022035,-831780.9071399663,163043.2435968407,-668737.6635431256,301.9462133714723,706.9481240097067,0.913786768999103,368
270000,1080.000000002109,-832339.1940133013,161814.47007511492,-670524.7239381864,299.6705992227887,706.9481240097067,0.913786768999103,368
271000,1084.0000000020143,-829872.2887247689,162099.86979120283,-667772.4189335661,300.19914221340247,706.9481240097067,0.913786768999103,368
272000,1088.0000000019197,-830726.7500691842,161950.96008280883,-668775.7899863754,299.923370451311,706.9481240097067,0.913786768999103,368
273000,1092.0000000018251,-832458.669085593,163544.6693488538,-668913.9997367392,302.8748234982536,706.9481240097067,0.913786768999103,368
274000,1096.0000000017305,-831404.5336949574,162296.6022965413,-669107.931398416,300.56347889932437,706.9481240097067,0.913786768999103,368
275000,1100.000000001636,-831795.3976680469,163214.551424011,-668580.8462440359,302.2634650931252,706.9481240097067,0.913786768999103,368
276000,1104.0000000015414,-833256.2019647947,162865.78633717814,-670390.4156276165,301.6175732732485,706.9481240097067,0.913786768999103,368
277000,1108.0000000014468,-832072.0981682613,163245.54466885165,-668826.5534994097,302.3208627056436,706.9481240097067,0.913786768999103,368
278000,1112.0000000013522,-831933.2545253001,162736.87177179407,-669196.3827535061,301.3788313051213,706.9481240097067,0.913786768999103,368
279000,1116.0000000012576,-831500.685922388,162383.3575042229,-669117.3284181651,300.72414429012395,706.9481240097067,0.913786768999103,368
280000,1120.000000001163,-833716.2629103828,162211.13853144273,-671505.1243789401,300.4052051819799,706.9481240097067,0.913786768999103,368
281000,1124.0000000010684,-833421.2143328805,162757.46589822182,-670663.7484346586,301.41697038010153,706.9481240097067,0.913786768999103,368
282000,1128.0000000009738,-831428.604405676,161357.75698571117,-670070.8474199648,298.82479423939645,706.9481240097067,0.913786768999103,368
283000,1132.0000000008793,-832786.2776926663,162834.61210364255,-669951.6655890237,301.5598404806275,706.9481240097067,0.913786768999103,367
284000,1136.0000000007847,-832836.705776575,163094.11890820804,-669742.5868683669,302.040431367156,706.9481240097067,0.913786768999103,367
285000,1140.00000000069,-831764.7807172695,163299.1224676813,-668465.6582495882,302.42008554444703,706.9481240097067,0.913786768999103,367
286000,1144.0000000005955,-831747.3127030125,162223.5654814603,-669523.7472215522,300.4282191408462,706.9481240097067,0.913786768999103,367
287000,1148.000000000501,-831731.2606443297,162815.99383225734,-668915.2668120724,301.5253605695299,706.9481240097067,0.913786768999103,367
288000,1152.0000000004063,-832359.6392948078,161306.1060396877,-671053.53325512,298.72913981530144,706.9481240097067,0.913786768999103,367
289000,1156.0000000003117,-832345.8715697257,163449.6515294226,-668896.2200403031,302.698856250871,706.9481240097067,0.913786768999103,367
290000,1160.0000000002171,-832635.2612588014,162410.8600706634,-670224.401188138,300.77507737763807,706.9481240097067,0.913786768999103,367
291000,1164.0000000001226,-830939.1223864937,162524.68769175588,-668414.4346947379,300.98587923859066,706.9481240097067,0.913786768999103,367
292000,1168.000000000028,-833001.6106072515,161048.28246484647,-671953.328142405,298.2516661682872,706.9481240097067,0.913786768999103,367
293000,1171.9999999999334,-833143.9449288752,161922.169116184,-671221.7758126912,299.87005132467993,706.9481240097067,0.913786768999103,367
294000,1175.9999999998388,-832523.8433565218,162470.2422460757,-670053.601110446,300.8850495703641,706.9481240097067,0.913786768999103,367
295000,1179.9999999997442,-831864.78150615,163411.51311866142,-668453.2683874886,302.62822622377325,706.9481240097067,0.913786768999103,367
296000,1183.9999999996496,-832750.7882630574,162070.09642205667,-670680.6918410007,300.14400373679547,706.9481240097067,0.913786768999103,367
297000,1187.999999999555,-831320.1582171153,162749.30735142337,-668570.8508656919,301.4018612455059,706.9481240097067,0.913786768999103,367
298000,1191.9999999994604,-833450.6387619022,161804.1793587724,-671646.4594031298,299.65154143932006,706.9481240097067,0.913786768999103,367
299000,1195.9999999993659,-832632.6945724506,162220.36534300135,-670412.3292294493,300.422292678218,706.9481240097067,0.913786768999103,367
300000,1199.9999999992713,-833008.9154058229,162161.10112379678,-670847.8142820261,300.3125389332454,706.9481240097067,0.913786768999103,366
301000,1203.9999999991767,-832411.3168882793,162972.6344592562,-669438.6824290231,301.8154495246993,706.9481240097067,0.913786768999103,366
302000,1207.999999999082,-833251.0844255416,162139.806420866,-671111.2780046756,300.2731024330079,706.9481240097067,0.913786768999103,366
303000,1211.9999999989875,-832073.9348633206,163008.42911832238,-669065.5057449981,301.88173906559365,706.9481240097067,0.913786768999103,366
304000,1215.999999998893,-832214.1941951532,163128.26785547682,-669085.9263396764,302.1036731494645,706.9481240097067,0.913786768999103,366
305000,1219.9999999987983,-833302.3561151512,162093.1524032342,-671209.2037119169,300.1867020176843,706.9481240097067,0.913786768999103,366
306000,1223.9999999987037,-833533.6483898666,162554.6344706593,-670979.0139192073,301.04133885956657,706.9481240097067,0.913786768999103,366
307000,1227.9999999986092,-832955.8248374732,161577.2995241949,-671378.5253132783,299.23137372534586,706.9481240097067,0.913786768999103,366
308000,1231.9999999985146,-833048.6481084898,162925.65566031396,-670122.9924481758,301.7284476340572,706.9481240097067,0.913786768999103,366
309000,1235.99999999842,-832422.9385895217,163061.6356409437,-669361.302948578,301.9802743233434,706.9481240097067,0.913786768999103,366
310000,1239.9999999983254,-833674.3095241627,161780.37624003465,-671893.9332841281,299.60745950491577,706.9481240097067,0.913786768999103,366
311000,1243.9999999982308,-834116.7881379593,162687.80351600528,-671428.984621954,301.28795986693524,706.9481240097067,0.913786768999103,366
312000,1247.9999999981362,-831829.9182772003,162147.72393166504,-669682.1943455352,300.2877651835296,706.9481240097067,0.913786768999103,366
313000,1251.9999999980416,-831827.7505912827,161501.93558148737,-670325.8150097954,299.0918042674323,706.9481240097067,0.913786768999103,366
314000,1255.999999997947,-832580.8654595222,161911.51264718355,-670669.3528123386,299.8503161894384,706.9481240097067,0.913786768999103,366
315000,1259.9999999978525,-832915.3011798998,162182.52451336588,-670732.7766665339,300.3522137533438,706.9481240097067,0.913786768999103,366
316000,1263.9999999977579,-834443.9447131362,162681.04924945685,-671762.8954636793,301.2754513743206,706.9481240097067,0.913786768999103,366
317000,1267.9999999976633,-834034.2257566666,163798.14784937457,-670236.077907292,303.3442503307606,706.9481240097067,0.913786768999103,366
318000,1271.9999999975687,-833877.7189646987,163048.73291986762,-670828.9860448311,301.95637926528906,706.9481240097067,0.913786768999103,366
319000,1275.999999997474,-833196.3049974358,163672.98509782652,-669523.3198996093,303.1124564946508,706.9481240097067,0.913786768999103,365
320000,1279.9999999973795,-832210.276544393,162347.59306073462,-669862.6834836584,300.6579107066501,706.9481240097067,0.913786768999103,365
321000,1283.999999997285,-832544.6380919609,162449.98355886302,-670094.6545330979,300.8475317084963,706.9481240097067,0.913786768999103,365
322000,1287.9999999971903,-833755.0732318144,162765.63727311988,-670989.4359586946,301.4321032715607,706.9481240097067,0.913786768999103,365
323000,1291.9999999970958,-832892.8222399242,163176.79148025275,-669716.0307596715,302.19353596399725,706.9481240097067,0.913786768999103,365
324000,1295.9999999970012,-834212.6742949197,162870.45395470443,-671342.2203402153,301.62621741823995,706.9481240097067,0.913786768999103,365
325000,1299.9999999969066,-833674.9318456454,162310.1145999455,-671364.8172456999,300.58850286693456,706.9481240097067,0.913786768999103,365
326000,1303.999999996812,-832801.2869411362,162205.8828928399,-670595.4040482964,300.39547205756475,706.9481240097067,0.913786768999103,365
327000,1307.9999999967174,-833358.3386885934,162783.61726592542,-670574.721422668,301.4654011293824,706.9481240097067,0.913786768999103,365
328000,1311.9999999966228,-832290.3863868313,162847.9924135941,-669442.3939732371,301.5846200043568,706.9481240097067,0.913786768999103,365
329000,1315.9999999965282,-833450.0625355514,162420.93798307393,-671029.1245524774,300.79374106111203,706.9481240097067,0.913786768999103,365
330000,1319.9999999964336,-832786.8036715463,162012.9282454718,-670773.8754260745,300.03813173581983,706.9481240097067,0.913786768999103,365
331000,1323.999999996339,-831708.4094471745,161196.0279002994,-670512.3815468751,298.5252817673994,706.9481240097067,0.913786768999103,365
332000,1327.9999999962445,-834138.3958649272,163193.9526788222,-670944.443186105,302.22531746447925,706.9481240097067,0.913786768999103,365
333000,1331.9999999961499,-831291.2840005197,162902.13768144883,-668389.1463190708,301.6848937614292,706.9481240097067,0.913786768999103,365
334000,1335.9999999960553,-832624.1913619367,163166.48671740643,-669457.7046445303,302.17445216725406,706.9481240097067,0.913786768999103,365
335000,1339.9999999959607,-831970.3795201061,162854.01867618872,-669116.3608439174,301.5957802777363,706.9481240097067,0.913786768999103,365
336000,1343.9999999958661,-832464.1992524443,162014.73477456585,-670449.4644778785,300.04147731830005,706.9481240097067,0.913786768999103,365
337000,1347.9999999957715,-832453.4989306312,162781.21566706992,-669672.2832635613,301.46095351374095,706.9481240097067,0.913786768999103,365
338000,1351.999999995677,-834042.9818722606,161112.76654494938,-672930.2153273112,298.37108677953296,706.9481240097067,0.913786768999103,365
339000,1355.9999999955824,-831873.9309847634,162456.27819789923,-669417.6527868642,300.859188998793,706.9481240097067,0.913786768999103,365
340000,1359.9999999954878,-832708.4323011786,162634.7227207597,-670073.7095804189,301.18965744867137,706.9481240097067,0.913786768999103,365
341000,1363.9999999953932,-831547.3976419894,163033.47921504188,-668513.9184269476,301.9281303277041,706.9481240097067,0.913786768999103,364
342000,1367.9999999952986,-831971.7131877262,162691.8568361831,-669279.8563515431,301.29546637043876,706.9481240097067,0.913786768999103,364
343000,1371.999999995204,-832440.158761479,162341.1542150461,-670099.0045464329,300.6459863543663,706.9481240097067,0.913786768999103,364
344000,1375.9999999951094,-831056.4340799106,163301.60892755477,-667754.8251523558,302.4246903175546,706.9481240097067,0.913786768999103,364
345000,1379.9999999950148,-831691.1069833729,163259.05053906888,-668432.0564443041,302.3458747593811,706.9481240097067,0.913786768999103,364
346000,1383.9999999949202,-832450.5842075059,162214.38131706964,-670236.2028904363,300.41121062458035,706.9481240097067,0.913786768999103,364
347000,1387.9999999948257,-833658.2385967225,162457.97688956687,-671200.2617071556,300.8623348728901,706.9481240097067,0.913786768999103,364
348000,1391.999999994731,-833595.4081490058,162686.33577122446,-670909.0723777814,301.28524169248664,706.9481240097067,0.913786768999103,364
349000,1395.9999999946365,-832490.0637852587,162985.2666749371,-669504.7971103216,301.83884362314336,706.9481240097067,0.913786768999103,364
350000,1399.999999994542,-832548.6155735934,161720.0517638807,-670828.5638097127,299.49574222828124,706.9481240097067,0.913786768999103,364
351000,1403.9999999944473,-833699.7159143016,162756.78002971757,-670942.935884584,301.4157001931673,706.9481240097067,0.913786768999103,364
352000,1407.9999999943527,-832975.6976986052,161878.46278071677,-671097.2349178884,299.7891098382157,706.9481240097067,0.913786768999103,364
353000,1411.9999999942581,-833055.0516388733,162689.21413472993,-670365.8375041434,301.2905722473874,706.9481240097067,0.913786768999103,364
354000,1415.9999999941635,-832652.2611540416,162670.58406964742,-669981.6770843943,301.25607049507653,706.9481240097067,0.913786768999103,364
355000,1419.999999994069,-834063.8857560419,163075.00281498424,-670988.8829410577,302.00502952016103,706.9481240097067,0.913786768999103,364
356000,1423.9999999939744,-832010.9903731672,162878.30706383535,-669132.6833093319,301.64076090077236,706.9481240097067,0.913786768999103,364
357000,1427.9999999938798,-831646.6809588978,164061.23075971607,-667585.4501991817,303.83146394862,706.9481240097067,0.913786768999103,364
358000,1431.9999999937852,-832936.5484926151,161713.42324482632,-671223.1252477888,299.4834666124104,706.9481240097067,0.913786768999103,364
359000,1435.9999999936906,-832192.5962699,162031.0166778607,-670161.5795920393,300.0716304171829,706.9481240097067,0.913786768999103,364
360000,1439.999999993596,-833792.6093327021,162434.92275985843,-671357.6865728437,300.81964002080986,706.9481240097067,0.913786768999103,364
361000,1443.9999999935014,-831800.6722544767,162241.45896934601,-669559.2132851307,300.46135679679503,706.9481240097067,0.913786768999103,364
362000,1447.9999999934068,-831809.04410973,163440.33458227676,-668368.7095274533,302.68160182898384,706.9481240097067,0.913786768999103,364
363000,1451.9999999933123,-833387.8956699697,162632.8048526204,-670755.0908173493,301.186105673022,706.9481240097067,0.913786768999103,364
364000,1455.9999999932177,-832667.0081951553,162821.07963961715,-669845.9285555382,301.5347791767678,706.9481240097067,0.913786768999103,364
365000,1459.999999993123,-831269.1632158374,161939.3888559762,-669329.7743598613,299.9019412399613,706.9481240097067,0.913786768999103,364
366000,1463.9999999930285,-832041.6454262193,162922.5094576741,-669119.1359685452,301.72262105729976,706.9481240097067,0.913786768999103,364
367000,1467.999999992934,-832256.9240163602,162793.80157746887,-669463.1224388913,301.48426185760707,706.9481240097067,0.913786768999103,363
368000,1471.9999999928393,-832134.5065467535,162971.6295348655,-669162.877011888,301.81358846558516,706.9481240097067,0.913786768999103,363
369000,1475.9999999927447,-830026.4042827673,162301.36513156642,-667725.0391512009,300.57229938135737,706.9481240097067,0.913786768999103,363
370000,1479.9999999926501,-832035.1060362151,162517.1933429231,-669517.912693292,300.97200015840417,706.9481240097067,0.913786768999103,363
371000,1483.9999999925556,-832062.1411554711,163507.05979268876,-668555.0813627823,302.8051728778409,706.9481240097067,0.913786768999103,363
372000,1487.999999992461,-832183.5160842566,163226.75353737222,-668956.7625468844,302.2860626681198,706.9481240097067,0.913786768999103,363
373000,1491.9999999923664,-832678.6079553552,162167.1378926708,-670511.4700626844,300.3237186636182,706.9481240097067,0.913786768999103,363
374000,1495.9999999922718,-831696.4402550496,162893.16986890405,-668803.2703861456,301.66828591567986,706.9481240097067,0.913786768999103,363
375000,1499.9999999921772,-832253.7366313087,162164.62641562417,-670089.1102156845,300.3190675602208,706.9481240097067,0.913786768999103,363
376000,1503.9999999920826,-831843.726012528,163033.34094202076,-668810.3850705072,301.92787425444266,706.9481240097067,0.913786768999103,363
377000,1507.999999991988,-831658.188695183,161226.16610629173,-670432.0225888913,298.58109589975123,706.9481240097067,0.913786768999103,363
378000,1511.9999999918934,-832519.3762141736,163448.90795083856,-669070.4682633351,302.6974791883639,706.9481240097067,0.913786768999103,363
379000,1515.9999999917989,-830911.3798421966,162564.82718640042,-668346.5526557962,301.0602151518563,706.9481240097067,0.913786768999103,363
380000,1519.9999999917043,-832290.85856432,163359.68480966485,-668931.1737546552,302.532243334193,706.9481240097067,0.913786768999103,363
381000,1523.9999999916097,-833649.9586520148,163025.59596332733,-670624.3626886875,301.9135310229322,706.9481240097067,0.913786768999103,363
382000,1527.999999991515,-832755.7714371737,162110.44527025247,-670645.3261669213,300.21872736015973,706.9481240097067,0.913786768999103,363
383000,1531.9999999914205,-832604.1118131187,162440.85959995154,-670163.2522131671,300.83063468913195,706.9481240097067,0.913786768999103,363
384000,1535.999999991326,-833141.1780159045,163417.17133233574,-669724.0066835687,302.6387048928412,706.9481240097067,0.913786768999103,363
385000,1539.9999999912313,-830785.7835190371,162952.45785528814,-667833.3256637489,301.77808367602967,706.9481240097067,0.913786768999103,363
386000,1543.9999999911367,-830573.8276303392,162010.45892300108,-668563.3687073381,300.0335587001443,706.9481240097067,0.913786768999103,363
387000,1547.9999999910422,-831834.7287107464,163448.97451934806,-668385.7541913984,302.6976024692122,706.9481240097067,0.913786768999103,363
388000,1551.9999999909476,-831477.3399228957,161435.20880529992,-670042.1311175957,298.9682303188539,706.9481240097067,0.913786768999103,363
389000,1555.999999990853,-833061.421473193,163217.7712418944,-669843.6502312985,302.2694280008556,706.9481240097067,0.913786768999103,363
390000,1559.9999999907584,-831171.6653487794,163101.69034363562,-668069.9750051438,302.0544532070477,706.9481240097067,0.913786768999103,363
391000,1563.9999999906638,-832207.6815392124,161902.0686986458,-670305.6128405666,299.83282656866453,706.9481240097067,0.913786768999103,363
392000,1567.9999999905692,-832640.450094753,162207.1135467238,-670433.3365480292,300.3977511540303,706.9481240097067,0.913786768999103,363
393000,1571.9999999904746,-833030.3589574955,162141.1085890117,-670889.2503684838,300.27551396955556,706.9481240097067,0.913786768999103,363
394000,1575.99999999038,-832752.0301659964,161458.32521183655,-671293.7049541599,299.0110405038484,706.9481240097067,0.913786768999103,363
395000,1579.9999999902855,-833245.84448676,161801.51769768563,-671444.3267890743,299.6466122041754,706.9481240097067,0.913786768999103,363
396000,1583.9999999901909,-831297.3230516249,161775.6597321235,-669521.6633195014,299.5987248178923,706.9481240097067,0.913786768999103,363
397000,1587.9999999900963,-833739.3935431922,162249.18147859187,-671490.2120646003,300.4756584162493,706.9481240097067,0.913786768999103,363
398000,1591.9999999900017,-831685.3393073808,163215.11297875468,-668470.2263286262,302.2645050585032,706.9481240097067,0.913786768999103,362
399000,1595.999999989907,-832071.5850111274,163966.8152995656,-668104.7697115617,303.65661223414696,706.9481240097067,0.913786768999103,362
400000,1599.9999999898125,-831559.1024483368,162889.46380095452,-668669.6386473823,301.6614225022739,706.9481240097067,0.913786768999103,362
401000,1603.999999989718,-833476.5089106597,163007.65891383745,-670468.8499968222,301.8803126935305,706.9481240097067,0.913786768999103,362
402000,1607.9999999896233,-831884.5118771642,162080.7075411912,-669803.804335973,300.16365488683164,706.9481240097067,0.913786768999103,362
403000,1611.9999999895288,-832408.0184826748,162877.5932440891,-669530.4252385858,301.6394389498307,706.9481240097067,0.913786768999103,362
404000,1615.9999999894342,-832721.2079067472,162213.26575039123,-670507.9421563561,300.4091446626498,706.9481240097067,0.913786768999103,362
405000,1619.9999999893396,-831937.7428301023,162709.08128951697,-669228.6615405853,301.32736501491377,706.9481240097067,0.913786768999103,362
406000,1623.999999989245,-831941.6380037125,162125.04273090232,-669816.5952728102,300.2457609732726,706.9481240097067,0.913786768999103,362
407000,1627.9999999891504,-832868.6295406353,162646.53267454164,-670222.0968660936,301.2115287678741,706.9481240097067,0.913786768999103,362
408000,1631.9999999890558,-831616.49160932,162876.09501016635,-668740.3965991538,301.63666431133754,706.9481240097067,0.913786768999103,362
409000,1635.9999999889612,-831824.4978868794,162160.23441528028,-669664.2634715991,300.31093384156003,706.9481240097067,0.913786768999103,362
410000,1639.9999999888666,-831428.4487411827,163657.20514800912,-667771.2435931736,303.0832329832103,706.9481240097067,0.913786768999103,362
411000,1643.999999988772,-832295.1465779655,163012.14865363028,-669282.9979243352,301.8886274197318,706.9481240097067,0.913786768999103,362
412000,1647.9999999886775,-832844.0936219487,161624.76600961597,-671219.3276123328,299.31927878181284,706.9481240097067,0.913786768999103,362
413000,1651.9999999885829,-832441.8317000335,163297.0366278874,-669144.7950721461,302.41622269546554,706.9481240097067,0.913786768999103,362
414000,1655.9999999884883,-830805.461194084,162786.75068769883,-668018.7105063852,301.47120403674927,706.9481240097067,0.913786768999103,362
415000,1659.9999999883937,-831549.5244538356,163418.17290327128,-668131.3515505643,302.64055974155946,706.9481240097067,0.913786768999103,362
416000,1663.9999999882991,-834785.3585389331,162107.92329931713,-672677.435239616,300.2140568227161,706.9481240097067,0.913786768999103,362
417000,1667.9999999882045,-833446.6345517002,163020.90364155165,-670425.7309101486,301.904841127167,706.9481240097067,0.913786768999103,362
418000,1671.99999998811,-830752.2183637302,163622.8059563439,-667129.4124073863,303.0195277634341,706.9481240097067,0.913786768999103,362
419000,1675.9999999880154,-832677.6536225788,162670.39513807185,-670007.258484507,301.2557206052401,706.9481240097067,0.913786768999103,362
420000,1679.9999999879208,-832831.816945795,163267.36879426206,-669564.4481515329,302.361279664252,706.9481240097067,0.913786768999103,362
421000,1683.9999999878262,-833582.0897494759,161489.99514985218,-672092.0945996237,299.069691311147,706.9481240097067,0.913786768999103,362
422000,1687.9999999877316,-834222.6487642284,161842.49018962163,-672380.1585746068,299.7224907779792,706.9481240097067,0.913786768999103,362
423000,1691.999999987637,-832502.1615018416,163191.00153880654,-669311.159963035,302.2198521318889,706.9481240097067,0.913786768999103,362
424000,1695.9999999875424,-832521.8185028462,163053.0325987002,-669468.785904146,301.96434201010186,706.9481240097067,0.913786768999103,362
425000,1699.9999999874478,-833026.8169894852,163916.26196552836,-669110.5550239568,303.5629905209799,706.9481240097067,0.913786768999103,362
426000,1703.9999999873532,-832238.7851583026,162063.53189490255,-670175.2532634,300.1318466300486,706.9481240097067,0.913786768999103,362
427000,1707.9999999872587,-831785.5476543857,161717.4180032956,-670068.1296510901,299.49086466317607,706.9481240097067,0.913786768999103,362
428000,1711.999999987164,-832429.8433145229,162294.27996606915,-670135.5633484537,300.55917808392843,706.9481240097067,0.913786768999103,362
429000,1715.9999999870695,-832018.945500901,163439.23834954994,-668579.707151351,302.67957167236074,706.9481240097067,0.913786768999103,362
430000,1719.999999986975,-832299.7570280042,162907.9481218393,-669391.8089061648,301.6956543451566,706.9481240097067,0.913786768999103,362
431000,1723.9999999868803,-832998.6938257478,162330.12925184445,-670668.5645739033,300.62556879017995,706.9481240097067,0.913786768999103,362
432000,1727.9999999867857,-832711.5177791147,162230.6369253305,-670480.8808537842,300.4413150266527,706.9481240097067,0.913786768999103,362
433000,1731.9999999866911,-833018.2823820505,161999.9930747141,-671018.2893073364,300.0141765829203,706.9481240097067,0.913786768999103,361
434000,1735.9999999865965,-831418.2046221364,162283.37580416264,-669134.8288179738,300.53898423642505,706.9481240097067,0.913786768999103,361
435000,1739.999999986502,-831087.8816400766,162731.23730219953,-668356.6443378772,301.36839660865127,706.9481240097067,0.913786768999103,361
436000,1743.9999999864074,-832302.9114212934,163159.38912719948,-669143.5222940939,302.16130786001526,706.9481240097067,0.913786768999103,361
437000,1747.9999999863128,-832650.4629371613,162779.5269109073,-669870.936026254,301.45782603959753,706.9481240097067,0.913786768999103,361
438000,1751.9999999862182,-834313.9120878838,163706.97129775645,-670606.9407901274,303.17539687874364,706.9481240097067,0.913786768999103,361
439000,1755.9999999861236,-832988.1579909474,162315.42335376423,-670672.7346371831,300.59833435751295,706.9481240097067,0.913786768999103,361
440000,1759.999999986029,-832382.3894380126,162554.3432855502,-669828.0461524625,301.0407996023784,706.9481240097067,0.913786768999103,361
441000,1763.9999999859344,-830949.317254927,162636.4683301102,-668312.8489248168,301.1928902114758,706.9481240097067,0.913786768999103,361
442000,1767.9999999858398,-831356.2467966462,163490.49744110863,-667865.7493555376,302.7745004057174,706.9481240097067,0.913786768999103,361
443000,1771.9999999857453,-832455.0925235478,163694.97714992578,-668760.115373622,303.15318444331734,706.9481240097067,0.913786768999103,361
444000,1775.9999999856507,-832868.7893902985,161654.8422324306,-671213.947157868,299.37497812507326,706.9481240097067,0.913786768999103,361
445000,1779.999999985556,-830814.9053176418,161984.26119530862,-668830.6441223331,299.9850420949715,706.9481240097067,0.913786768999103,361
446000,1783.9999999854615,-831978.1180285653,162359.52041827742,-669618.5976102878,300.679999450508,706.9481240097067,0.913786768999103,361
447000,1787.999999985367,-831776.768903818,163474.72221569082,-668302.0466881271,302.7452856435788,706.9481240097067,0.913786768999103,361
448000,1791.9999999852723,-833226.713971098,162623.07719451375,-670603.6367765842,301.16809063930776,706.9481240097067,0.913786768999103,361
449000,1795.9999999851777,-832296.0586022306,161756.17368076017,-670539.8849214704,299.56263783082727,706.9481240097067,0.913786768999103,361
450000,1799.9999999850832,-833270.2884492902,162919.62179979048,-670350.6666494997,301.7172732897735,706.9481240097067,0.913786768999103,361
451000,1803.9999999849886,-832187.3710178463,163303.46323541168,-668883.9077824346,302.4281243834102,706.9481240097067,0.913786768999103,361
452000,1807.999999984894,-833426.0313441604,161664.87352721294,-671761.1578169474,299.3935554755229,706.9481240097067,0.913786768999103,361
453000,1811.9999999847994,-832354.5346412528,161912.8688142805,-670441.6658269723,299.85282772877355,706.9481240097067,0.913786768999103,361
454000,1815.9999999847048,-833186.3050790988,162748.11094139356,-670438.1941377053,301.3996455665844,706.9481240097067,0.913786768999103,361
455000,1819.9999999846102,-833012.0905430587,163021.60209279813,-669990.4884502606,301.9061346165778,706.9481240097067,0.913786768999103,361
456000,1823.9999999845156,-832535.3109211931,161814.00951393053,-670721.3014072626,299.6697462913665,706.9481240097067,0.913786768999103,361
457000,1827.999999984421,-833263.0778441457,162758.84529097355,-670504.2325531722,301.4195249319428,706.9481240097067,0.913786768999103,361
458000,1831.9999999843265,-832852.2231814666,162858.18767827857,-669994.035503188,301.6035010171353,706.9481240097067,0.913786768999103,361
459000,1835.9999999842319,-832137.9466801072,163618.03082068672,-668519.9158594204,303.01068450137547,706.9481240097067,0.913786768999103,361
460000,1839.9999999841373,-833350.081852424,162159.80686629686,-671190.2749861272,300.3101420467347,706.9481240097067,0.913786768999103,361
461000,1843.9999999840427,-833272.7767684394,161809.1617867574,-671463.614981682,299.6607685942164,706.9481240097067,0.913786768999103,361
462000,1847.999999983948,-834173.0877333088,162184.26039823226,-671988.8273350765,300.35542850699255,706.9481240097067,0.913786768999103,361
463000,1851.9999999838535,-832220.5463030254,163536.87666784378,-668683.6696351817,302.8603919249416,706.9481240097067,0.913786768999103,361
464000,1855.999999983759,-832519.6960993409,162721.48954982054,-669798.2065495204,301.35034436156155,706.9481240097067,0.913786768999103,361
465000,1859.9999999836643,-833173.1735750716,162162.1359135275,-671011.037661544,300.3144553011607,706.9481240097067,0.913786768999103,361
466000,1863.9999999835698,-831327.3183244467,161989.1467949421,-669338.1715295046,299.9940899296247,706.9481240097067,0.913786768999103,361
467000,1867.9999999834752,-831607.7460575346,162428.35090124584,-669179.3951562888,300.8074693366459,706.9481240097067,0.913786768999103,361
468000,1871.9999999833806,-832267.6252840711,162871.9651823878,-669395.6601016833,301.62901612039076,706.9481240097067,0.913786768999103,361
469000,1875.999999983286,-831479.0326117855,161792.55223042384,-669686.4803813617,299.63000870174824,706.9481240097067,0.913786768999103,361
470000,1879.9999999831914,-832674.2866502069,162349.34761482239,-670324.9390353845,300.6611600345662,706.9481240097067,0.913786768999103,361
471000,1883.9999999830968,-833388.7546933712,162835.0349169079,-670553.7197764633,301.5606235051897,706.9481240097067,0.913786768999103,361
472000,1887.9999999830022,-832187.2495388724,163283.76098322903,-668903.4885556434,302.3916370055208,706.9481240097067,0.913786768999103,361
473000,1891.9999999829076,-833129.6170308786,162921.47537178895,-670208.1416590896,301.7207059928638,706.9481240097067,0.913786768999103,361
474000,1895.999999982813,-833799.3321327455,162217.62566285074,-671581.7064698949,300.4172189564919,706.9481240097067,0.913786768999103,361
475000,1899.9999999827185,-833199.7347604036,162377.89710237342,-670821.8376580302,300.7140319565764,706.9481240097067,0.913786768999103,361
476000,1903.9999999826239,-833606.7326766727,162746.62126677408,-670860.1114098986,301.39688677940256,706.9481240097067,0.913786768999103,360
477000,1907.9999999825293,-833579.4166957205,161618.1287484855,-671961.287947235,299.3069869761465,706.9481240097067,0.913786768999103,360
478000,1911.9999999824347,-833488.43809311,161531.20910097775,-671957.2289921322,299.14601705274725,706.9481240097067,0.913786768999103,360
479000,1915.9999999823401,-833338.6242838167,162486.55416760594,-670852.0701162107,300.915258261201,706.9481240097067,0.913786768999103,360
480000,1919.9999999822455,-831017.3159614177,162885.6626810485,-668131.6532803692,301.65438305840075,706.9481240097067,0.913786768999103,360
481000,1923.999999982151,-830695.5821481412,162142.90264233673,-668552.6795058046,300.278836447667,706.9481240097067,0.913786768999103,360
482000,1927.9999999820564,-832035.808900102,162055.53348934636,-669980.2754107557,300.1170340673356,706.9481240097067,0.913786768999103,360
483000,1931.9999999819618,-831980.933226183,163149.90750591102,-668831.025720272,302.14374847158854,706.9481240097067,0.913786768999103,360
484000,1935.9999999818672,-834004.9198293481,163463.91648256907,-670541.003346779,302.725274080224,706.9481240097067,0.913786768999103,360
485000,1939.9999999817726,-831616.6036446681,162181.53506832957,-669435.0685763386,300.35038136105663,706.9481240097067,0.913786768999103,360
486000,1943.999999981678,-833783.6761983503,161390.3875580337,-672393.2886403166,298.8852240832561,706.9481240097067,0.913786768999103,360
487000,1947.9999999815834,-832005.6320834039,162792.87046901917,-669212.7616143847,301.4825375011454,706.9481240097067,0.913786768999103,360
488000,1951.9999999814888,-831721.8568773707,161861.25327310583,-669860.6036042649,299.7572388723144,706.9481240097067,0.913786768999103,360
489000,1955.9999999813942,-830930.0568855479,162948.11096384324,-667981.9459217046,301.770033496318,706.9481240097067,0.913786768999103,360
490000,1959.9999999812997,-832205.1157442611,162893.17399412283,-669311.9417501383,301.66829355533525,706.9481240097067,0.913786768999103,360
491000,1963.999999981205,-833242.0871279268,161154.1039951566,-672087.9831327702,298.4476412339534,706.9481240097067,0.913786768999103,360
492000,1967.9999999811105,-831751.3151484579,161988.78192468296,-669762.533223775,299.99341421200097,706.9481240097067,0.913786768999103,360
493000,1971.999999981016,-833084.9828113513,161832.98793404514,-671251.9948773062,299.7048931761006,706.9481240097067,0.913786768999103,360
494000,1975.9999999809213,-832138.1583870817,161981.2363313298,-670156.9220557519,299.97944023006613,706.9481240097067,0.913786768999103,360
495000,1979.9999999808267,-833311.849912486,162981.5487391824,-670330.3011733036,301.8319582312809,706.9481240097067,0.913786768999103,360
496000,1983.9999999807321,-832710.3631805452,161497.25590398652,-671213.1072765586,299.08313778809827,706.9481240097067,0.913786768999103,360
497000,1987.9999999806375,-832719.9606546778,163147.34108545596,-669572.6195692219,302.13899561632616,706.9481240097067,0.913786768999103,360
498000,1991.999999980543,-832663.8509471044,163472.41860248137,-669191.432344623,302.7410194914199,706.9481240097067,0.913786768999103,360
499000,1995.9999999804484,-832515.4856429901,163385.92726839695,-669129.5583745932,302.5808427785424,706.9481240097067,0.913786768999103,360
500000,1999.9999999803538,-832958.4769048719,162048.46619353734,-670910.0107113345,300.1039458634872,706.9481240097067,0.913786768999103,360
501000,2003.9999999802592,-833436.3072718531,161621.98941105406,-671814.317860799,299.3141366894248,706.9481240097067,0.913786768999103,360
502000,2007.9999999801646,-832095.8870859239,162860.83254743298,-669235.054538491,301.60839915463805,706.9481240097067,0.913786768999103,360
503000,2011.99999998007,-832419.5600026874,162340.9562461084,-670078.603756579,300.64561972788255,706.9481240097067,0.913786768999103,360
504000,2015.9999999799754,-831767.3173106974,162010.34578356356,-669756.9715271338,300.03334917275765,706.9481240097067,0.913786768999103,360
505000,2019.9999999798808,-832647.0659745391,163580.45650000736,-669066.6094745318,302.94109913494844,706.9481240097067,0.913786768999103,360
506000,2023.9999999797863,-833097.7834462523,163025.8742018462,-670071.9092444062,301.9140463038193,706.9481240097067,0.913786768999103,360
507000,2027.9999999796917,-832273.3797624586,162133.71745605284,-670139.6623064058,300.26182603891687,706.9481240097067,0.913786768999103,360
508000,2031.999999979597,-830954.0638614232,162480.56514342793,-668473.4987179952,300.90416695111395,706.9481240097067,0.913786768999103,360
509000,2035.9999999795025,-830135.9138922701,162448.73034004943,-667687.1835522207,300.84521082314745,706.9481240097067,0.913786768999103,360
510000,2039.999999979408,-831914.9385384489,161636.46698219032,-670278.4715562586,299.3409482744189,706.9481240097067,0.913786768999103,360
511000,2043.9999999793133,-833007.3276792383,162180.68920949835,-670826.6384697399,300.34881488172573,706.9481240097067,0.913786768999103,360
512000,2047.9999999792187,-832397.0516959075,162858.795333777,-669538.2563621305,301.60462635831925,706.9481240097067,0.913786768999103,360
513000,2051.9999999791244,-832291.1967430124,163267.92985027016,-669023.2668927422,302.3623187060018,706.9481240097067,0.913786768999103,360
514000,2055.99999997903,-832018.6571631869,163192.97499561604,-668825.6821675709,302.22350685438914,706.9481240097067,0.913786768999103,360
515000,2059.999999978935,-831470.2601736626,163204.8246656272,-668265.4355080354,302.24545172564314,706.9481240097067,0.913786768999103,360
516000,2063.9999999788406,-832761.3072402831,162928.03176580503,-669833.275474478,301.7328480375316,706.9481240097067,0.913786768999103,360
517000,2067.999999978746,-832754.2389028491,161676.05028545228,-671078.1886173969,299.4142541549265,706.9481240097067,0.913786768999103,360
518000,2071.9999999786514,-834013.8921622727,162606.5490338082,-671407.3431284645,301.13748148661347,706.9481240097067,0.913786768999103,360
519000,2075.999999978557,-832651.2729591429,161337.6700378287,-671313.6029213142,298.7875944283678,706.9481240097067,0.913786768999103,360
520000,2079.9999999784623,-833153.9402382942,162477.74349105428,-670676.1967472399,300.898941421795,706.9481240097067,0.913786768999103,360
521000,2083.9999999783677,-833406.5504088178,162462.74390004447,-670943.8065087734,300.8711630876082,706.9481240097067,0.913786768999103,360
522000,2087.999999978273,-831998.058462386,161369.52693817334,-670628.5315242127,298.8465914785774,706.9481240097067,0.913786768999103,360
523000,2091.9999999781785,-831635.007836285,162116.37798175478,-669518.6298545303,300.22971438258173,706.9481240097067,0.913786768999103,360
524000,2095.999999978084,-831436.0960100731,162209.92579314037,-669226.1702169327,300.4029592640864,706.9481240097067,0.913786768999103,360
525000,2099.9999999779893,-831800.6563794306,161863.419166587,-669937.2372128435,299.76124997587675,706.9481240097067,0.913786768999103,360
526000,2103.9999999778947,-832078.5515759494,163613.48237268778,-668465.0692032616,303.0022610511318,706.9481240097067,0.913786768999103,360
527000,2107.9999999778,-830647.5971871847,163637.23690223394,-667010.3602849508,303.0462530012958,706.9481240097067,0.913786768999103,360
528000,2111.9999999777056,-832025.1269540545,162414.23566296115,-669610.8912910933,300.78132877015037,706.9481240097067,0.913786768999103,360
529000,2115.999999977611,-831881.4474731544,161902.0419703378,-669979.4055028167,299.8327770694568,706.9481240097067,0.913786768999103,360
530000,2119.9999999775164,-832738.0141398758,162654.71357873105,-670083.3005611447,301.2266793070038,706.9481240097067,0.913786768999103,360
531000,2123.999999977422,-832738.7197020156,163267.9197697594,-669470.7999322562,302.36230003750643,706.9481240097067,0.913786768999103,360
532000,2127.999999977327,-832738.9210332166,162247.54910736647,-670491.3719258502,300.472635363595,706.9481240097067,0.913786768999103,360
533000,2131.9999999772326,-832630.0562211452,162546.7863899087,-670083.2698312365,301.02680468929,706.9481240097067,0.913786768999103,360
534000,2135.999999977138,-833873.7609063722,162788.97910073568,-671084.7818056366,301.4753309227426,706.9481240097067,0.913786768999103,359
535000,2139.9999999770434,-833285.4414179502,162690.3490065784,-670595.0924113718,301.2926739613238,706.9481240097067,0.913786768999103,359
536000,2143.999999976949,-832957.2989707505,162302.31540122436,-670654.9835695261,300.57405922321635,706.9481240097067,0.913786768999103,359
537000,2147.9999999768543,-832546.767641129,162785.62667030492,-669761.140970824,301.4691224246053,706.9481240097067,0.913786768999103,359
538000,2151.9999999767597,-832400.9169806344,162629.2744323305,-669771.6425483039,301.1795675484446,706.9481240097067,0.913786768999103,359
539000,2155.999999976665,-830564.1172909625,162432.98010791966,-668131.1371830428,300.8160423470647,706.9481240097067,0.913786768999103,359
540000,2159.9999999765705,-831544.1760127535,162554.88192110806,-668989.2940916454,301.0417971228123,706.9481240097067,0.913786768999103,359
541000,2163.999999976476,-832223.5770325726,161821.16855944568,-670402.4084731269,299.6830044101144,706.9481240097067,0.913786768999103,359
542000,2167.9999999763813,-831986.4929198632,162254.22323791686,-669732.2696819464,300.48499544919423,706.9481240097067,0.913786768999103,359
543000,2171.9999999762867,-834735.8674377194,162228.99039023108,-672506.8770474882,300.4382657433614,706.9481240097067,0.913786768999103,359
544000,2175.999999976192,-833658.1201535193,162297.48346247984,-671360.6366910394,300.5651107652799,706.9481240097067,0.913786768999103,359
545000,2179.9999999760976,-832234.5243286937,162988.53578875036,-669245.9885399434,301.8448978239506,706.9481240097067,0.913786768999103,359
546000,2183.999999976003,-832722.4567392999,161275.38059121155,-671447.0761480883,298.67223814543246,706.9481240097067,0.913786768999103,359
547000,2187.9999999759084,-832238.6003952157,162173.76540640774,-670064.8349888079,300.3359924177019,706.9481240097067,0.913786768999103,359
548000,2191.999999975814,-833521.8883019593,162057.43106439838,-671464.4572375609,300.1205482614164,706.9481240097067,0.913786768999103,359
549000,2195.999999975719,-832540.0949286502,163197.91503066936,-669342.1798979808,302.23265550014327,706.9481240097067,0.913786768999103,359
550000,2199.9999999756246,-831905.932578112,162662.98817557038,-669242.9444025416,301.24200335924724,706.9481240097067,0.913786768999103,359
551000,2203.99999997553,-832065.7594988067,163138.67674898275,-668927.0827498239,302.12294978988314,706.9481240097067,0.913786768999103,359
552000,2207.9999999754355,-832254.5899758721,162579.3194489624,-669675.2705269097,301.08705394448117,706.9481240097067,0.913786768999103,359
553000,2211.999999975341,-832164.9267299715,162555.37926243292,-669609.5474675386,301.04271816882726,706.9481240097067,0.913786768999103,359
554000,2215.9999999752463,-831620.0788408685,162455.42342393717,-669164.6554169314,300.85760600917973,706.9481240097067,0.913786768999103,359
555000,2219.9999999751517,-832212.7139102016,162627.24825231405,-669585.4656578875,301.175815185758,706.9481240097067,0.913786768999103,359
556000,2223.999999975057,-831963.7793827206,163685.78563244187,-668277.9937502787,303.1361623095682,706.9481240097067,0.913786768999103,359
557000,2227.9999999749625,-831585.1726102037,162925.0321712232,-668660.1404389805,301.7272929700191,706.9481240097067,0.913786768999103,359
558000,2231.999999974868,-832220.1212601755,161682.1173856957,-670538.0038744798,299.4254900571585,706.9481240097067,0.913786768999103,359
559000,2235.9999999747733,-833866.3939977353,162629.2742374176,-671237.1197603177,301.1795671874777,706.9481240097067,0.913786768999103,359
560000,2239.9999999746788,-831836.5884463321,162254.39723157784,-669582.1912147542,300.48531767491744,706.9481240097067,0.913786768999103,359
561000,2243.999999974584,-831755.4637293406,162846.80831520585,-668908.6554141347,301.5824271258498,706.9481240097067,0.913786768999103,359
562000,2247.9999999744896,-832181.9243749417,162741.77476518153,-669440.1496097601,301.38791135195345,706.9481240097067,0.913786768999103,359
563000,2251.999999974395,-834091.2461158335,163818.55913163116,-670272.6869842024,303.38205078940865,706.9481240097067,0.913786768999103,359
564000,2255.9999999743004,-831855.1065009814,161884.948190957,-669970.1583100244,299.80112042522927,706.9481240097067,0.913786768999103,359
565000,2259.999999974206,-832239.1708798278,162139.06119009136,-670100.1096897365,300.2717223107439,706.9481240097067,0.913786768999103,359
566000,2263.9999999741112,-831424.7411219385,162046.86078594107,-669377.8803359973,300.10097274584115,706.9481240097067,0.913786768999103,359
567000,2267.9999999740166,-831722.5101962723,163005.77052408856,-668716.7396721838,301.87681551007495,706.9481240097067,0.913786768999103,359
568000,2271.999999973922,-832371.8709156653,162509.87310440058,-669861.9978112647,300.95844351996834,706.9481240097067,0.913786768999103,359
569000,2275.9999999738275,-834293.6355380723,162313.22566601424,-671980.4098720581,300.59426437289017,706.9481240097067,0.913786768999103,359
570000,2279.999999973733,-831866.6586937988,160616.47081637534,-671250.1878774235,297.4519771454906,706.9481240097067,0.913786768999103,359
571000,2283.9999999736383,-835189.0430838009,162947.7969114011,-672241.2461723998,301.76945189021393,706.9481240097067,0.913786768999103,359
572000,2287.9999999735437,-833122.2109410511,162131.47639423222,-670990.7345468189,300.257675728142,706.9481240097067,0.913786768999103,359
573000,2291.999999973449,-833945.4064393742,162195.1506957615,-671750.2557436128,300.3755966785089,706.9481240097067,0.913786768999103,359
574000,2295.9999999733545,-831891.1590098133,161630.72412864462,-670260.4348811687,299.33031285743493,706.9481240097067,0.913786768999103,359
575000,2299.99999997326,-833832.690292919,162853.77843167752,-670978.9118612416,301.5953353594506,706.9481240097067,0.913786768999103,359
576000,2303.9999999731654,-834141.2229692573,162957.98844611808,-671183.2345231392,301.7883259953185,706.9481240097067,0.913786768999103,359
577000,2307.9999999730708,-833605.1339363009,162793.99023471383,-670811.1437015871,301.4846112393998,706.9481240097067,0.913786768999103,359
578000,2311.999999972976,-832185.3747629691,161540.04858913063,-670645.3261738385,299.162387249494,706.9481240097067,0.913786768999103,359
579000,2315.9999999728816,-833997.44491811,160958.33329847959,-673039.1116196305,298.08508575942614,706.9481240097067,0.913786768999103,359
580000,2319.999999972787,-832746.0819078097,163009.2234790438,-669736.8584287659,301.8832101735439,706.9481240097067,0.913786768999103,359
581000,2323.9999999726924,-832576.6317929002,162488.78675787325,-670087.8450350269,300.91939288317224,706.9481240097067,0.913786768999103,359
582000,2327.999999972598,-833415.2102701757,163306.53989605815,-670108.6703741176,302.4338221726074,706.9481240097067,0.913786768999103,359
583000,2331.9999999725032,-831549.3398528993,161785.34972583648,-669763.9901270629,299.6166700994304,706.9481240097067,0.913786768999103,359
584000,2335.9999999724087,-832329.2977197291,162230.90156988445,-670098.3961498446,300.44180513233994,706.9481240097067,0.913786768999103,359
585000,2339.999999972314,-830956.5327510154,161997.85998232273,-668958.6727686927,300.0102262249899,706.9481240097067,0.913786768999103,359
586000,2343.9999999722195,-831681.1304525472,161790.15159038792,-669890.9788621593,299.62556286178256,706.9481240097067,0.913786768999103,359
587000,2347.999999972125,-832349.8881793628,161140.1234406721,-671209.7647386907,298.4217500936994,706.9481240097067,0.913786768999103,359
588000,2351.9999999720303,-832810.796644073,162394.8725865464,-670415.9240575265,300.7454695252428,706.9481240097067,0.913786768999103,359
589000,2355.9999999719357,-833467.8321125917,162286.66739571048,-671181.1647168812,300.54508006463544,706.9481240097067,0.913786768999103,359
590000,2359.999999971841,-833517.540369058,161679.28023942874,-671838.2601296293,299.42023583408746,706.9481240097067,0.913786768999103,359
591000,2363.9999999717465,-833385.509890764,161887.22576391982,-671498.2841268443,299.80533835242846,706.9481240097067,0.913786768999103,359
592000,2367.999999971652,-832268.8085119072,163603.3108135521,-668665.4976983551,302.9834239395941,706.9481240097067,0.913786768999103,359
593000,2371.9999999715574,-831848.7118361052,162617.3492250826,-669231.3626110225,301.1574827868026,706.9481240097067,0.913786768999103,359
594000,2375.999999971463,-833293.6546774963,163266.92345867067,-670026.7312188256,302.3604549297059,706.9481240097067,0.913786768999103,359
595000,2379.999999971368,-832272.7914351476,162834.19968577265,-669438.591749375,301.55907670770813,706.9481240097067,0.913786768999103,359
596000,2383.9999999712736,-829397.8906333148,163088.51507830143,-666309.3755550134,302.03005341353247,706.9481240097067,0.913786768999103,359
597000,2387.999999971179,-831814.3933522636,162352.99500747566,-669461.398344788,300.66791478487687,706.9481240097067,0.913786768999103,359
598000,2391.9999999710844,-833003.5458874451,163458.9121928661,-669544.633694579,302.7160064387499,706.9481240097067,0.913786768999103,359
599000,2395.99999997099,-832736.2934992863,162447.68231257354,-670288.6111867127,300.8432699397298,706.9481240097067,0.913786768999103,359
600000,2399.9999999708953,-833598.5066529093,161580.39325163286,-672018.1134012765,299.23710312120727,706.9481240097067,0.913786768999103,359
601000,2403.9999999708007,-831289.190367056,162295.70883624034,-668993.4815308157,300.5618242649543,706.9481240097067,0.913786768999103,359
602000,2407.999999970706,-832427.4899800131,162046.05614840295,-670381.4338316101,300.0994826058487,706.9481240097067,0.913786768999103,359
603000,2411.9999999706115,-833736.7897785874,163130.2663399499,-670606.5234386375,302.10737422168205,706.9481240097067,0.913786768999103,359
604000,2415.999999970517,-832880.7332014963,162299.7319991131,-670581.0012023832,300.5692749189551,706.9481240097067,0.913786768999103,359
605000,2419.9999999704223,-832640.4131717654,162310.05552653474,-670330.3576452306,300.58839346655526,706.9481240097067,0.913786768999103,359
606000,2423.9999999703277,-832517.2037229808,162932.1722945754,-669585.0314284054,301.74051604606717,706.9481240097067,0.913786768999103,358
607000,2427.999999970233,-831584.407845079,162194.91173596215,-669389.4961091168,300.37515413943174,706.9481240097067,0.913786768999103,358
608000,2431.9999999701386,-834423.8247800721,162253.54195496027,-672170.2828251119,300.48373375441656,706.9481240097067,0.913786768999103,358
609000,2435.999999970044,-831671.9329921631,162391.29435101384,-669280.6386411493,300.7388428497316,706.9481240097067,0.913786768999103,358
610000,2439.9999999699494,-834068.0485720672,162534.5057039587,-671533.5428681085,301.0040616026193,706.9481240097067,0.913786768999103,358
611000,2443.999999969855,-833659.111158724,162367.39890384226,-671291.7122548816,300.69458992865924,706.9481240097067,0.913786768999103,358
612000,2447.99999996976,-833751.027844781,162813.03074433142,-670937.9971004496,301.51987311013335,706.9481240097067,0.913786768999103,358
613000,2451.9999999696656,-832828.7648827881,163129.89472584228,-669698.8701569458,302.1066860148594,706.9481240097067,0.913786768999103,358
614000,2455.999999969571,-833997.981893532,162854.47952669754,-671143.5023668344,301.59663374496995,706.9481240097067,0.913786768999103,358
615000,2459.9999999694764,-832249.9116934184,162279.77220313076,-669970.1394902876,300.53231058554525,706.9481240097067,0.913786768999103,358
616000,2463.999999969382,-832409.676746523,162157.43094714853,-670252.2457993745,300.30574198835586,706.9481240097067,0.913786768999103,358
617000,2467.9999999692873,-832699.7611970464,162769.27265880242,-669930.4885382439,301.4388357856887,706.9481240097067,0.913786768999103,358
618000,2471.9999999691927,-832409.1064998098,162508.18557733818,-669900.9209224716,300.9553183220441,706.9481240097067,0.913786768999103,358
619000,2475.999999969098,-832235.8239437528,162084.64339629337,-670151.1805474594,300.1709438521286,706.9481240097067,0.913786768999103,358
620000,2479.9999999690035,-831899.1589554287,161202.84757540136,-670696.3113800273,298.53791139269407,706.9481240097067,0.913786768999103,358
621000,2483.999999968909,-833001.9485510932,161492.99465888902,-671508.9538922042,299.0752462202353,706.9481240097067,0.913786768999103,358
622000,2487.9999999688143,-831712.7128675487,162470.51621141122,-669242.1966561375,300.88555693757434,706.9481240097067,0.913786768999103,358
623000,2491.9999999687197,-831875.1742003048,163329.3439028284,-668545.8302974764,302.4760538121533,706.9481240097067,0.913786768999103,358
624000,2495.999999968625,-834236.1270149732,161459.48371558485,-672776.6432993883,299.0131859826322,706.9481240097067,0.913786768999103,358
625000,2499.9999999685306,-833844.2089451989,162255.0856322156,-671589.1233129833,300.4865925512096,706.9481240097067,0.913786768999103,358
626000,2503.999999968436,-833168.2792542884,162013.542754867,-671154.7364994214,300.03926977000555,706.9481240097067,0.913786768999103,358
627000,2507.9999999683414,-833046.3665805515,162932.6153473818,-670113.7512331697,301.7413365530337,706.9481240097067,0.913786768999103,358
628000,2511.999999968247,-831852.8095710957,161985.06023343466,-669867.7493376611,299.98652186519183,706.9481240097067,0.913786768999103,358
629000,2515.999999968152,-833585.3511028811,163417.59237319295,-670167.7587296881,302.63948463501083,706.9481240097067,0.913786768999103,358
630000,2519.9999999680576,-832894.9703950118,161783.39740658054,-671111.5729884313,299.6130545223993,706.9481240097067,0.913786768999103,358
631000,2523.999999967963,-833609.3507310376,162091.45830622403,-671517.8924248135,300.18356465261456,706.9481240097067,0.913786768999103,358
632000,2527.9999999678685,-833767.3341854364,162153.38629236026,-671613.9478930761,300.2982515326291,706.9481240097067,0.913786768999103,358
633000,2531.999999967774,-832736.3770546326,162360.71486388362,-670375.6621907491,300.682211491436,706.9481240097067,0.913786768999103,358
634000,2535.9999999676793,-830592.2813544665,163331.59390577735,-667260.6874486891,302.48022068135634,706.9481240097067,0.913786768999103,358
635000,2539.9999999675847,-831927.7325037848,161754.9861837743,-670172.7463200105,299.56043865832333,706.9481240097067,0.913786768999103,358
636000,2543.99999996749,-833064.4678574009,162039.44267937785,-671025.025178023,300.08723486172073,706.9481240097067,0.913786768999103,358
637000,2547.9999999673955,-832692.257977075,163664.16169593483,-669028.0962811401,303.0961160886856,706.9481240097067,0.913786768999103,358
638000,2551.999999967301,-832012.5615558503,162252.82197314376,-669759.7395827066,300.4824003916939,706.9481240097067,0.913786768999103,358
639000,2555.9999999672063,-833031.6703990977,162748.96469325863,-670282.7057058391,301.401226663336,706.9481240097067,0.913786768999103,358
640000,2559.9999999671118,-830013.9839400332,162575.6279490278,-667438.3559910054,301.08021751015656,706.9481240097067,0.913786768999103,358
641000,2563.999999967017,-832289.5625582896,162481.71228631627,-669807.8502719733,300.9062913902731,706.9481240097067,0.913786768999103,358
642000,2567.9999999669226,-830023.321151875,163462.17977495654,-666561.1413769184,302.72205780289926,706.9481240097067,0.913786768999103,358
643000,2571.999999966828,-831891.8723748345,163424.20026902598,-668467.6721058085,302.6517220579247,706.9481240097067,0.913786768999103,358
644000,2575.9999999667334,-830751.3404370826,163030.60170198127,-667720.7387351013,301.92280134777576,706.9481240097067,0.913786768999103,358
645000,2579.999999966639,-832872.0351507878,162909.33559985505,-669962.6995509327,301.6982238704172,706.9481240097067,0.913786768999103,358
646000,2583.9999999665442,-832577.9986634245,162861.04764543154,-669716.951017993,301.6087975031052,706.9481240097067,0.913786768999103,358
647000,2587.9999999664496,-831071.9684319273,162174.41867205122,-668897.549759876,300.3372022261124,706.9481240097067,0.913786768999103,358
648000,2591.999999966355,-830339.0132561876,162559.84038513748,-667779.1728710501,301.0509798979141,706.9481240097067,0.913786768999103,358
649000,2595.9999999662605,-831194.8659750111,162399.02901226806,-668795.8369627431,300.7531669739695,706.9481240097067,0.913786768999103,358
650000,2599.999999966166,-831620.2817949345,161598.35206929862,-670021.9297256359,299.27036176395245,706.9481240097067,0.913786768999103,358
651000,2603.9999999660713,-832353.3455798272,162091.85998660396,-670261.4855932232,300.1843085403528,706.9481240097067,0.913786768999103,358
652000,2607.9999999659767,-831102.4338726113,163117.3567781521,-667985.0770944592,302.0834664950254,706.9481240097067,0.913786768999103,358
653000,2611.999999965882,-831731.6724458905,162372.68502434253,-669358.987421548,300.70437950370246,706.9481240097067,0.913786768999103,358
654000,2615.9999999657875,-831704.9679764891,163484.014852054,-668220.9531244352,302.76249504336874,706.9481240097067,0.913786768999103,358
655000,2619.999999965693,-831484.3303018138,161955.32298622146,-669529.0073155924,299.9314502842172,706.9481240097067,0.913786768999103,358
656000,2623.9999999655984,-833476.0006937888,162245.67795047374,-671230.322743315,300.4691700943454,706.9481240097067,0.913786768999103,358
657000,2627.999999965504,-831474.0086751943,162428.23802700135,-669045.770648193,300.8072603003807,706.9481240097067,0.913786768999103,358
658000,2631.999999965409,-832444.4849162111,163707.61154798837,-668736.8733682227,303.17658258340015,706.9481240097067,0.913786768999103,358
659000,2635.9999999653146,-831619.5770624783,162523.49670433567,-669096.0803581426,300.9836736020137,706.9481240097067,0.913786768999103,358
660000,2639.99999996522,-831397.1850630986,164085.52930963418,-667311.6557534644,303.8764633915674,706.9481240097067,0.913786768999103,358
661000,2643.9999999651254,-833813.0723991692,163329.09830836352,-670483.9740908057,302.4755989860773,706.9481240097067,0.913786768999103,358
662000,2647.999999965031,-832447.0050997809,162101.96689315108,-670345.0382066298,300.20302591921177,706.9481240097067,0.913786768999103,358
663000,2651.9999999649363,-831534.0944585623,163481.43311631086,-668052.6613422515,302.7577138251203,706.9481240097067,0.913786768999103,358
664000,2655.9999999648417,-833865.3715517865,162488.60535157984,-671376.7662002067,300.9190569297026,706.9481240097067,0.913786768999103,358
665000,2659.999999964747,-832444.3816511314,163346.54858036264,-669097.8330707687,302.507915833045,706.9481240097067,0.913786768999103,358
666000,2663.9999999646525,-832132.9748932552,162749.60981373605,-669383.3650795191,301.40242138739217,706.9481240097067,0.913786768999103,358
667000,2667.999999964558,-833372.4830299476,161319.09165531208,-672053.3913746355,298.75318838903917,706.9481240097067,0.913786768999103,358
668000,2671.9999999644633,-832258.4386696033,161418.0885033529,-670840.3501662505,298.9365245564399,706.9481240097067,0.913786768999103,358
669000,2675.9999999643687,-832770.0028801244,162114.89750411012,-670655.1053760143,300.22697262764035,706.9481240097067,0.913786768999103,358
670000,2679.999999964274,-833469.022661645,162908.27916977764,-670560.7434918673,301.6962674258904,706.9481240097067,0.913786768999103,358
671000,2683.9999999641796,-834470.8644585917,163168.59629620428,-671302.2681623874,302.1783589794333,706.9481240097067,0.913786768999103,358
672000,2687.999999964085,-833508.210386103,163034.5207705215,-670473.6896155815,301.9300592253766,706.9481240097067,0.913786768999103,358
673000,2691.9999999639904,-832527.8553531086,161616.4545939287,-670911.4007591798,299.30388654329283,706.9481240097067,0.913786768999103,358
674000,2695.999999963896,-833205.6023092223,161383.1378943455,-671822.4644148769,298.87179814513945,706.9481240097067,0.913786768999103,358
675000,2699.999999963801,-832977.9147592587,162959.7981784881,-670018.1165807706,301.7916775100718,706.9481240097067,0.913786768999103,358
676000,2703.9999999637066,-833199.0065352833,162970.2661401204,-670228.740395163,301.81106354108334,706.9481240097067,0.913786768999103,358
677000,2707.999999963612,-832174.7181517296,162274.14319915714,-669900.5749525724,300.5218860110741,706.9481240097067,0.913786768999103,358
678000,2711.9999999635174,-831862.2792920051,161824.56200069038,-670037.7172913147,299.6892888577954,706.9481240097067,0.913786768999103,358
679000,2715.999999963423,-831011.2045062548,162125.35833824542,-668885.8461680093,300.2463454589591,706.9481240097067,0.913786768999103,358
680000,2719.9999999633283,-831088.4343548482,162983.46531111392,-668104.9690437343,301.835507606432,706.9481240097067,0.913786768999103,358
681000,2723.9999999632337,-833113.46229083,162409.05904728075,-670704.4032435492,300.771741991402,706.9481240097067,0.913786768999103,358
682000,2727.999999963139,-830591.5551082306,162710.14731905464,-667881.4077891759,301.3293392370596,706.9481240097067,0.913786768999103,358
683000,2731.9999999630445,-833853.3188858274,162258.17986755227,-671595.1390182752,300.49232288766865,706.9481240097067,0.913786768999103,358
684000,2735.99999996295,-832638.7225823766,161466.22441292892,-671172.4981694476,299.02566934590214,706.9481240097067,0.913786768999103,358
685000,2739.9999999628553,-833821.3205432314,162514.8130382473,-671306.5075049842,300.96759197829397,706.9481240097067,0.913786768999103,358
686000,2743.9999999627607,-831971.8832026161,163096.5217532695,-668875.3614493466,302.0448812906954,706.9481240097067,0.913786768999103,358
687000,2747.999999962666,-832096.9465893898,162783.0776684779,-669313.8689209119,301.4644018275872,706.9481240097067,0.913786768999103,358
688000,2751.9999999625716,-830133.7008566372,161535.44971322632,-668598.2511434109,299.15387040982347,706.9481240097067,0.913786768999103,358
689000,2755.999999962477,-830071.3025755724,162503.4960614816,-667567.8065140909,300.9466336226711,706.9481240097067,0.913786768999103,358
690000,2759.9999999623824,-834123.312670717,161757.64745968924,-672365.6652110277,299.56536718015303,706.9481240097067,0.913786768999103,358
691000,2763.999999962288,-832793.0393407112,162257.35603056347,-670535.6833101477,300.4907971914563,706.9481240097067,0.913786768999103,358
692000,2767.999999962193,-832195.32327733,162495.2414762986,-669700.0818010315,300.93134663080326,706.9481240097067,0.913786768999103,358
693000,2771.9999999620986,-832877.3898017565,162442.86236333486,-670434.5274384216,300.8343436856321,706.9481240097067,0.913786768999103,358
694000,2775.999999962004,-833415.3667224208,161176.49596302822,-672238.8707593926,298.48910980241186,706.9481240097067,0.913786768999103,358
695000,2779.9999999619095,-832125.2216271786,162658.16974657826,-669467.0518806004,301.233079920554,706.9481240097067,0.913786768999103,358
696000,2783.999999961815,-834792.6514201518,162695.42859032907,-672097.2228298227,301.3020810428144,706.9481240097067,0.913786768999103,358
697000,2787.9999999617203,-833179.9942723624,161889.71947586088,-671290.2747965015,299.8099565559261,706.9481240097067,0.913786768999103,358
698000,2791.9999999616257,-831810.1740596713,162905.57570541973,-668904.5983542516,301.69126077361926,706.9481240097067,0.913786768999103,357
699000,2795.999999961531,-833970.5679433392,161941.7618485352,-672028.8060948041,299.906335878474,706.9481240097067,0.913786768999103,357
700000,2799.9999999614365,-833217.4274857175,162676.44897696617,-670540.9785087513,301.2669319482567,706.9481240097067,0.913786768999103,357
701000,2803.999999961342,-832141.1321611544,161986.6456473524,-670154.4865138021,299.98945795575605,706.9481240097067,0.913786768999103,357
702000,2807.9999999612473,-832939.5526332166,162706.50648865523,-670233.0461445614,301.3225966396457,706.9481240097067,0.913786768999103,357
703000,2811.9999999611528,-831184.8133875104,164028.82553385734,-667155.987853653,303.77145143276454,706.9481240097067,0.913786768999103,357
704000,2815.999999961058,-833224.1104912776,162508.8916668231,-670715.2188244546,300.95662595701,706.9481240097067,0.913786768999103,357
705000,2819.9999999609636,-833390.039425333,161593.90810697823,-671796.1313183547,299.2621318148579,706.9481240097067,0.913786768999103,357
706000,2823.999999960869,-833088.4134300528,163390.72784578573,-669697.6855842671,302.58973315714724,706.9481240097067,0.913786768999103,357
707000,2827.9999999607744,-832389.3318998516,163935.58408738032,-668453.7478124712,303.5987739205173,706.9481240097067,0.913786768999103,357
708000,2831.99999996068,-832758.5631066309,162497.80287853625,-670260.7602280946,300.93609019263096,706.9481240097067,0.913786768999103,357
709000,2835.9999999605852,-832965.673109117,162109.53666199563,-670856.1364471214,300.2170446726927,706.9481240097067,0.913786768999103,357
710000,2839.9999999604906,-832253.7498087808,162892.5607442658,-669361.189064515,301.66715785373793,706.9481240097067,0.913786768999103,357
711000,2843.999999960396,-831168.4727230957,163055.25005195377,-668113.2226711418,301.9684485992403,706.9481240097067,0.913786768999103,357
712000,2847.9999999603015,-831752.7504924256,161862.22515679718,-669890.5253356284,299.7590387420543,706.9481240097067,0.913786768999103,357
713000,2851.999999960207,-831642.772774185,162619.52558651567,-669023.2471876694,301.1615132763779,706.9481240097067,0.913786768999103,357
714000,2855.9999999601123,-832267.9609122453,162180.08845904213,-670087.8724532032,300.3477023282618,706.9481240097067,0.913786768999103,357
715000,2859.9999999600177,-832052.4346468532,162441.9287413879,-669610.5059054653,300.8326146743258,706.9481240097067,0.913786768999103,357
716000,2863.999999959923,-832268.248965322,163065.5365213215,-669202.7124440005,301.98749851756884,706.9481240097067,0.913786768999103,357
717000,2867.9999999598285,-831235.2009993102,162741.2392299769,-668493.9617693333,301.3869195731861,706.9481240097067,0.913786768999103,357
718000,2871.999999959734,-831805.2464651437,162983.20216582366,-668822.0442993201,301.8350202772903,706.9481240097067,0.913786768999103,357
719000,2875.9999999596394,-831089.4161107233,162873.90672780323,-668215.5093829201,301.63261174492175,706.9481240097067,0.913786768999103,357
720000,2879.9999999595448,-831769.7399942279,162513.4969451481,-669256.2430490798,300.96515465357584,706.9481240097067,0.913786768999103,357
721000,2883.99999995945,-832881.9676090311,163278.89419368678,-669603.0734153443,302.38262400601747,706.9481240097067,0.913786768999103,357
722000,2887.9999999593556,-832412.928816963,162266.8697550945,-670146.0590618685,300.5084160331441,706.9481240097067,0.913786768999103,357
723000,2891.999999959261,-833303.3568150541,161010.77989151806,-672292.576923536,298.1822136736092,706.9481240097067,0.913786768999103,357
724000,2895.9999999591664,-832283.7599721644,162641.35896009777,-669642.4010120666,301.2019473620401,706.9481240097067,0.913786768999103,357
725000,2899.999999959072,-832808.598848978,161739.62166716182,-671068.9771818162,299.53198450402,706.9481240097067,0.913786768999103,357
726000,2903.9999999589772,-831111.1972893868,162823.00314239564,-668288.1941469911,301.53834138742775,706.9481240097067,0.913786768999103,357
727000,2907.9999999588827,-832940.30414782,163040.01930353278,-669900.2848442872,301.9402421755267,706.9481240097067,0.913786768999103,357
728000,2911.999999958788,-832538.2056395588,163119.19141420932,-669419.0142253495,302.0868641298992,706.9481240097067,0.913786768999103,357
729000,2915.9999999586935,-832172.3998481259,161850.26674258616,-670322.1331055397,299.73689248312763,706.9481240097067,0.913786768999103,357
730000,2919.999999958599,-832011.0380718419,162570.22925851098,-669440.808813331,301.07021946225984,706.9481240097067,0.913786768999103,357
731000,2923.9999999585043,-831175.120199455,162070.29574684534,-669104.8244526096,300.1443728742331,706.9481240097067,0.913786768999103,357
732000,2927.9999999584097,-832394.9070845535,163709.1774729006,-668685.7296116529,303.1794825815064,706.9481240097067,0.913786768999103,357
733000,2931.999999958315,-832570.6507219514,161993.4385076706,-670577.2122142809,300.0020379216951,706.9481240097067,0.913786768999103,357
734000,2935.9999999582205,-833340.6933192117,162493.01936044256,-670847.6739587692,300.9272314068075,706.9481240097067,0.913786768999103,357
735000,2939.999999958126,-833205.3451413866,161410.59622893145,-671794.7489124552,298.92264931793767,706.9481240097067,0.913786768999103,357
736000,2943.9999999580314,-833463.2380896704,161554.79249320892,-671908.4455964615,299.18969206696784,706.9481240097067,0.913786768999103,357
737000,2947.999999957937,-832223.8287887955,162515.78673414572,-669708.0420546498,300.96939520413156,706.9481240097067,0.913786768999103,357
738000,2951.999999957842,-830185.0280560553,164128.12767568184,-666056.9003803735,303.9553529857643,706.9481240097067,0.913786768999103,357
739000,2955.9999999577476,-832409.6781842243,162991.26873093398,-669418.4094532903,301.8499590673698,706.9481240097067,0.913786768999103,357
740000,2959.999999957653,-831790.4870081237,163243.6396964493,-668546.8473116744,302.31733481211813,706.9481240097067,0.913786768999103,357
741000,2963.9999999575584,-831960.1891503381,162576.1411393963,-669384.0480109418,301.08116790764063,706.9481240097067,0.913786768999103,357
742000,2967.999999957464,-831420.5111481724,163068.31211567356,-668352.1990324989,301.99263875022103,706.9481240097067,0.913786768999103,357
743000,2971.9999999573693,-830369.9661637181,163398.02003475,-666971.9461289681,302.6032378494998,706.9481240097067,0.913786768999103,357
744000,2975.9999999572747,-831782.205371351,161990.6069383534,-669791.5984329976,299.99679402679726,706.9481240097067,0.913786768999103,357
745000,2979.99999995718,-831726.8298806399,162311.64819947624,-669415.1816811636,300.59134300039193,706.9481240097067,0.913786768999103,357
746000,2983.9999999570855,-832416.7434102958,162812.87801668362,-669603.8653936122,301.5195902677787,706.9481240097067,0.913786768999103,357
747000,2987.999999956991,-831425.7599968761,160966.32740778767,-670459.4325890885,298.0998903657478,706.9481240097067,0.913786768999103,357
748000,2991.9999999568963,-831755.4004041282,163243.26640190766,-668512.1340022206,302.3166434932334,706.9481240097067,0.913786768999103,357
749000,2995.9999999568017,-831737.0863565672,164239.442010183,-667497.6443463842,304.1615003921524,706.9481240097067,0.913786768999103,357
750000,2999.999999956707,-832913.4928697348,162644.4664511431,-670269.0264185916,301.20770224726886,706.9481240097067,0.913786768999103,357
751000,3003.9999999566126,-831453.2833920941,162254.58908606332,-669198.6943060308,300.48567297780596,706.9481240097067,0.913786768999103,357
752000,3007.999999956518,-833802.9695968349,161951.1828809406,-671851.7867158942,299.9237830599585,706.9481240097067,0.913786768999103,357
753000,3011.9999999564234,-831815.1605181266,162141.8188619123,-669673.3416562143,300.2768293519539,706.9481240097067,0.913786768999103,357
754000,3015.999999956329,-832630.1720429072,163064.702409269,-669565.4696336382,301.9859537925608,706.9481240097067,0.913786768999103,357
755000,3019.999999956234,-833150.4009080101,162231.50793633098,-670918.8929716791,300.44292808627785,706.9481240097067,0.913786768999103,357
756000,3023.9999999561396,-832545.506803452,161699.649603046,-670845.857200406,299.4579586619541,706.9481240097067,0.913786768999103,357
757000,3027.999999956045,-834743.8000633419,162671.93111824908,-672071.8689450928,301.2585651475106,706.9481240097067,0.913786768999103,357
758000,3031.9999999559504,-833315.8149166089,164018.82646818768,-669296.9884484212,303.7529337686798,706.9481240097067,0.913786768999103,357
759000,3035.999999955856,-832272.2023137072,162771.06650703785,-669501.1358066694,301.4421578839867,706.9481240097067,0.913786768999103,357
760000,3039.9999999557613,-832333.4580629794,162148.0754735094,-670185.38258947,300.28841621773626,706.9481240097067,0.913786768999103,357
761000,3043.9999999556667,-831048.2177930549,162779.4246377494,-668268.7931553054,301.4576366359027,706.9481240097067,0.913786768999103,357
762000,3047.999999955572,-831025.1781370472,161763.3612959088,-669261.8168411384,299.57594885880627,706.9481240097067,0.913786768999103,357
763000,3051.9999999554775,-831156.6373793185,163784.9357014965,-667371.701677822,303.3197822330076,706.9481240097067,0.913786768999103,357
764000,3055.999999955383,-833183.2930262266,163349.607907512,-669833.6851187146,302.51358152165517,706.9481240097067,0.913786768999103,357
765000,3059.9999999552883,-832073.1962623177,162377.09566617734,-669696.1005961404,300.7125477452756,706.9481240097067,0.913786768999103,357
766000,3063.9999999551937,-832103.3097426975,162396.7176388813,-669706.5921038162,300.7488864504321,706.9481240097067,0.913786768999103,357
767000,3067.999999955099,-830859.0779789789,161739.52017196012,-669119.5578070187,299.53179654105287,706.9481240097067,0.913786768999103,357
768000,3071.9999999550046,-833605.0793792568,163009.89809377445,-670595.1812854824,301.8844595191709,706.9481240097067,0.913786768999103,357
769000,3075.99999995491,-832599.6957251066,162289.01762885414,-670310.6780962525,300.54943255408926,706.9481240097067,0.913786768999103,357
770000,3079.9999999548154,-831643.3232529964,163559.67468175903,-668083.6485712375,302.902612466083,706.9481240097067,0.913786768999103,357
771000,3083.999999954721,-832575.2602251908,162054.87824347714,-670520.3819817137,300.11582059166705,706.9481240097067,0.913786768999103,357
772000,3087.999999954626,-833655.5915090907,162368.82485276985,-671286.7666563209,300.6972306997188,706.9481240097067,0.913786768999103,357
773000,3091.9999999545316,-833838.5467261998,163196.2121233684,-670642.3346028314,302.22950181894856,706.9481240097067,0.913786768999103,357
774000,3095.999999954437,-832931.693228907,162324.9777597591,-670606.7154691479,300.61602853880817,706.9481240097067,0.913786768999103,357
775000,3099.9999999543425,-833660.9060787885,162794.67435306276,-670866.2317257257,301.48587818515233,706.9481240097067,0.913786768999103,357
776000,3103.999999954248,-831376.439756752,161883.10388103465,-669493.3358757173,299.79770487494307,706.9481240097067,0.913786768999103,357
777000,3107.9999999541533,-831521.3085217038,162423.16614507086,-669098.1423766329,300.79786748219453,706.9481240097067,0.913786768999103,357
778000,3111.9999999540587,-832440.1752201142,162305.14368599802,-670135.0315341161,300.5792970353384,706.9481240097067,0.913786768999103,357
779000,3115.999999953964,-833184.9399808915,161893.23148065188,-671291.7085002396,299.81646057611476,706.9481240097067,0.913786768999103,357
780000,3119.9999999538695,-831327.5066552805,161832.41704685654,-669495.0896084239,299.7038359275998,706.9481240097067,0.913786768999103,357
781000,3123.999999953775,-833189.2906780103,162449.14871232913,-670740.1419656812,300.8459856232732,706.9481240097067,0.913786768999103,357
782000,3127.9999999536803,-833161.2647554846,162189.65017597738,-670971.6145795073,300.3654100489759,706.9481240097067,0.913786768999103,357
783000,3131.9999999535858,-833975.3690428715,162202.6554128757,-671772.7136299958,300.3894949601247,706.9481240097067,0.913786768999103,357
784000,3135.999999953491,-832710.1661533285,163481.17303517708,-669228.9931181514,302.75723217061085,706.9481240097067,0.913786768999103,357
785000,3139.9999999533966,-833158.5846505929,162505.4567343772,-670653.1279162157,300.9502646701369,706.9481240097067,0.913786768999103,357
786000,3143.999999953302,-830960.5677282326,162880.3859550883,-668080.1817731443,301.6446108814768,706.9481240097067,0.913786768999103,357
787000,3147.9999999532074,-832499.9525781814,162493.78138210782,-670006.1711960735,300.9286426247841,706.9481240097067,0.913786768999103,357
788000,3151.999999953113,-833249.6496175202,163379.3766613108,-669870.2729562094,302.56871145091833,706.9481240097067,0.913786768999103,357
789000,3155.9999999530182,-832573.518049038,162571.32863245293,-670002.189416585,301.07225543622314,706.9481240097067,0.913786768999103,357
790000,3159.9999999529236,-831272.3535295296,163196.04712762276,-668076.3064019069,302.2291962568197,706.9481240097067,0.913786768999103,357
791000,3163.999999952829,-833236.077956005,162464.43105765554,-670771.6468983495,300.87428760133093,706.9481240097067,0.913786768999103,357
792000,3167.9999999527345,-831839.519316541,161168.14841778862,-670671.3708987525,298.47365065414874,706.9481240097067,0.913786768999103,357
793000,3171.99999995264,-831823.3666034229,162458.69312383738,-669364.6734795856,300.8636612953844,706.9481240097067,0.913786768999103,357
794000,3175.9999999525453,-832519.2563718809,162344.6094481274,-670174.6469237534,300.6523852367867,706.9481240097067,0.913786768999103,357
795000,3179.9999999524507,-832424.6781060155,161917.7702399284,-670506.9078660872,299.861904872247,706.9481240097067,0.913786768999103,357
796000,3183.999999952356,-834123.9690397261,163144.08086048212,-670979.888179244,302.13295787711127,706.9481240097067,0.913786768999103,357
797000,3187.9999999522615,-832114.1956077786,163091.92766503006,-669022.2679427485,302.03637331749036,706.9481240097067,0.913786768999103,357
798000,3191.999999952167,-833424.2373991106,162250.600196178,-671173.6372029325,300.4782857953024,706.9481240097067,0.913786768999103,357
799000,3195.9999999520724,-832658.8815904977,161893.04741148182,-670765.8341790158,299.8161196911589,706.9481240097067,0.913786768999103,357
800000,3199.9999999519778,-832167.631554612,163067.1018386498,-669100.5297159621,301.99039739046646,706.9481240097067,0.913786768999103,357
801000,3203.999999951883,-833053.2764292648,162292.82246319484,-670760.45396607,300.5564788768705,706.9481240097067,0.913786768999103,357
802000,3207.9999999517886,-834080.6077245967,162826.37637732248,-671254.2313472743,301.54458841423184,706.9481240097067,0.913786768999103,357
803000,3211.999999951694,-833878.1130367676,162059.3776119462,-671818.7354248214,300.12415314959355,706.9481240097067,0.913786768999103,357
804000,3215.9999999515994,-831854.6261406252,163423.41890874103,-668431.2072318841,302.6502750259955,706.9481240097067,0.913786768999103,357
805000,3219.999999951505,-833143.1697501251,163584.2176428896,-669558.9521072356,302.9480645437945,706.9481240097067,0.913786768999103,357
806000,3223.9999999514102,-833958.4682676904,162453.4447874681,-671505.0234802223,300.8539416942636,706.9481240097067,0.913786768999103,357
807000,3227.9999999513157,-832010.1543932827,163380.88060930383,-668629.2737839789,302.57149667152356,706.9481240097067,0.913786768999103,357
808000,3231.999999951221,-832932.0408688188,162358.76912026247,-670573.2717485563,300.67860809208236,706.9481240097067,0.913786768999103,357
809000,3235.9999999511265,-831583.4720887812,162885.07406914397,-668698.3980196372,301.6532929847994,706.9481240097067,0.913786768999103,357
810000,3239.999999951032,-833299.1951791737,162141.31287890882,-671157.8823002649,300.2758923020734,706.9481240097067,0.913786768999103,357
811000,3243.9999999509373,-831497.0178679908,162685.89657199942,-668811.1212959914,301.2844283221194,706.9481240097067,0.913786768999103,357
812000,3247.9999999508427,-831729.4942812528,161846.67671804258,-669882.8175632103,299.730243975082,706.9481240097067,0.913786768999103,357
813000,3251.999999950748,-830540.1444123155,163116.66692543204,-667423.4774868834,302.0821889295647,706.9481240097067,0.913786768999103,357
814000,3255.9999999506535,-832002.2331198864,163159.74287719553,-668842.4902426908,302.16196298358517,706.9481240097067,0.913786768999103,357
815000,3259.999999950559,-833441.9549798574,162174.97122486355,-671266.9837549939,300.3382255204587,706.9481240097067,0.913786768999103,357
816000,3263.9999999504644,-833474.3822481642,162334.37200819957,-671140.0102399646,300.63342611801164,706.9481240097067,0.913786768999103,357
817000,3267.99999995037,-832556.4270473858,162241.21942722192,-670315.2076201639,300.4609131792877,706.9481240097067,0.913786768999103,357
818000,3271.999999950275,-833145.3001531344,162268.08091166176,-670877.2192414727,300.51065902176,706.9481240097067,0.913786768999103,357
819000,3275.9999999501806,-833440.3344364977,161641.01308326097,-671799.3213532367,299.3493673782935,706.9481240097067,0.913786768999103,357
820000,3279.999999950086,-832108.4374882188,161900.33502624958,-670208.1024619692,299.8296159123766,706.9481240097067,0.913786768999103,357
821000,3283.9999999499914,-832142.3103152141,162252.98782662893,-669889.3224885851,300.48270754230447,706.9481240097067,0.913786768999103,357
822000,3287.999999949897,-832132.0422168169,163618.93291957214,-668513.1092972448,303.0123551338809,706.9481240097067,0.913786768999103,357
823000,3291.9999999498023,-831029.5120897992,160851.64535530168,-670177.8667344975,297.88750614959815,706.9481240097067,0.913786768999103,357
824000,3295.9999999497077,-832842.7443508534,162220.1743778488,-670622.5699730045,300.42193902232015,706.9481240097067,0.913786768999103,356
825000,3299.999999949613,-832773.1678660586,162637.56438774243,-670135.6034783162,301.1949200438343,706.9481240097067,0.913786768999103,356
826000,3303.9999999495185,-831915.1674043965,162537.23302813817,-669377.9343762583,301.00911244183504,706.9481240097067,0.913786768999103,356
827000,3307.999999949424,-832825.7004436972,163316.42639623105,-669509.2740474661,302.45213137220895,706.9481240097067,0.913786768999103,356
828000,3311.9999999493293,-831292.1979778139,162110.24929317366,-669181.9486846402,300.21836442247803,706.9481240097067,0.913786768999103,356
829000,3315.9999999492347,-831516.6359595759,162503.53158532165,-669013.1043742542,300.94669941067156,706.9481240097067,0.913786768999103,356
830000,3319.99999994914,-831883.6303489702,162239.0801411218,-669644.5502078484,300.4569513509838,706.9481240097067,0.913786768999103,356
831000,3323.9999999490456,-833872.553701817,163059.28571737773,-670813.2679844394,301.9759224072087,706.9481240097067,0.913786768999103,356
832000,3327.999999948951,-832744.2326397961,162699.19011266663,-670045.0425271294,301.3090471543888,706.9481240097067,0.913786768999103,356
833000,3331.9999999488564,-832859.9096392319,161749.28731296054,-671110.6223262714,299.5498846946953,706.9481240097067,0.913786768999103,356
834000,3335.999999948762,-834291.0648381636,161802.00877593074,-672489.0560622328,299.64752165134604,706.9481240097067,0.913786768999103,356
835000,3339.999999948667,-833690.3455420937,162482.34344891005,-671208.0020931837,300.90746026517405,706.9481240097067,0.913786768999103,356
836000,3343.9999999485726,-832872.5829222985,162554.19477630215,-670318.3881459963,301.0405245722447,706.9481240097067,0.913786768999103,356
837000,3347.999999948478,-833018.0010852143,163389.6375750178,-669628.3635101966,302.5877140417109,706.9481240097067,0.913786768999103,356
838000,3351.9999999483834,-831341.3199286787,161906.63319866173,-669434.686730017,299.84127974627154,706.9481240097067,0.913786768999103,356
839000,3355.999999948289,-831727.0725575043,162016.42853033112,-669710.6440271732,300.04461405140484,706.9481240097067,0.913786768999103,356
840000,3359.9999999481943,-832349.0364466757,161909.13505154417,-670439.9013951315,299.84591302629957,706.9481240097067,0.913786768999103,356
841000,3363.9999999480997,-833150.3827243,162642.74539773678,-670507.6373265632,301.204514960586,706.9481240097067,0.913786768999103,356
842000,3367.999999948005,-833934.8222581325,162485.03520308353,-671449.787055049,300.91244523089284,706.9481240097067,0.913786768999103,356
843000,3371.9999999479105,-832158.1858045487,163195.0169251616,-668963.1688793871,302.22728838424985,706.9481240097067,0.913786768999103,356
844000,3375.999999947816,-831113.0890055299,163329.78996368533,-667783.2990418446,302.47687988984717,706.9481240097067,0.913786768999103,356
845000,3379.9999999477213,-831549.3150484329,163260.3910125228,-668288.92403591,302.34835723503977,706.9481240097067,0.913786768999103,356
846000,3383.9999999476267,-832686.7067683581,162536.72762786155,-670149.9791404966,301.0081764711294,706.9481240097067,0.913786768999103,356
847000,3387.999999947532,-833390.6790228682,162953.22358104447,-670437.4554418237,301.7795017537586,706.9481240097067,0.913786768999103,356
848000,3391.9999999474376,-831601.5346285757,163352.6816789485,-668248.8529496272,302.5192739602104,706.9481240097067,0.913786768999103,356
849000,3395.999999947343,-833663.6239400906,162888.04807566624,-670775.5758644245,301.6588006647752,706.9481240097067,0.913786768999103,356
850000,3399.9999999472484,-832684.9778626021,163912.1998343051,-668772.778028297,303.5554676999539,706.9481240097067,0.913786768999103,356
851000,3403.999999947154,-832062.665404804,162238.99024500028,-669823.6751598038,300.4567848688107,706.9481240097067,0.913786768999103,356
852000,3407.999999947059,-832983.8453401951,161953.83310036105,-671030.0122398341,299.92869110582996,706.9481240097067,0.913786768999103,356
853000,3411.9999999469646,-831649.7104544481,162477.45301678736,-669172.2574376608,300.89840348104354,706.9481240097067,0.913786768999103,356
854000,3415.99999994687,-832540.010566866,161767.781802724,-670772.228764142,299.58413536972563,706.9481240097067,0.913786768999103,356
855000,3419.9999999467755,-829735.8096293537,162348.46559871087,-667387.3440306429,300.6595265941419,706.9481240097067,0.913786768999103,356
856000,3423.999999946681,-832353.0346736694,162731.92056553252,-669621.1141081369,301.3696619709661,706.9481240097067,0.913786768999103,356
857000,3427.9999999465863,-831996.6368055493,163126.33833537844,-668870.2984701708,302.10009979509255,706.9481240097067,0.913786768999103,356
858000,3431.9999999464917,-830942.051214789,163171.41889707348,-667770.6323177156,302.18358626530863,706.9481240097067,0.913786768999103,356
859000,3435.999999946397,-832606.8503923919,163613.719274848,-668993.1311175439,303.00269977958595,706.9481240097067,0.913786768999103,356
860000,3439.9999999463025,-832489.23684562,162412.58057779312,-670076.6562678269,300.7782636526498,706.9481240097067,0.913786768999103,356
861000,3443.999999946208,-832710.3245733771,162473.59773302294,-670236.7268403543,300.8912637289847,706.9481240097067,0.913786768999103,356
862000,3447.9999999461133,-831870.8434886029,162601.79400753477,-669269.0494810682,301.12867546591565,706.9481240097067,0.913786768999103,356
863000,3451.9999999460188,-832681.0511400849,164439.67348283768,-668241.3776572472,304.53231695364923,706.9481240097067,0.913786768999103,356
864000,3455.999999945924,-832929.0002133148,163550.95191508718,-669378.0482982276,302.8864584304506,706.9481240097067,0.913786768999103,356
865000,3459.9999999458296,-834240.5469223689,161242.88964429463,-672997.6572780743,298.61206687936834,706.9481240097067,0.913786768999103,356
866000,3463.999999945735,-834777.9060566528,161649.95728113898,-673127.9487755138,299.36593149110996,706.9481240097067,0.913786768999103,356
867000,3467.9999999456404,-833574.1851191418,162197.30741128256,-671376.8777078593,300.3795907850449,706.9481240097067,0.913786768999103,356
868000,3471.999999945546,-832938.9822774259,162683.8548636957,-670255.1274137303,301.28064720198523,706.9481240097067,0.913786768999103,356
869000,3475.9999999454512,-833751.8357304893,161105.16584626923,-672646.6698842201,298.3570107458696,706.9481240097067,0.913786768999103,356
870000,3479.9999999453566,-831903.9106017305,163127.92169139243,-668775.988910338,302.10303207454365,706.9481240097067,0.913786768999103,356
871000,3483.999999945262,-833233.7907167608,162943.6519677048,-670290.138749056,301.7617757055029,706.9481240097067,0.913786768999103,356
872000,3487.9999999451675,-832835.2767125005,162686.36270680005,-670148.9140057005,301.2852915755414,706.9481240097067,0.913786768999103,356
873000,3491.999999945073,-832331.8536611954,162315.59013435454,-670016.2635268408,300.5986432250661,706.9481240097067,0.913786768999103,356
874000,3495.9999999449783,-833230.6854546648,162324.9124925926,-670905.7729620722,300.6159076679683,706.9481240097067,0.913786768999103,356
875000,3499.9999999448837,-833327.0751833795,162840.80688943947,-670486.26829394,301.5713128487721,706.9481240097067,0.913786768999103,356
876000,3503.999999944789,-832808.6461300934,161720.87525748112,-671087.7708726123,299.4972672885591,706.9481240097067,0.913786768999103,356
877000,3507.9999999446945,-833192.0556888087,163032.19240637985,-670159.8632824288,301.9257472359901,706.9481240097067,0.913786768999103,356
878000,3511.9999999446,-833207.736917045,161430.76259757442,-671776.9743194706,298.95999621140504,706.9481240097067,0.913786768999103,356
879000,3515.9999999445054,-831957.053738039,161871.82382483553,-670085.2299132035,299.7768148939736,706.9481240097067,0.913786768999103,356
880000,3519.999999944411,-834156.7152040899,161500.4825581822,-672656.2326459077,299.08911335626505,706.9481240097067,0.913786768999103,356
881000,3523.999999944316,-832908.2792075463,162052.64998259145,-670855.6292249549,300.11169398744846,706.9481240097067,0.913786768999103,356
882000,3527.9999999442216,-831751.4582329849,163001.72726088384,-668749.730972101,301.86932763147666,706.9481240097067,0.913786768999103,356
883000,3531.999999944127,-833461.6052947538,163160.05694346945,-670301.5483512843,302.16254461530485,706.9481240097067,0.913786768999103,356
884000,3535.9999999440324,-833042.6285873819,163040.95274400397,-670001.675843378,301.94197085075086,706.9481240097067,0.913786768999103,356
885000,3539.999999943938,-832621.3078306159,162694.75643981033,-669926.5513908055,301.3008362607587,706.9481240097067,0.913786768999103,356
886000,3543.9999999438432,-831557.1212174846,161747.4755158766,-669809.6457016079,299.5465293562169,706.9481240097067,0.913786768999103,356
887000,3547.9999999437487,-833378.8638479728,163287.96578965755,-670090.8980583153,302.3994240523866,706.9481240097067,0.913786768999103,356
888000,3551.999999943654,-833562.1254537497,162664.58950638166,-670897.535947368,301.24496892693435,706.9481240097067,0.913786768999103,356
889000,3555.9999999435595,-832771.9256203882,163729.0412974193,-669042.884322969,303.2162691815775,706.9481240097067,0.913786768999103,356
890000,3559.999999943465,-832592.9999776939,162707.34035361488,-669885.659624079,301.32414090705277,706.9481240097067,0.913786768999103,356
891000,3563.9999999433703,-832978.3911857009,162575.12613639457,-670403.2650493063,301.0792881835492,706.9481240097067,0.913786768999103,356
892000,3567.9999999432757,-832342.0239489423,163539.90138620988,-668802.1225627324,302.8659935201811,706.9481240097067,0.913786768999103,356
893000,3571.999999943181,-832419.4081907189,162901.21775252413,-669518.1904381947,301.68319010877076,706.9481240097067,0.913786768999103,356
894000,3575.9999999430866,-832042.7072780943,161744.34869803756,-670298.3585800567,299.5407386789366,706.9481240097067,0.913786768999103,356
895000,3579.999999942992,-833048.4478031397,162478.45042214036,-670569.9973809994,300.9002506153552,706.9481240097067,0.913786768999103,356
896000,3583.9999999428974,-832343.3062579036,162916.46027864877,-669426.8459792548,301.71141834407825,706.9481240097067,0.913786768999103,356
897000,3587.999999942803,-831987.8446008014,163068.2776756843,-668919.566925117,301.99257496944665,706.9481240097067,0.913786768999103,356
898000,3591.999999942708,-833114.4555769945,161830.2404604128,-671284.2151165816,299.69980502131835,706.9481240097067,0.913786768999103,356
899000,3595.9999999426136,-831233.914406566,161547.6533449961,-669686.2610615699,299.1764707968188,706.9481240097067,0.913786768999103,356
900000,3599.999999942519,-833326.1151655624,162102.67786810672,-671223.4372974556,300.2043426017736,706.9481240097067,0.913786768999103,356
901000,3603.9999999424244,-832765.9784698524,162159.88310541952,-670606.0953644328,300.31028323697296,706.9481240097067,0.913786768999103,356
902000,3607.99999994233,-832941.2546444489,161504.31857887981,-671436.936065569,299.0962174342906,706.9481240097067,0.913786768999103,356
903000,3611.9999999422353,-832484.2205274645,162931.18538724945,-669553.0351402151,301.7386883534658,706.9481240097067,0.913786768999103,356
904000,3615.9999999421407,-832406.2053023996,161812.99479206724,-670593.2105103324,299.6678670879264,706.9481240097067,0.913786768999103,356
905000,3619.999999942046,-832772.8897480303,162799.6826955098,-669973.2070525205,301.495153332063,706.9481240097067,0.913786768999103,356
906000,3623.9999999419515,-833530.4334066473,162333.46396888566,-671196.9694377617,300.63174448419244,706.9481240097067,0.913786768999103,356
907000,3627.999999941857,-832179.6806957563,161908.0024945258,-670271.6782012305,299.84381559928835,706.9481240097067,0.913786768999103,356
908000,3631.9999999417623,-833343.2159696817,162707.77262115054,-670635.4433485311,301.32494144035104,706.9481240097067,0.913786768999103,356
909000,3635.9999999416677,-831269.3399782032,162719.46308587084,-668549.8768923323,301.34659147304774,706.9481240097067,0.913786768999103,356
910000,3639.999999941573,-831815.9652344296,162319.06658635236,-669496.8986480772,300.60508140363487,706.9481240097067,0.913786768999103,356
911000,3643.9999999414786,-832300.4125622073,161862.7298816407,-670437.6826805666,299.75997346189877,706.9481240097067,0.913786768999103,356
912000,3647.999999941384,-833946.8468583152,162700.86389268775,-671245.9829656275,301.31214689362514,706.9481240097067,0.913786768999103,356
913000,3651.9999999412894,-832772.6068839179,162605.51698489033,-670167.0898990276,301.1355701945176,706.9481240097067,0.913786768999103,356
914000,3655.999999941195,-832442.6457600128,162308.2970548034,-670134.3487052093,300.5851368834005,706.9481240097067,0.913786768999103,356
915000,3659.9999999411,-832634.0041467752,163000.81170086502,-669633.1924459102,301.86763206976735,706.9481240097067,0.913786768999103,356
916000,3663.9999999410056,-830587.6578910733,161912.49692658585,-668675.1609644874,299.8521390152843,706.9481240097067,0.913786768999103,356
917000,3667.999999940911,-833225.8458437389,161669.83060822086,-671556.015235518,299.40273568935265,706.9481240097067,0.913786768999103,356
918000,3671.9999999408165,-832869.7435081741,164619.40126730528,-668250.3422408688,304.8651619263108,706.9481240097067,0.913786768999103,356
919000,3675.999999940722,-830755.5517023923,162231.57204564125,-668523.979656751,300.4430468128381,706.9481240097067,0.913786768999103,356
920000,3679.9999999406273,-831999.6931514917,162519.6609910871,-669480.0321604046,300.97657009336507,706.9481240097067,0.913786768999103,356
921000,3683.9999999405327,-832744.8709801389,162125.9012935945,-670618.9696865444,300.24735097938463,706.9481240097067,0.913786768999103,356
922000,3687.999999940438,-831372.3261311157,162045.79459591524,-669326.5315352004,300.0989982264809,706.9481240097067,0.913786768999103,356
923000,3691.9999999403435,-830999.9118917864,161273.8368313264,-669726.07506046,298.66937919561406,706.9481240097067,0.913786768999103,356
924000,3695.999999940249,-832067.6624787943,162851.20551195665,-669216.4569668376,301.5905704679416,706.9481240097067,0.913786768999103,356
925000,3699.9999999401543,-830372.2885569725,163365.63415740244,-667006.6543995701,302.5432611659153,706.9481240097067,0.913786768999103,356
926000,3703.9999999400598,-831741.9128086157,163127.98716501112,-668613.9256436046,302.1031533277204,706.9481240097067,0.913786768999103,356
927000,3707.999999939965,-829877.7648799047,162331.7108785031,-667546.0540014016,300.6284978669697,706.9481240097067,0.913786768999103,356
928000,3711.9999999398706,-833138.8928846652,162274.10622526257,-670864.7866594025,300.52181753766047,706.9481240097067,0.913786768999103,356
929000,3715.999999939776,-831470.7464071745,162953.5776822567,-668517.1687249178,301.78015752775957,706.9481240097067,0.913786768999103,356
930000,3719.9999999396814,-832606.5280818101,162585.03852815216,-670021.489553658,301.09764533279764,706.9481240097067,0.913786768999103,356
931000,3723.999999939587,-832189.9918504292,161361.27442881162,-670828.7174216176,298.8313083310049,706.9481240097067,0.913786768999103,356
932000,3727.999999939492,-830710.8652731115,162353.73891778686,-668357.1263553246,300.6692924617226,706.9481240097067,0.913786768999103,356
933000,3731.9999999393976,-831437.7844712902,162489.73966114924,-668948.044810141,300.9211576023323,706.9481240097067,0.913786768999103,356
934000,3735.999999939303,-832657.6654942688,162857.2642426736,-669800.4012515951,301.6017908703174,706.9481240097067,0.913786768999103,356
935000,3739.9999999392085,-832539.1072953753,161611.01312284672,-670928.0941725286,299.29380926838013,706.9481240097067,0.913786768999103,356
936000,3743.999999939114,-832212.0490378467,163304.92371995203,-668907.1253178947,302.43082911233313,706.9481240097067,0.913786768999103,356
937000,3747.9999999390193,-833786.5024041347,162762.11110214874,-671024.391301986,301.4255730164643,706.9481240097067,0.913786768999103,356
938000,3751.9999999389247,-833998.3365738681,162437.71965348726,-671560.6169203809,300.8248196984328,706.9481240097067,0.913786768999103,356
939000,3755.99999993883,-833413.741394558,162047.64994036398,-671366.091454194,300.1024342120418,706.9481240097067,0.913786768999103,356
940000,3759.9999999387355,-831985.3033825187,163057.19361452752,-668928.1097679911,301.9720479594262,706.9481240097067,0.913786768999103,356
941000,3763.999999938641,-832865.6595164761,162728.35037800297,-670137.3091384731,301.36305019986906,706.9481240097067,0.913786768999103,356
942000,3767.9999999385464,-832971.9749172442,162870.80176772247,-670101.1731495217,301.6268615468861,706.9481240097067,0.913786768999103,356
943000,3771.9999999384518,-831286.1128613148,163787.37556654497,-667498.7372947698,303.32430071532104,706.9481240097067,0.913786768999103,356
944000,3775.999999938357,-831570.8865096401,162379.50296183059,-669191.3835478096,300.71700591104144,706.9481240097067,0.913786768999103,356
945000,3779.9999999382626,-832785.9800417041,163264.05636683735,-669521.9236748668,302.3551452492594,706.9481240097067,0.913786768999103,356
946000,3783.999999938168,-831516.8284422569,162752.05604454438,-668764.7723977126,301.4069516587073,706.9481240097067,0.913786768999103,356
947000,3787.9999999380734,-834512.1331246365,162331.0034282789,-672181.1296963575,300.62718771199707,706.9481240097067,0.913786768999103,356
948000,3791.999999937979,-833653.4607331082,162673.17898245063,-670980.2817506576,301.2608761164422,706.9481240097067,0.913786768999103,356
949000,3795.9999999378842,-833806.1896577217,161795.51515536182,-672010.6745023598,299.63549585930093,706.9481240097067,0.913786768999103,356
950000,3799.9999999377897,-832807.4544450697,162328.6671252134,-670478.7873198562,300.6228610202045,706.9481240097067,0.913786768999103,356
951000,3803.999999937695,-831941.7969440939,161378.95755876045,-670562.8393853335,298.8640564167938,706.9481240097067,0.913786768999103,356
952000,3807.9999999376005,-831275.529046583,162800.64088169538,-668474.8881648877,301.4969278348517,706.9481240097067,0.913786768999103,356
953000,3811.999999937506,-831121.3390267529,162914.21413846113,-668207.1248882917,301.70725862847524,706.9481240097067,0.913786768999103,356
954000,3815.9999999374113,-831891.3326523174,162035.59984233475,-669855.7328099826,300.08011816023605,706.9481240097067,0.913786768999103,356
955000,3819.9999999373167,-833539.5385694942,161434.48611053443,-672105.0524589597,298.966891931914,706.9481240097067,0.913786768999103,356
956000,3823.999999937222,-832389.7311275695,161588.8658699768,-670800.8652575926,299.2527938972852,706.9481240097067,0.913786768999103,356
957000,3827.9999999371275,-832166.0320277698,161539.06960698293,-670626.962420787,299.1605742338428,706.9481240097067,0.913786768999103,356
958000,3831.999999937033,-832191.0553428466,163075.45100628532,-669115.6043365612,302.0058595433085,706.9481240097067,0.913786768999103,356
959000,3835.9999999369384,-832450.047511749,161983.24664334988,-670466.8008683991,299.9831632061844,706.9481240097067,0.913786768999103,356
960000,3839.999999936844,-831838.1273999372,162022.1364719586,-669815.9909279787,300.0551848136305,706.9481240097067,0.913786768999103,356
961000,3843.999999936749,-832854.6963358466,161644.21708065947,-671210.4792551871,299.35530098744397,706.9481240097067,0.913786768999103,356
962000,3847.9999999366546,-831994.9765454587,161371.45969298825,-670623.5168524703,298.8501708234485,706.9481240097067,0.913786768999103,356
963000,3851.99999993656,-832565.2113564238,161740.85495455156,-670824.3564018722,299.53426847757885,706.9481240097067,0.913786768999103,356
964000,3855.9999999364654,-830969.2387920413,162183.01665400917,-668786.2221380321,300.35312516801156,706.9481240097067,0.913786768999103,356
965000,3859.999999936371,-831961.622542128,162223.29979590594,-669738.322746222,300.4277271072892,706.9481240097067,0.913786768999103,356
966000,3863.9999999362763,-834933.579762578,161444.07202851606,-673489.5077340619,298.9846444715004,706.9481240097067,0.913786768999103,356
967000,3867.9999999361817,-832864.6179998955,162915.70036982407,-669948.9176300714,301.71001103895446,706.9481240097067,0.913786768999103,356
968000,3871.999999936087,-831946.3459818978,162042.28871436967,-669904.0572675281,300.09250554617194,706.9481240097067,0.913786768999103,356
969000,3875.9999999359925,-832901.0676427707,160517.92181422253,-672383.1458285481,297.2694703615532,706.9481240097067,0.913786768999103,356
970000,3879.999999935898,-832809.3750243336,161908.333548441,-670901.0414758925,299.84442869109097,706.9481240097067,0.913786768999103,356
971000,3883.9999999358033,-831674.7146957712,163260.3254018356,-668414.3892939356,302.3482357280204,706.9481240097067,0.913786768999103,356
972000,3887.9999999357087,-833343.572967751,162884.13155941624,-670459.4414083348,301.6515475138613,706.9481240097067,0.913786768999103,356
973000,3891.999999935614,-831497.1265494293,162871.92048150278,-668625.2060679265,301.6289333370588,706.9481240097067,0.913786768999103,356
974000,3895.9999999355196,-833059.206958985,163720.0251169764,-669339.1818420086,303.19957176141,706.9481240097067,0.913786768999103,356
975000,3899.999999935425,-832956.3378097666,162198.24876639713,-670758.0890433695,300.3813341177094,706.9481240097067,0.913786768999103,356
976000,3903.9999999353304,-833907.6687869299,162098.3649893048,-671809.3037976251,300.1963554114169,706.9481240097067,0.913786768999103,356
977000,3907.999999935236,-833381.6417603409,162306.23911624955,-671075.4026440913,300.5813257058259,706.9481240097067,0.913786768999103,356
978000,3911.999999935141,-832475.0585279735,162958.01444245822,-669517.0440855152,301.78837413896616,706.9481240097067,0.913786768999103,356
979000,3915.9999999350466,-832725.3185337586,162257.60960886406,-670467.7089248946,300.4912668031125,706.9481240097067,0.913786768999103,356
980000,3919.999999934952,-832103.8253585836,162178.30047514918,-669925.5248834344,300.34439109037095,706.9481240097067,0.913786768999103,356
981000,3923.9999999348574,-832893.6813901076,162017.30235867653,-670876.379031431,300.04623232858216,706.9481240097067,0.913786768999103,356
982000,3927.999999934763,-831809.6006360371,162455.2401452742,-669354.3604907629,300.8572665881951,706.9481240097067,0.913786768999103,356
983000,3931.9999999346683,-832969.5307329437,162288.54626402148,-670680.9844689223,300.54855961496463,706.9481240097067,0.913786768999103,356
984000,3935.9999999345737,-833765.0531828124,162257.41997438925,-671507.6332084232,300.4909156115492,706.9481240097067,0.913786768999103,356
985000,3939.999999934479,-832413.7940322887,163266.2684648194,-669147.5255674693,302.35924192075925,706.9481240097067,0.913786768999103,356
986000,3943.9999999343845,-833078.2237455035,162499.13065242296,-670579.0930930804,300.9385491494602,706.9481240097067,0.913786768999103,356
987000,3947.99999993429,-832315.0151893366,162184.10568837455,-670130.9095009621,300.35514199370516,706.9481240097067,0.913786768999103,356
988000,3951.9999999341953,-831278.438957708,162799.4324405538,-668479.0065171542,301.4946898750397,706.9481240097067,0.913786768999103,356
989000,3955.9999999341007,-832486.9018233744,161760.69277341204,-670726.2090499625,299.5710069167459,706.9481240097067,0.913786768999103,356
990000,3959.999999934006,-833370.487482327,161901.5852547615,-671468.9022275655,299.8319312598679,706.9481240097067,0.913786768999103,356
991000,3963.9999999339116,-833704.2636974342,163867.40800138784,-669836.8556960464,303.4725159379491,706.9481240097067,0.913786768999103,356
992000,3967.999999933817,-832163.067064533,161471.20606534265,-670691.8609991904,299.03489506448744,706.9481240097067,0.913786768999103,356
993000,3971.9999999337224,-831671.0023736171,161853.02440635205,-669817.9779672651,299.7419995094201,706.9481240097067,0.913786768999103,356
994000,3975.999999933628,-832742.2552690255,161486.21009943594,-671256.0451695896,299.06268162699575,706.9481240097067,0.913786768999103,356
995000,3979.999999933533,-831024.908542945,161203.010238602,-669821.898304343,298.5382126350909,706.9481240097067,0.913786768999103,356
996000,3983.9999999334386,-832118.6749097435,162130.58790152016,-669988.0870082233,300.25603029344575,706.9481240097067,0.913786768999103,356
997000,3987.999999933344,-832614.2783916378,162780.98023331573,-669833.2981583221,301.46051750468587,706.9481240097067,0.913786768999103,356
998000,3991.9999999332495,-834667.5328610968,161071.90642607494,-673595.6264350219,298.295416313834,706.9481240097067,0.913786768999103,356
999000,3995.999999933155,-832740.1762910457,161741.24473868153,-670998.9315523643,299.53499033418257,706.9481240097067,0.913786768999103,356
1000000,3999.9999999330603,-832290.1967952037,162121.95263456076,-670168.244160643,300.2400383019818,706.9481240097067,0.913786768999103,356
1001000,4003.9999999329657,-832977.1570021287,163105.51601637737,-669871.6409857513,302.0615381212857,706.9481240097067,0.913786768999103,356
1002000,4007.999999932871,-832432.2248360123,162779.5922872134,-669652.6325487989,301.4579471125573,706.9481240097067,0.913786768999103,356
1003000,4011.9999999327765,-831657.71157391,163104.81047907908,-668552.9010948308,302.06023150893606,706.9481240097067,0.913786768999103,356
1004000,4015.999999932682,-831739.8334830981,162041.45540253393,-669698.3780805641,300.09096230311684,706.9481240097067,0.913786768999103,356
1005000,4019.9999999325873,-833036.7346369885,163002.17647745082,-670034.5581595376,301.8701595533545,706.9481240097067,0.913786768999103,356
1006000,4023.9999999324928,-833416.9266290003,163172.1234173106,-670244.8032116897,302.18489099412255,706.9481240097067,0.913786768999103,356
1007000,4027.999999932398,-833847.3558760453,162634.63405814272,-671212.7218179025,301.18949325087414,706.9481240097067,0.913786768999103,355
1008000,4031.9999999323036,-832777.2507081786,162747.9537738607,-670029.2969343179,301.39935450183145,706.9481240097067,0.913786768999103,355
1009000,4035.999999932209,-831570.6347517045,162336.60608169093,-669234.0286700136,300.6375634868239,706.9481240097067,0.913786768999103,355
1010000,4039.9999999321144,-831355.3411573619,162809.2180172322,-668546.1231401297,301.51281217044135,706.9481240097067,0.913786768999103,355
1011000,4043.99999993202,-830182.9375827257,161475.69264114014,-668707.2449415855,299.0432039311609,706.9481240097067,0.913786768999103,355
1012000,4047.9999999319252,-832257.0935871676,163494.71228358956,-668762.381303578,302.78230603874454,706.9481240097067,0.913786768999103,355
1013000,4051.9999999318306,-831962.9879703932,163119.43558439487,-668843.5523859983,302.08731631829613,706.9481240097067,0.913786768999103,355
1014000,4055.999999931736,-833810.36721412,163076.70530701568,-670733.6619071043,302.0081824323017,706.9481240097067,0.913786768999103,355
1015000,4059.9999999316415,-832342.2769949036,162653.01401660588,-669689.2629782977,301.22353182087215,706.9481240097067,0.913786768999103,355
1016000,4063.999999931547,-833011.0277919555,162919.8519024144,-670091.1758895412,301.7176994258982,706.9481240097067,0.913786768999103,355
1017000,4067.9999999314523,-832280.3615355482,163079.9438202881,-669200.4177152601,302.01417996276035,706.9481240097067,0.913786768999103,355
1018000,4071.9999999313577,-832814.8406381952,162407.91076524358,-670406.9298729516,300.76961544260814,706.9481240097067,0.913786768999103,355
1019000,4075.999999931263,-832598.6711243782,162174.13433124375,-670424.5367931344,300.33667564415646,706.9481240097067,0.913786768999103,355
1020000,4079.9999999311685,-832135.4931969,162544.94020804076,-669590.5529888592,301.0233856722739,706.9481240097067,0.913786768999103,355
1021000,4083.999999931074,-831554.5628060894,162024.19295508217,-669530.3698510072,300.05899329583633,706.9481240097067,0.913786768999103,355
1022000,4087.9999999309794,-831959.5334644988,162628.9949973902,-669330.5384671086,301.1790500518575,706.9481240097067,0.913786768999103,355
1023000,4091.9999999308848,-832879.1312123071,162753.54418262912,-670125.587029678,301.40970760031985,706.9481240097067,0.913786768999103,355
1024000,4095.99999993079,-833034.424848754,162554.92973402387,-670479.4951147301,301.04188566943685,706.9481240097067,0.913786768999103,355
1025000,4099.999999930696,-833794.6452310486,162456.88890181298,-671337.7563292356,300.8603199854575,706.9481240097067,0.913786768999103,355
1026000,4103.999999930601,-832272.0790265715,162543.9104011446,-669728.168625427,301.0214785322665,706.9481240097067,0.913786768999103,355
1027000,4107.999999930506,-832102.6692280648,162486.23375516816,-669616.4354728967,300.9146648767702,706.9481240097067,0.913786768999103,355
1028000,4111.999999930412,-833397.7613025289,162682.00333215762,-670715.7579703713,301.2772182777039,706.9481240097067,0.913786768999103,355
1029000,4115.999999930317,-834571.9456146276,163136.59155968187,-671435.3540549458,302.1190881455753,706.9481240097067,0.913786768999103,355
1030000,4119.999999930223,-833360.3295709593,161976.55755399843,-671383.7720169609,299.9707754177915,706.9481240097067,0.913786768999103,355
1031000,4123.999999930128,-833008.6393021923,162235.11149132752,-670773.5278108647,300.449601651903,706.9481240097067,0.913786768999103,355
1032000,4127.9999999300335,-832697.4903029213,161839.16516001953,-670858.3251429017,299.71633302451727,706.9481240097067,0.913786768999103,355
1033000,4131.999999929939,-831407.8094144128,161564.28236404856,-669843.5270503643,299.20726673306376,706.9481240097067,0.913786768999103,355
1034000,4135.999999929844,-831636.8523261212,162494.11850038305,-669142.7338257381,300.92926694741425,706.9481240097067,0.913786768999103,355
1035000,4139.99999992975,-832187.1988515109,162914.92168423848,-669272.2771672724,301.70856896040647,706.9481240097067,0.913786768999103,355
1036000,4143.999999929655,-832283.9213018585,162357.9045382446,-669926.0167636139,300.6770069385436,706.9481240097067,0.913786768999103,355
1037000,4147.9999999295605,-831851.7444417458,164057.50164617386,-667794.2427955719,303.824557856172,706.9481240097067,0.913786768999103,355
1038000,4151.999999929466,-832311.8448304962,161951.74547235924,-670360.099358137,299.9248249451957,706.9481240097067,0.913786768999103,355
1039000,4155.999999929371,-830938.6936185351,163351.40880238084,-667587.2848161543,302.5169166698915,706.9481240097067,0.913786768999103,355
1040000,4159.999999929277,-831968.4826133093,162457.07690898218,-669511.4057043272,300.8606681633493,706.9481240097067,0.913786768999103,355
1041000,4163.999999929182,-831772.4805092113,161979.05227750688,-669793.4282317044,299.9753954946506,706.9481240097067,0.913786768999103,355
1042000,4167.999999929088,-831173.6240814505,162955.3587064282,-668218.2653750223,301.78345587666774,706.9481240097067,0.913786768999103,355
1043000,4171.999999928993,-832907.2746892031,163045.27391783072,-669862.0007713723,301.9499734029912,706.9481240097067,0.913786768999103,355
1044000,4175.999999928898,-832255.6751342611,163252.2057927405,-669003.4693415207,302.3331987036934,706.9481240097067,0.913786768999103,355
1045000,4179.999999928804,-832233.0018237326,162454.51433094853,-669778.4874927842,300.8559224240187,706.9481240097067,0.913786768999103,355
1046000,4183.999999928709,-831268.9549649758,161725.73093684006,-669543.2240281358,299.5062597126757,706.9481240097067,0.913786768999103,355
1047000,4187.999999928615,-831674.5909062745,162775.4079533972,-668899.1829528774,301.45019797972964,706.9481240097067,0.913786768999103,355
1048000,4191.99999992852,-832120.6946342308,163335.86045952298,-668784.8341747078,302.48812208051413,706.9481240097067,0.913786768999103,355
1049000,4195.9999999284255,-833000.8865683917,162500.99045663484,-670499.8961117568,300.9419933942323,706.9481240097067,0.913786768999103,355
1050000,4199.999999928331,-832388.8739942331,162615.20051814686,-669773.6734760862,301.15350351168155,706.9481240097067,0.913786768999103,355
1051000,4203.999999928236,-832285.4600802548,162236.87158381814,-670048.5884964367,300.4528612366058,706.9481240097067,0.913786768999103,355
1052000,4207.999999928142,-834042.7546255188,161405.26711627445,-672637.4875092444,298.9127801240237,706.9481240097067,0.913786768999103,355
1053000,4211.999999928047,-832777.8476858903,162796.0659077688,-669981.7817781215,301.4884552601965,706.9481240097067,0.913786768999103,355
1054000,4215.999999927953,-833075.6575361723,162032.39570728067,-671043.2618288917,300.0741842961558,706.9481240097067,0.913786768999103,355
1055000,4219.999999927858,-832321.9629625501,162811.38157425524,-669510.5813882949,301.5168189470247,706.9481240097067,0.913786768999103,355
1056000,4223.999999927763,-832194.5132932821,162584.12771631696,-669610.3855769652,301.0959585644369,706.9481240097067,0.913786768999103,355
1057000,4227.999999927669,-832098.5992714334,163415.46790354053,-668683.131367893,302.6355502458707,706.9481240097067,0.913786768999103,355
1058000,4231.999999927574,-832595.5976049108,161958.66436596957,-670636.9332389412,299.9376383171594,706.9481240097067,0.913786768999103,355
1059000,4235.99999992748,-832898.6350997128,162004.12673339603,-670894.5083663168,300.02183186846815,706.9481240097067,0.913786768999103,355
1060000,4239.999999927385,-832822.8999439329,161996.23308807588,-670826.666855857,300.0072133153681,706.9481240097067,0.913786768999103,355
1061000,4243.99999992729,-833015.6582243079,162220.34878167725,-670795.3094426307,300.4222620076487,706.9481240097067,0.913786768999103,355
1062000,4247.999999927196,-833890.9743598858,162305.65819938848,-671585.3161604973,300.58024988297905,706.9481240097067,0.913786768999103,355
1063000,4251.999999927101,-832850.1004818063,161785.84214667778,-671064.2583351285,299.61758203300786,706.9481240097067,0.913786768999103,355
1064000,4255.999999927007,-832462.2624252951,162009.75404166227,-670452.5083836329,300.03225330259187,706.9481240097067,0.913786768999103,355
1065000,4259.999999926912,-832359.2223426811,163081.08969639958,-669278.1326462815,302.01630205592545,706.9481240097067,0.913786768999103,355
1066000,4263.9999999268175,-831910.8749250211,163520.8769648912,-668389.9979601299,302.83076144400286,706.9481240097067,0.913786768999103,355
1067000,4267.999999926723,-831234.7467813743,162601.1026120202,-668633.6441693541,301.127395043293,706.9481240097067,0.913786768999103,355
1068000,4271.999999926628,-833639.5618279474,162008.73890690645,-671630.8229210409,300.0303733344998,706.9481240097067,0.913786768999103,355
1069000,4275.999999926534,-831576.5801357115,162880.4209902851,-668696.1591454264,301.6446757645396,706.9481240097067,0.913786768999103,355
1070000,4279.999999926439,-832463.6306356061,162796.36682891432,-669667.2638066919,301.4890125479344,706.9481240097067,0.913786768999103,355
1071000,4283.999999926345,-831177.7166547887,162359.2574921636,-668818.4591626251,300.67951252726783,706.9481240097067,0.913786768999103,355
1072000,4287.99999992625,-831383.1054742374,162144.1801013883,-669238.925372849,300.28120222446864,706.9481240097067,0.913786768999103,355
1073000,4291.999999926155,-831759.5466405675,163358.4008524458,-668401.1457881217,302.5298655231788,706.9481240097067,0.913786768999103,355
1074000,4295.999999926061,-830715.1261859015,163140.46483864496,-667574.6613472565,302.12626122365225,706.9481240097067,0.913786768999103,355
1075000,4299.999999925966,-832771.6718238741,164200.34474000402,-668571.3270838701,304.0890946154807,706.9481240097067,0.913786768999103,355
1076000,4303.999999925872,-831358.95025401,163410.99013532887,-667947.9601186812,302.62725769031283,706.9481240097067,0.913786768999103,355
1077000,4307.999999925777,-831163.2042413978,163645.9771968589,-667517.2270445388,303.0624394976359,706.9481240097067,0.913786768999103,355
1078000,4311.9999999256825,-831774.2828721525,162604.4181105158,-669169.8647616367,301.13353514572293,706.9481240097067,0.913786768999103,355
1079000,4315.999999925588,-831736.6594048999,161935.76984842645,-669800.8895564735,299.8952390571434,706.9481240097067,0.913786768999103,355
1080000,4319.999999925493,-830851.7594579374,162303.96743353142,-668547.792024406,300.57711868700324,706.9481240097067,0.913786768999103,355
1081000,4323.999999925399,-832332.2807991402,162950.25764945336,-669382.0231496869,301.77400902806636,706.9481240097067,0.913786768999103,355
1082000,4327.999999925304,-832974.517183804,162454.44018455545,-670520.0769992485,300.85578510938893,706.9481240097067,0.913786768999103,355
1083000,4331.9999999252095,-832585.4856718387,162133.6455602176,-670451.8401116212,300.26169289218404,706.9481240097067,0.913786768999103,355
1084000,4335.999999925115,-832299.2347395178,162292.20205444744,-670007.0326850703,300.5553299174417,706.9481240097067,0.913786768999103,355
1085000,4339.99999992502,-832913.7111376915,162601.96975134162,-670311.7413863499,301.129000932803,706.9481240097067,0.913786768999103,355
1086000,4343.999999924926,-832403.9765006816,162931.31993760407,-669472.6565630776,301.7389375325743,706.9481240097067,0.913786768999103,355
1087000,4347.999999924831,-831464.2680153111,162021.07900331618,-669443.189011995,300.05322644574414,706.9481240097067,0.913786768999103,355
1088000,4351.999999924737,-833789.0111340797,162481.53948890546,-671307.4716451742,300.90597137993274,706.9481240097067,0.913786768999103,355
1089000,4355.999999924642,-832964.7116435729,162514.00462155114,-670450.7070220218,300.9660948395297,706.9481240097067,0.913786768999103,355
1090000,4359.999999924547,-832978.0644922396,163456.02455589964,-669522.03993634,302.7106587099611,706.9481240097067,0.913786768999103,355
1091000,4363.999999924453,-833059.9408719297,163356.05659507687,-669703.884276853,302.5255241004979,706.9481240097067,0.913786768999103,355
1092000,4367.999999924358,-832681.8653680831,162125.54416157922,-670556.3212065039,300.24668959252,706.9481240097067,0.913786768999103,355
1093000,4371.999999924264,-833825.0045360159,163843.18321232277,-669981.8213236931,303.42765309563464,706.9481240097067,0.913786768999103,355
1094000,4375.999999924169,-831696.900537421,162898.24839723782,-668798.6521401831,301.67769104260236,706.9481240097067,0.913786768999103,355
1095000,4379.9999999240745,-831752.1557901073,162060.38932947215,-669691.7664606352,300.1260267891828,706.9481240097067,0.913786768999103,355
1096000,4383.99999992398,-832506.8561532795,162791.8050975724,-669715.0510557072,301.480564497744,706.9481240097067,0.913786768999103,355
1097000,4387.999999923885,-832807.055426646,162178.50981977972,-670628.5456068662,300.3447787839489,706.9481240097067,0.913786768999103,355
1098000,4391.999999923791,-832074.8326784624,162410.4391504377,-669664.3935280247,300.77429785887074,706.9481240097067,0.913786768999103,355
1099000,4395.999999923696,-833033.253711232,162208.53826441301,-670824.715446819,300.40038964491094,706.9481240097067,0.913786768999103,355
1100000,4399.9999999236015,-832839.300662674,162079.29740785767,-670760.0032548164,300.1610434052945,706.9481240097067,0.913786768999103,355
1101000,4403.999999923507,-834228.1716189431,162438.41328187287,-671789.7583370702,300.82610425619737,706.9481240097067,0.913786768999103,355
1102000,4407.999999923412,-835746.7969272519,163149.2031385335,-672597.5937887183,302.1424440258613,706.9481240097067,0.913786768999103,355
1103000,4411.999999923318,-832871.8635612838,162114.38123347086,-670757.4823278129,300.2260165256814,706.9481240097067,0.913786768999103,355
1104000,4415.999999923223,-833521.456959948,162408.57324534352,-671112.8837146044,300.770842315634,706.9481240097067,0.913786768999103,355
1105000,4419.999999923129,-833330.3174359882,162250.08799545912,-671080.2294405291,300.4773372305895,706.9481240097067,0.913786768999103,355
1106000,4423.999999923034,-833693.3401786285,163120.1610926257,-670573.1790860028,302.0886599156034,706.9481240097067,0.913786768999103,355
1107000,4427.999999922939,-833791.7506682742,162765.46718658868,-671026.2834816856,301.43178828160524,706.9481240097067,0.913786768999103,355
1108000,4431.999999922845,-833459.9513022611,162037.22815339584,-671422.7231488653,300.083133693712,706.9481240097067,0.913786768999103,355
1109000,4435.99999992275,-831896.8386280816,163342.23908170674,-668554.5995463749,302.4999349025141,706.9481240097067,0.913786768999103,355
1110000,4439.999999922656,-833567.0443642167,162614.4179252865,-670952.6264389302,301.15205419709747,706.9481240097067,0.913786768999103,355
1111000,4443.999999922561,-834199.4330275962,161618.714747441,-672580.7182801552,299.30807221072445,706.9481240097067,0.913786768999103,355
1112000,4447.9999999224665,-835290.5218960056,161714.08778446412,-673576.4341115415,299.4846972995756,706.9481240097067,0.913786768999103,355
1113000,4451.999999922372,-832534.8513976727,161951.8366708432,-670583.0147268295,299.9249938392651,706.9481240097067,0.913786768999103,355
1114000,4455.999999922277,-832733.6707802778,163650.79286594072,-669082.8779143371,303.07135782514234,706.9481240097067,0.913786768999103,355
1115000,4459.999999922183,-833519.3003683574,164114.57521657943,-669404.725151778,303.93025465223286,706.9481240097067,0.913786768999103,355
1116000,4463.999999922088,-832940.3080617795,162828.53882264032,-670111.7692391392,301.5485931320045,706.9481240097067,0.913786768999103,355
1117000,4467.999999921994,-832656.7323848763,162199.6590254765,-670457.0733593998,300.3839458321202,706.9481240097067,0.913786768999103,355
1118000,4471.999999921899,-832400.6008216375,163114.18858590827,-669286.4122357293,302.077599194853,706.9481240097067,0.913786768999103,355
1119000,4475.999999921804,-831851.216076171,162752.6590860947,-669098.5569900763,301.40806845513885,706.9481240097067,0.913786768999103,355
1120000,4479.99999992171,-831828.4086146373,161965.1585618402,-669863.2500527971,299.94966517462836,706.9481240097067,0.913786768999103,355
1121000,4483.999999921615,-830936.3408170845,162002.8737892715,-668933.467027813,300.0195114918268,706.9481240097067,0.913786768999103,355
1122000,4487.999999921521,-831583.4641308868,162238.33575346757,-669345.1283774192,300.45557279012763,706.9481240097067,0.913786768999103,355
1123000,4491.999999921426,-832963.203181522,161869.05711783786,-671094.1460636841,299.7716911201635,706.9481240097067,0.913786768999103,355
1124000,4495.999999921331,-832561.476097648,162664.7104564231,-669896.7656412249,301.24519291908655,706.9481240097067,0.913786768999103,355
1125000,4499.999999921237,-831577.6878135111,162551.9647162084,-669025.7230973027,301.03639463600166,706.9481240097067,0.913786768999103,355
1126000,4503.999999921142,-832661.1050511086,161916.1993752811,-670744.9056758275,299.8589957260506,706.9481240097067,0.913786768999103,355
1127000,4507.999999921048,-833584.3439791128,162575.62795933452,-671008.7160197783,301.080217529244,706.9481240097067,0.913786768999103,355
1128000,4511.999999920953,-833433.3754944131,162737.70559241468,-670695.6699019984,301.3803754904152,706.9481240097067,0.913786768999103,355
1129000,4515.9999999208585,-834051.5840806197,162403.12565936823,-671648.4584212515,300.7607537163093,706.9481240097067,0.913786768999103,355
1130000,4519.999999920764,-833104.353522162,162862.33639026165,-670242.0171319003,301.6111841804852,706.9481240097067,0.913786768999103,355
1131000,4523.999999920669,-835228.7519825548,163414.84510687483,-671813.90687568,302.63439686416194,706.9481240097067,0.913786768999103,355
1132000,4527.999999920575,-833189.2190903453,163124.69979672704,-670064.5192936183,302.09706532073875,706.9481240097067,0.913786768999103,355
1133000,4531.99999992048,-832705.8375942446,163123.77668760618,-669582.0609066384,302.0953557785497,706.9481240097067,0.913786768999103,355
1134000,4535.999999920386,-832827.6575443316,162636.51654735766,-670191.140996974,301.1929795068981,706.9481240097067,0.913786768999103,355
1135000,4539.999999920291,-833932.7625108939,161650.11779925376,-672282.6447116401,299.3662287609377,706.9481240097067,0.913786768999103,355
1136000,4543.999999920196,-833098.064390488,161770.0302597119,-671328.0341307761,299.5882993759024,706.9481240097067,0.913786768999103,355
1137000,4547.999999920102,-832716.3459107168,162258.74441969406,-670457.6014910227,300.4933684040464,706.9481240097067,0.913786768999103,355
1138000,4551.999999920007,-833974.9226154462,162301.35367685536,-671673.5689385908,300.5722781679262,706.9481240097067,0.913786768999103,355
1139000,4555.999999919913,-834069.2809909834,162540.0841144852,-671529.1968764982,301.0143924810901,706.9481240097067,0.913786768999103,355
1140000,4559.999999919818,-831872.2069499511,162202.72855618247,-669669.4783937687,300.38963041709934,706.9481240097067,0.913786768999103,355
1141000,4563.999999919723,-833948.9117336264,163488.98078983696,-670459.9309437894,302.7716916594095,706.9481240097067,0.913786768999103,355
1142000,4567.999999919629,-833274.2323215446,163182.5892485967,-670091.6430729479,302.20427307986193,706.9481240097067,0.913786768999103,355
1143000,4571.999999919534,-833685.9261824116,163589.1099440137,-670096.816238398,302.95712478920245,706.9481240097067,0.913786768999103,355
1144000,4575.99999991944,-831822.8941639075,162757.38941916838,-669065.5047447392,301.41682874552606,706.9481240097067,0.913786768999103,355
1145000,4579.999999919345,-831991.8508374793,161628.50137689992,-670363.3494605795,299.32619645581184,706.9481240097067,0.913786768999103,355
1146000,4583.9999999192505,-832670.3150274428,162988.62598536193,-669681.6890420809,301.8450648626129,706.9481240097067,0.913786768999103,355
1147000,4587.999999919156,-831705.6913884934,162743.0515519824,-668962.639836511,301.3902758837875,706.9481240097067,0.913786768999103,355
1148000,4591.999999919061,-832782.3334408747,162579.6555130491,-670202.6779278256,301.08767631481794,706.9481240097067,0.913786768999103,355
1149000,4595.999999918967,-834002.9023596663,163819.25155349594,-670183.6508061704,303.3833331127697,706.9481240097067,0.913786768999103,355
1150000,4599.999999918872,-832763.8182557859,161960.61910475773,-670803.1991510282,299.9412583750176,706.9481240097067,0.913786768999103,355
1151000,4603.999999918778,-831005.1825666735,162312.12920857576,-668693.0533580978,300.5922338001147,706.9481240097067,0.913786768999103,355
1152000,4607.999999918683,-832671.7004555212,162843.48306759464,-669828.2173879265,301.57626896864826,706.9481240097067,0.913786768999103,355
1153000,4611.999999918588,-833773.8136676848,162510.56947101807,-671263.2441966668,300.9597331487725,706.9481240097067,0.913786768999103,355
1154000,4615.999999918494,-832263.9050598843,162899.21321586624,-669364.6918440181,301.67947782827355,706.9481240097067,0.913786768999103,355
1155000,4619.999999918399,-831723.9761415459,161954.28431534534,-669769.6918262006,299.9295267286557,706.9481240097067,0.913786768999103,355
1156000,4623.999999918305,-834022.4303578986,163547.2683567574,-670475.1620011411,302.8796367034972,706.9481240097067,0.913786768999103,355
1157000,4627.99999991821,-831906.3560478147,162077.7766487968,-669828.5793990178,300.15822705160974,706.9481240097067,0.913786768999103,355
1158000,4631.9999999181155,-832789.1067812378,162444.96141002965,-670344.1453712081,300.8382309929942,706.9481240097067,0.913786768999103,355
1159000,4635.999999918021,-833195.6018490028,162367.74895999697,-670827.8528890058,300.6952382114586,706.9481240097067,0.913786768999103,355
1160000,4639.999999917926,-833761.3657522462,162624.03005543607,-671137.3356968102,301.1698552800314,706.9481240097067,0.913786768999103,355
1161000,4643.999999917832,-832256.591738685,163298.98554740747,-668957.6061912775,302.41983197639166,706.9481240097067,0.913786768999103,355
1162000,4647.999999917737,-831792.5171191031,163190.82635994107,-668601.6907591621,302.21952771123875,706.9481240097067,0.913786768999103,355
1163000,4651.9999999176425,-833187.5912277577,162331.5006752389,-670856.0905525188,300.6281085832541,706.9481240097067,0.913786768999103,355
1164000,4655.999999917548,-832198.6436374849,161433.62725865789,-670765.0163788269,298.9653013902501,706.9481240097067,0.913786768999103,355
1165000,4659.999999917453,-832071.8687073272,162031.27046714944,-670040.5982401777,300.0721004195764,706.9481240097067,0.913786768999103,355
1166000,4663.999999917359,-831818.1133825434,163116.93904960062,-668701.1743329428,302.0826928870453,706.9481240097067,0.913786768999103,355
1167000,4667.999999917264,-832203.3281562636,162301.3132275414,-669902.0149287222,300.5722032582463,706.9481240097067,0.913786768999103,355
1168000,4671.99999991717,-835291.2024279945,161973.67277902778,-673317.5296489666,299.9654329892455,706.9481240097067,0.913786768999103,355
1169000,4675.999999917075,-833447.8159361323,161969.84531018237,-671477.97062595,299.95834474873226,706.9481240097067,0.913786768999103,355
1170000,4679.99999991698,-831783.6016421197,162493.7158756547,-669289.885766465,300.9285213108,706.9481240097067,0.913786768999103,355
1171000,4683.999999916886,-831643.807674217,163410.6943730379,-668233.1133011791,302.6267099564611,706.9481240097067,0.913786768999103,355
1172000,4687.999999916791,-832952.5277070571,162307.39330925763,-670645.1343977994,300.58346320137986,706.9481240097067,0.913786768999103,355
1173000,4691.999999916697,-831283.2765247282,162428.9828605058,-668854.2936642224,300.80863968692444,706.9481240097067,0.913786768999103,355
1174000,4695.999999916602,-832718.1387460148,161796.62093216722,-670921.5178138476,299.63754369097956,706.9481240097067,0.913786768999103,355
1175000,4699.9999999165075,-833550.5594399907,162566.77418782254,-670983.7852521681,301.0638208805812,706.9481240097067,0.913786768999103,355
1176000,4703.999999916413,-832873.5712623242,162408.34805983672,-670465.2232024875,300.77042528571246,706.9481240097067,0.913786768999103,355
1177000,4707.999999916318,-831914.5238249619,163442.07883991627,-668472.4449850456,302.68483208850137,706.9481240097067,0.913786768999103,355
1178000,4711.999999916224,-833382.3229620755,162798.1751975558,-670584.1477645197,301.4923615371451,706.9481240097067,0.913786768999103,355
1179000,4715.999999916129,-833605.4436095292,162179.13892993302,-671426.3046795961,300.3459438578545,706.9481240097067,0.913786768999103,355
1180000,4719.9999999160345,-832047.6809469974,162483.59083953995,-669564.0901074575,300.9097703570796,706.9481240097067,0.913786768999103,355
1181000,4723.99999991594,-831392.2843049178,162773.0391585211,-668619.2451463967,301.4458111150715,706.9481240097067,0.913786768999103,355
1182000,4727.999999915845,-832969.9993947065,162314.01272771304,-670655.9866669935,300.5957219634925,706.9481240097067,0.913786768999103,355
1183000,4731.999999915751,-831541.1858720854,163357.40497175767,-668183.7809003277,302.5280212124541,706.9481240097067,0.913786768999103,355
1184000,4735.999999915656,-831397.236410955,163127.2757841798,-668269.9606267752,302.10183589350146,706.9481240097067,0.913786768999103,355
1185000,4739.999999915562,-831719.5121560544,161128.27335186856,-670591.2388041858,298.39980444686734,706.9481240097067,0.913786768999103,355
1186000,4743.999999915467,-832278.4801967414,162264.4897347252,-670013.9904620162,300.5040083795523,706.9481240097067,0.913786768999103,355
1187000,4747.999999915372,-830330.8214150006,162250.51168515978,-668080.3097298408,300.4781218782568,706.9481240097067,0.913786768999103,355
1188000,4751.999999915278,-832343.1339076944,163084.41044338554,-669258.7234643088,302.02245187824167,706.9481240097067,0.913786768999103,355
1189000,4755.999999915183,-833671.778097799,161978.51257509267,-671693.2655227063,299.9743959984635,706.9481240097067,0.913786768999103,355
1190000,4759.999999915089,-832538.7655683076,161405.7755970367,-671132.9899712709,298.91372179960223,706.9481240097067,0.913786768999103,355
1191000,4763.999999914994,-834317.6054592961,162180.2595084674,-672137.3459508287,300.34801910143875,706.9481240097067,0.913786768999103,355
1192000,4767.9999999148995,-833397.3276573373,162504.03965125018,-670893.2880060871,300.9476403180031,706.9481240097067,0.913786768999103,355
1193000,4771.999999914805,-833428.1851706924,162904.5198449282,-670523.6653257642,301.689305383931,706.9481240097067,0.913786768999103,355
1194000,4775.99999991471,-833307.3301754138,162420.5825160869,-670886.7476593269,300.79308275777885,706.9481240097067,0.913786768999103,355
1195000,4779.999999914616,-833287.1991149513,162922.19104430202,-670365.0080706493,301.7220313750175,706.9481240097067,0.913786768999103,355
1196000,4783.999999914521,-834563.2054724982,161544.57246796833,-673018.6330045299,299.1707651991389,706.9481240097067,0.913786768999103,355
1197000,4787.999999914427,-831982.5624029487,162169.91641612572,-669812.645986823,300.32886432079147,706.9481240097067,0.913786768999103,355
1198000,4791.999999914332,-832654.6508961422,162620.39894063422,-670034.251955508,301.1631306753158,706.9481240097067,0.913786768999103,355
1199000,4795.999999914237,-832404.3227449926,162026.66884956474,-670377.6538954278,300.06357850247986,706.9481240097067,0.913786768999103,355
1200000,4799.999999914143,-833034.1315319296,162267.51553095964,-670766.6160009699,300.5096119709387,706.9481240097067,0.913786768999103,355
1201000,4803.999999914048,-832296.6808444569,162595.8296885788,-669700.851155878,301.1176299084036,706.9481240097067,0.913786768999103,355
1202000,4807.999999913954,-832041.7274373258,162612.30108182976,-669429.426355496,301.1481339312099,706.9481240097067,0.913786768999103,355
1203000,4811.999999913859,-832268.5106251072,163009.0653466765,-669259.4452784307,301.882917321976,706.9481240097067,0.913786768999103,355
1204000,4815.999999913764,-833422.8643841129,162655.8448161747,-670767.0195679382,301.22877429024265,706.9481240097067,0.913786768999103,355
1205000,4819.99999991367,-834112.8197160065,161766.0399909751,-672346.7797250315,299.5809096398494,706.9481240097067,0.913786768999103,355
1206000,4823.999999913575,-833264.2902192036,161644.1803004223,-671620.1099187813,299.35523287267205,706.9481240097067,0.913786768999103,355
1207000,4827.999999913481,-833121.3730038833,163080.27904066382,-670041.0939632194,302.0148007705955,706.9481240097067,0.913786768999103,355
1208000,4831.999999913386,-833000.3852877421,161998.57495205323,-671001.8103356889,300.01155030563274,706.9481240097067,0.913786768999103,355
1209000,4835.9999999132915,-832489.9500177866,162979.35630973618,-669510.5937080504,301.8278979847183,706.9481240097067,0.913786768999103,355
1210000,4839.999999913197,-833684.8947958322,162485.30432176442,-671199.5904740678,300.91294362239216,706.9481240097067,0.913786768999103,355
1211000,4843.999999913102,-833233.2282086946,161291.42914583674,-671941.7990628579,298.70195909671054,706.9481240097067,0.913786768999103,355
1212000,4847.999999913008,-833014.1350976098,161642.85978113348,-671371.2753164764,299.3527873509188,706.9481240097067,0.913786768999103,355
1213000,4851.999999912913,-832486.8603475336,162864.33942836954,-669622.5209191641,301.6148936857586,706.9481240097067,0.913786768999103,355
1214000,4855.999999912819,-833579.6647787513,162481.82693924304,-671097.8378395083,300.9065037205502,706.9481240097067,0.913786768999103,355
1215000,4859.999999912724,-832491.6403386546,163150.01261144876,-669341.6277272059,302.14394312067935,706.9481240097067,0.913786768999103,355
1216000,4863.999999912629,-831832.4760549329,162998.75584458362,-668833.7202103493,301.86382474843526,706.9481240097067,0.913786768999103,355
1217000,4867.999999912535,-832866.6119386759,162632.50091742328,-670234.1110212526,301.185542803443,706.9481240097067,0.913786768999103,355
1218000,4871.99999991244,-832035.5151018584,163067.994311817,-668967.5207900414,301.9920501967247,706.9481240097067,0.913786768999103,355
1219000,4875.999999912346,-831451.0681343097,162487.73344701924,-668963.3346872905,300.91744221525823,706.9481240097067,0.913786768999103,355
1220000,4879.999999912251,-832975.7451233119,162212.5809021379,-670763.164221174,300.40787636515853,706.9481240097067,0.913786768999103,355
1221000,4883.999999912156,-832385.2114583952,162569.05249110475,-669816.1589672905,301.0680401602876,706.9481240097067,0.913786768999103,355
1222000,4887.999999912062,-832959.1759673981,162687.03590773005,-670272.1400596681,301.2865383028953,706.9481240097067,0.913786768999103,355
1223000,4891.999999911967,-833427.4444896914,162218.70024888287,-671208.7442408085,300.4192090247474,706.9481240097067,0.913786768999103,355
1224000,4895.999999911873,-833546.3162711188,163274.10342873982,-670272.212842379,302.37375179946065,706.9481240097067,0.913786768999103,355
1225000,4899.999999911778,-832261.3964522518,161740.49720048124,-670520.8992517706,299.53360593870593,706.9481240097067,0.913786768999103,355
1226000,4903.9999999116835,-833494.9291168153,163684.9637308009,-669809.9653860144,303.1346401975028,706.9481240097067,0.913786768999103,355
1227000,4907.999999911589,-833042.0001774356,162887.91796066432,-670154.0822167713,301.6585596996713,706.9481240097067,0.913786768999103,355
1228000,4911.999999911494,-832634.9207753232,161606.20782564214,-671028.7129496811,299.28491014896224,706.9481240097067,0.913786768999103,355
1229000,4915.9999999114,-831243.116654696,161495.53440844745,-669747.5822462485,299.0799496826123,706.9481240097067,0.913786768999103,355
1230000,4919.999999911305,-831509.5788775012,162658.99983579677,-668850.5790417044,301.2346171955172,706.9481240097067,0.913786768999103,355
1231000,4923.999999911211,-832575.4785852181,163641.34195867484,-668934.1366265432,303.0538553172253,706.9481240097067,0.913786768999103,355
1232000,4927.999999911116,-832367.8425278887,162149.48567168647,-670218.3568562022,300.29102781935967,706.9481240097067,0.913786768999103,355
1233000,4931.999999911021,-832965.857756923,162804.49823375134,-670161.3595231716,301.5040714172612,706.9481240097067,0.913786768999103,355
1234000,4935.999999910927,-833469.332913937,163553.28440314712,-669916.0485107899,302.89077805708393,706.9481240097067,0.913786768999103,355
1235000,4939.999999910832,-831566.7599452352,162783.07776471088,-668783.6821805243,301.46440200580486,706.9481240097067,0.913786768999103,355
1236000,4943.999999910738,-833086.5588773377,162359.5048656321,-670727.0540117056,300.6799706479507,706.9481240097067,0.913786768999103,355
1237000,4947.999999910643,-832351.7569156662,162632.6966409122,-669719.060274754,301.18590527149166,706.9481240097067,0.913786768999103,355
1238000,4951.9999999105485,-832236.3246211195,162488.80977166689,-669747.5148494527,300.9194355033243,706.9481240097067,0.913786768999103,355
1239000,4955.999999910454,-829707.1321696797,161600.46209919915,-668106.6700704806,299.2742694115465,706.9481240097067,0.913786768999103,355
1240000,4959.999999910359,-830223.7366632232,162952.58512259444,-667271.1515406289,301.7783193673737,706.9481240097067,0.913786768999103,355
1241000,4963.999999910265,-832325.120239146,162170.82730700212,-670154.2929321439,300.3305512355317,706.9481240097067,0.913786768999103,355
1242000,4967.99999991017,-831861.3298866376,161709.39930698634,-670151.9305796513,299.4760145232172,706.9481240097067,0.913786768999103,355
1243000,4971.9999999100755,-832843.6693931175,162764.5372707615,-670079.132122356,301.4300661338083,706.9481240097067,0.913786768999103,355
1244000,4975.999999909981,-831644.1879916824,163081.2982540693,-668562.8897376131,302.01668829209973,706.9481240097067,0.913786768999103,355
1245000,4979.999999909886,-832790.6329946425,161388.38606896123,-671402.2469256812,298.88151744670256,706.9481240097067,0.913786768999103,355
1246000,4983.999999909792,-831912.0351915024,162194.51117071905,-669717.5240207834,300.37441231685943,706.9481240097067,0.913786768999103,355
1247000,4987.999999909697,-830638.6009685108,163502.6642928701,-667135.9366756408,302.7970326783647,706.9481240097067,0.913786768999103,355
1248000,4991.999999909603,-831976.6846520696,162693.87306523556,-669282.811586834,301.2992003045426,706.9481240097067,0.913786768999103,355
1249000,4995.999999909508,-832126.9332134826,163204.80646260292,-668922.1267508797,302.24541801474453,706.9481240097067,0.913786768999103,355
1250000,4999.999999909413,-832579.8070032094,161066.50772063294,-671513.2992825764,298.28541823829676,706.9481240097067,0.913786768999103,355
1251000,5003.999999909319,-832947.2258858709,162121.10443077039,-670826.1214551005,300.2384674799286,706.9481240097067,0.913786768999103,355
1252000,5007.999999909224,-832184.491120399,160823.99669000355,-671360.4944303954,297.8363024958473,706.9481240097067,0.913786768999103,355
1253000,5011.99999990913,-833464.8248641212,161291.09037571994,-672173.7344884012,298.70133171496985,706.9481240097067,0.913786768999103,355
1254000,5015.999999909035,-832348.9553788165,161877.41182672192,-670471.5435520946,299.7871635350622,706.9481240097067,0.913786768999103,355
1255000,5019.9999999089405,-833783.287376496,163613.24973129015,-670170.0376452059,303.001830213352,706.9481240097067,0.913786768999103,355
1256000,5023.999999908846,-831568.7593670813,162882.84088799567,-668685.9184790857,301.64915726855247,706.9481240097067,0.913786768999103,355
1257000,5027.999999908751,-831557.7479277616,163214.6525732926,-668343.095354469,302.26365241546915,706.9481240097067,0.913786768999103,355
1258000,5031.999999908657,-832111.8877259372,162244.72360227135,-669867.1641236658,300.46740269926914,706.9481240097067,0.913786768999103,355
1259000,5035.999999908562,-831989.0639774902,161529.25099805195,-670459.8129794382,299.14239076470983,706.9481240097067,0.913786768999103,355
1260000,5039.9999999084675,-833735.0265368763,161569.53047762148,-672165.4960592549,299.2169859215792,706.9481240097067,0.913786768999103,355
1261000,5043.999999908373,-832251.077851994,162288.08539594413,-669962.9924560499,300.54770611519524,706.9481240097067,0.913786768999103,355
1262000,5047.999999908278,-832732.3414740926,162233.88982813846,-670498.451645954,300.44733920565983,706.9481240097067,0.913786768999103,355
1263000,5051.999999908184,-831759.0925795082,162783.31645879062,-668975.7761207176,301.46484405278545,706.9481240097067,0.913786768999103,355
1264000,5055.999999908089,-831754.3707232615,162778.43089433527,-668975.9398289262,301.45579628328,706.9481240097067,0.913786768999103,355
1265000,5059.999999907995,-832227.2836566484,162192.5287818927,-670034.7548747556,300.37074105280493,706.9481240097067,0.913786768999103,355
1266000,5063.9999999079,-830610.6855057254,162757.8950003077,-667852.7905054177,301.4177650511785,706.9481240097067,0.913786768999103,355
1267000,5067.999999907805,-832002.394261091,161523.7881605369,-670478.6061005541,299.1322739204571,706.9481240097067,0.913786768999103,355
1268000,5071.999999907711,-832045.8756193379,161707.31545099968,-670338.5601683382,299.4721553481266,706.9481240097067,0.913786768999103,355
1269000,5075.999999907616,-833162.5214109067,162261.72495269775,-670900.7964582089,300.4988881706705,706.9481240097067,0.913786768999103,355
1270000,5079.999999907522,-833147.6083368538,162602.8246821257,-670544.7836547281,301.1305842128412,706.9481240097067,0.913786768999103,355
1271000,5083.999999907427,-831669.2923339196,163114.9014057602,-668554.3909281594,302.07891929405093,706.9481240097067,0.913786768999103,355
1272000,5087.9999999073325,-830701.6943204841,162238.153226046,-668463.541094438,300.4552347603966,706.9481240097067,0.913786768999103,355
1273000,5091.999999907238,-830227.4639181886,163312.24108509597,-666915.2228330926,302.4443804294459,706.9481240097067,0.913786768999103,355
1274000,5095.999999907143,-831651.7959903944,161434.10455415817,-670217.6914362363,298.9661853126119,706.9481240097067,0.913786768999103,355
1275000,5099.999999907049,-831585.04675561,163179.8652657556,-668405.1814898545,302.19922842860245,706.9481240097067,0.913786768999103,355
1276000,5103.999999906954,-831433.5486874757,161865.3486915832,-669568.1999958926,299.76482333931926,706.9481240097067,0.913786768999103,355
1277000,5107.99999990686,-832198.4673206722,163669.15018864104,-668529.3171320312,303.10535447507834,706.9481240097067,0.913786768999103,355
1278000,5111.999999906765,-832551.8088840805,163756.8040189463,-668795.0048651341,303.2676840605571,706.9481240097067,0.913786768999103,355
1279000,5115.99999990667,-832848.717344773,162080.01543827498,-670768.701906498,300.162373154144,706.9481240097067,0.913786768999103,355
1280000,5119.999999906576,-834794.9391936278,162362.98312375532,-672431.9560698725,300.68641217135433,706.9481240097067,0.913786768999103,355
1281000,5123.999999906481,-832147.6566802263,161824.37569047767,-670323.2809897487,299.68894382256434,706.9481240097067,0.913786768999103,355
1282000,5127.999999906387,-831522.9100160701,162259.45983590724,-669263.4501801629,300.49469331154813,706.9481240097067,0.913786768999103,355
1283000,5131.999999906292,-833401.2854461428,161432.83261214662,-671968.4528339962,298.96382975303436,706.9481240097067,0.913786768999103,355
1284000,5135.999999906197,-831583.8294343483,163663.106795158,-667920.7226391903,303.0941624763309,706.9481240097067,0.913786768999103,355
1285000,5139.999999906103,-831944.9907162059,162111.18919649298,-669833.8015197129,300.2201050665056,706.9481240097067,0.913786768999103,355
1286000,5143.999999906008,-832011.9445137754,162420.91311193933,-669591.0314018361,300.7936950012769,706.9481240097067,0.913786768999103,355
1287000,5147.999999905914,-833161.121302167,161570.4702145448,-671590.6510876222,299.21872625745146,706.9481240097067,0.913786768999103,355
1288000,5151.999999905819,-831377.0870059077,163257.51131026546,-668119.5756956423,302.3430242008517,706.9481240097067,0.913786768999103,355
1289000,5155.9999999057245,-833449.348555428,162835.6014280779,-670613.7471273501,301.56167264956906,706.9481240097067,0.913786768999103,355
1290000,5159.99999990563,-831943.9592630491,162326.70912648604,-669617.2501365631,300.61923492513625,706.9481240097067,0.913786768999103,355
1291000,5163.999999905535,-833073.7256913036,162408.5267798215,-670665.1989114821,300.7707562643011,706.9481240097067,0.913786768999103,355
1292000,5167.999999905441,-832619.1266050627,161865.49760833476,-670753.628996728,299.7650991241248,706.9481240097067,0.913786768999103,355
1293000,5171.999999905346,-833494.1462213686,162379.2264173782,-671114.9198039904,300.71649376746296,706.9481240097067,0.913786768999103,355
1294000,5175.999999905252,-831689.2867169175,162432.63507213618,-669256.6516447813,300.8154033616888,706.9481240097067,0.913786768999103,355
1295000,5179.999999905157,-832523.6047563218,162317.87338633288,-670205.7313699889,300.602871669458,706.9481240097067,0.913786768999103,355
1296000,5183.999999905062,-832514.6708051758,162793.28842636046,-669721.3823788153,301.4833115328303,706.9481240097067,0.913786768999103,355
1297000,5187.999999904968,-831351.045235429,163690.51878575946,-667660.5264496695,303.14492782287635,706.9481240097067,0.913786768999103,355
1298000,5191.999999904873,-832199.8097671103,161984.54233092524,-670215.267436185,299.98556274110814,706.9481240097067,0.913786768999103,355
1299000,5195.999999904779,-832460.1715133898,163783.34088749456,-668676.8306258952,303.3168287340567,706.9481240097067,0.913786768999103,355
1300000,5199.999999904684,-833534.2604716979,162598.3674413194,-670935.8930303785,301.12232967279493,706.9481240097067,0.913786768999103,355
1301000,5203.9999999045895,-832932.832546642,162580.28685406054,-670352.5456925815,301.08884552013757,706.9481240097067,0.913786768999103,355
1302000,5207.999999904495,-831784.2746087722,162026.508799547,-669757.7658092253,300.06328209953955,706.9481240097067,0.913786768999103,355
1303000,5211.9999999044,-834035.1916706953,163103.23720051436,-670931.9544701809,302.0573178923107,706.9481240097067,0.913786768999103,355
1304000,5215.999999904306,-833398.9037780985,162358.95611400233,-671039.9476640963,300.67895439316436,706.9481240097067,0.913786768999103,355
1305000,5219.999999904211,-832874.9623626964,163482.33341519162,-669392.6289475048,302.7593811241261,706.9481240097067,0.913786768999103,355
1306000,5223.9999999041165,-831972.87432775,162469.68371967855,-669503.1906080714,300.8840152133005,706.9481240097067,0.913786768999103,355
1307000,5227.999999904022,-832916.0847162604,163298.8231252564,-669617.261591004,302.419531180404,706.9481240097067,0.913786768999103,355
1308000,5231.999999903927,-832033.0577195743,163273.30004583736,-668759.7576737369,302.37226398297753,706.9481240097067,0.913786768999103,355
1309000,5235.999999903833,-832638.7966350196,161237.63844772326,-671401.1581872964,298.6023419813265,706.9481240097067,0.913786768999103,355
1310000,5239.999999903738,-832716.5648220321,163030.13513758953,-669686.4296844426,301.92193729877704,706.9481240097067,0.913786768999103,355
1311000,5243.999999903644,-833005.9184189672,162681.3992302285,-670324.5191887387,301.27609951751515,706.9481240097067,0.913786768999103,355
1312000,5247.999999903549,-832742.4560849378,163237.55316126242,-669504.9029236754,302.30606291754776,706.9481240097067,0.913786768999103,355
1313000,5251.999999903454,-833495.915518729,163084.8109400809,-670411.1045786481,302.0231935738677,706.9481240097067,0.913786768999103,355
1314000,5255.99999990336,-834769.7558031352,162240.10832852495,-672529.6474746102,300.45885549178814,706.9481240097067,0.913786768999103,355
1315000,5259.999999903265,-834217.2808059305,162535.258317846,-671682.0224880845,301.0054553979608,706.9481240097067,0.913786768999103,355
1316000,5263.999999903171,-834725.0002192836,162550.4271658961,-672174.5730533875,301.0335471859362,706.9481240097067,0.913786768999103,355
1317000,5267.999999903076,-833805.5923730675,162084.3027244727,-671721.2896485948,300.1703129485476,706.9481240097067,0.913786768999103,355
1318000,5271.9999999029815,-834488.8583026659,162078.84293614654,-672410.0153665193,300.1602017512079,706.9481240097067,0.913786768999103,355
1319000,5275.999999902887,-833399.2439050497,162150.61316553983,-671248.63073951,300.29311586969595,706.9481240097067,0.913786768999103,355
1320000,5279.999999902792,-831892.3342084754,162682.80996630026,-669209.5242421752,301.278712115287,706.9481240097067,0.913786768999103,355
1321000,5283.999999902698,-832022.887967851,162792.4292157999,-669230.4587520511,301.48172032690525,706.9481240097067,0.913786768999103,355
1322000,5287.999999902603,-830435.3084647376,162560.7210914716,-667874.587373266,301.05261091271,706.9481240097067,0.913786768999103,355
1323000,5291.9999999025085,-832808.816698363,161232.5397018494,-671576.2769965136,298.59289941274415,706.9481240097067,0.913786768999103,355
1324000,5295.999999902414,-833166.0444133533,161688.26979722094,-671477.7746161324,299.4368839507181,706.9481240097067,0.913786768999103,355
1325000,5299.999999902319,-833533.6492822375,162237.3200343572,-671296.3292478803,300.4536917398463,706.9481240097067,0.913786768999103,355
1326000,5303.999999902225,-830697.0816605426,163179.21667046763,-667517.864990075,302.1980272694076,706.9481240097067,0.913786768999103,355
1327000,5307.99999990213,-831559.7685154984,162148.66798308506,-669411.1005324133,300.2895135095885,706.9481240097067,0.913786768999103,355
1328000,5311.999999902036,-831284.4322413271,162082.43771586948,-669201.9945254576,300.1668590655578,706.9481240097067,0.913786768999103,355
1329000,5315.999999901941,-831128.7778978506,162692.82757488673,-668435.9503229639,301.2972641197307,706.9481240097067,0.913786768999103,355
1330000,5319.999999901846,-833049.5098987957,162954.4596750501,-670095.0502237456,301.78179092500017,706.9481240097067,0.913786768999103,355
1331000,5323.999999901752,-831445.16110864,161582.2047184601,-669862.9563901799,299.2404578480703,706.9481240097067,0.913786768999103,355
1332000,5327.999999901657,-832737.2164007965,161713.9590014044,-671023.2573993921,299.484458801148,706.9481240097067,0.913786768999103,355
1333000,5331.999999901563,-832384.6403081492,162457.513460917,-669927.1268472322,300.8614766310953,706.9481240097067,0.913786768999103,355
1334000,5335.999999901468,-831708.4215113865,162462.98650979967,-669245.4350015868,300.87161238618256,706.9481240097067,0.913786768999103,355
1335000,5339.9999999013735,-832657.1196480822,162478.02878225365,-670179.0908658286,300.8994697638192,706.9481240097067,0.913786768999103,355
1336000,5343.999999901279,-832964.7644396946,162723.85913114727,-670240.9053085473,301.35473268267873,706.9481240097067,0.913786768999103,355
1337000,5347.999999901184,-831812.6260060454,162492.04833019903,-669320.5776758464,300.9254331176013,706.9481240097067,0.913786768999103,355
1338000,5351.99999990109,-831675.2357816091,163038.4537734388,-668636.7820081703,301.93734290859993,706.9481240097067,0.913786768999103,355
1339000,5355.999999900995,-832112.2114761304,162188.1419656818,-669924.0695104486,300.3626169348444,706.9481240097067,0.913786768999103,355
1340000,5359.999999900901,-832672.9327296447,163338.7146936223,-669334.2180360224,302.4934079492159,706.9481240097067,0.913786768999103,355
1341000,5363.999999900806,-832126.9683546769,162275.58382415702,-669851.3845305198,300.52455396133075,706.9481240097067,0.913786768999103,355
1342000,5367.999999900711,-833872.6233456032,162594.22372487083,-671278.3996207324,301.1146557608724,706.9481240097067,0.913786768999103,355
1343000,5371.999999900617,-831197.4187654043,162628.3498121964,-668569.0689532079,301.1778552079505,706.9481240097067,0.913786768999103,355
1344000,5375.999999900522,-832655.8580325171,161314.28239615093,-671341.5756363661,298.7442819323177,706.9481240097067,0.913786768999103,355
1345000,5379.999999900428,-833559.3574276092,161822.9195141279,-671736.4379134813,299.6862470721494,706.9481240097067,0.913786768999103,355
1346000,5383.999999900333,-832186.1202468406,162635.90299881808,-669550.2172480226,301.19184325215883,706.9481240097067,0.913786768999103,355
1347000,5387.999999900238,-832368.248429588,162476.31139540178,-669891.9370341862,300.8962892673731,706.9481240097067,0.913786768999103,355
1348000,5391.999999900144,-833027.4680538438,163641.98010783648,-669385.4879460074,303.0550371308269,706.9481240097067,0.913786768999103,355
1349000,5395.999999900049,-832373.0460642679,161252.82160885964,-671120.2244554083,298.6304602762708,706.9481240097067,0.913786768999103,355
1350000,5399.999999899955,-831040.2951374818,161058.15876968796,-669982.1363677938,298.26995648675245,706.9481240097067,0.913786768999103,355
1351000,5403.99999989986,-831712.8116445392,162730.60662563273,-668982.2050189065,301.3672286338428,706.9481240097067,0.913786768999103,355
1352000,5407.9999998997655,-832657.7426131433,163084.3173026559,-669573.4253104874,302.0222793872509,706.9481240097067,0.913786768999103,355
1353000,5411.999999899671,-830783.9676294979,160816.02701099362,-669967.9406185043,297.82154313295837,706.9481240097067,0.913786768999103,355
1354000,5415.999999899576,-831488.8700180659,163655.68053993006,-667833.1894781359,303.0804095013769,706.9481240097067,0.913786768999103,355
1355000,5419.999999899482,-832925.388229154,161726.0254725534,-671199.3627566006,299.50680517497995,706.9481240097067,0.913786768999103,355
1356000,5423.999999899387,-833501.3753859876,162126.12385272252,-671375.251533265,300.24776314541174,706.9481240097067,0.913786768999103,355
1357000,5427.999999899293,-833629.8096595751,163041.46286593744,-670588.3467936376,301.9429155656791,706.9481240097067,0.913786768999103,355
1358000,5431.999999899198,-831945.5072135255,163021.26244997163,-668924.2447635538,301.9055056186316,706.9481240097067,0.913786768999103,355
1359000,5435.999999899103,-831797.4521381389,162861.74310591124,-668935.7090322278,301.61008545379707,706.9481240097067,0.913786768999103,355
1360000,5439.999999899009,-831988.1862390367,162278.1857709895,-669710.0004680472,300.5293726092927,706.9481240097067,0.913786768999103,355
1361000,5443.999999898914,-834601.8034704775,163089.2510588697,-671512.5524116077,302.0314164049745,706.9481240097067,0.913786768999103,355
1362000,5447.99999989882,-832524.20280971,162225.75851715408,-670298.444292556,300.43228051014256,706.9481240097067,0.913786768999103,355
1363000,5451.999999898725,-831545.2743376354,162953.77628741163,-668591.4980502238,301.7805253324791,706.9481240097067,0.913786768999103,355
1364000,5455.99999989863,-831082.6149694435,162007.84993766737,-669074.7650317762,300.0287270173044,706.9481240097067,0.913786768999103,355
1365000,5459.999999898536,-833204.5820171554,162246.80490032275,-670957.7771168326,300.4712571372186,706.9481240097067,0.913786768999103,355
1366000,5463.999999898441,-831346.4071758343,163327.60425282837,-668018.8029230059,302.472832085705,706.9481240097067,0.913786768999103,355
1367000,5467.999999898347,-832158.7531181015,163389.61684810842,-668769.1362699931,302.58767565672997,706.9481240097067,0.913786768999103,355
1368000,5471.999999898252,-833221.3196664536,162082.01374636882,-671139.3059200848,300.16607389971784,706.9481240097067,0.913786768999103,355
1369000,5475.9999998981575,-831790.5626851274,163199.28451102684,-668591.2781741006,302.23519169483063,706.9481240097067,0.913786768999103,355
1370000,5479.999999898063,-831356.217176605,162269.76008725818,-669086.4570893468,300.51376875327503,706.9481240097067,0.913786768999103,355
1371000,5483.999999897968,-832989.1154630473,163159.7632028329,-669829.3522602144,302.16200062543464,706.9481240097067,0.913786768999103,355
1372000,5487.999999897874,-834203.4895195067,162563.61594714216,-671639.8735723646,301.0579720101017,706.9481240097067,0.913786768999103,355
1373000,5491.999999897779,-833089.8057410298,161819.2442231489,-671270.5615178809,299.67944065582907,706.9481240097067,0.913786768999103,355
1374000,5495.999999897685,-832772.4452310419,162520.8174410942,-670251.6277899477,300.9787117687446,706.9481240097067,0.913786768999103,355
1375000,5499.99999989759,-834258.0567967696,161783.4011855609,-672474.6556112086,299.6130615208421,706.9481240097067,0.913786768999103,355
1376000,5503.999999897495,-832734.6434383709,163288.38758245786,-669446.255855913,302.40020518710935,706.9481240097067,0.913786768999103,355
1377000,5507.999999897401,-832574.3492005309,162337.21287359006,-670237.1363269408,300.63868722867426,706.9481240097067,0.913786768999103,355
1378000,5511.999999897306,-832186.2363251029,162865.87624580116,-669320.3600793018,301.61773977857354,706.9481240097067,0.913786768999103,355
1379000,5515.999999897212,-832587.997350011,161733.08632032137,-670854.9110296897,299.5198814374469,706.9481240097067,0.913786768999103,355
1380000,5519.999999897117,-832937.6533507854,162021.64965217176,-670916.0036986136,300.0542832528667,706.9481240097067,0.913786768999103,355
1381000,5523.9999998970225,-832774.2714628885,162448.39855787274,-670325.8729050157,300.8445963826487,706.9481240097067,0.913786768999103,355
1382000,5527.999999896928,-831996.4648002246,163251.7542844466,-668744.710515778,302.3323625376761,706.9481240097067,0.913786768999103,355
1383000,5531.999999896833,-831737.9099126691,162134.85720319377,-669603.0527094754,300.2639367815997,706.9481240097067,0.913786768999103,355
1384000,5535.999999896739,-833044.0664035035,162128.44405690144,-670915.6223466021,300.2520600230414,706.9481240097067,0.913786768999103,355
1385000,5539.999999896644,-834793.0621000752,163058.5247952502,-671734.5373048249,301.9745132255094,706.9481240097067,0.913786768999103,355
1386000,5543.9999998965495,-832330.0241604857,162565.89219397906,-669764.1319665066,301.0621874813959,706.9481240097067,0.913786768999103,355
1387000,5547.999999896455,-833383.9250054499,162938.2381833767,-670445.6868220732,301.75174970478173,706.9481240097067,0.913786768999103,355
1388000,5551.99999989636,-833304.7896664245,162307.48650721755,-670997.303159207,300.5836357983576,706.9481240097067,0.913786768999103,355
1389000,5555.999999896266,-834703.9605490789,162707.41414995314,-671996.5463991257,301.3242775734022,706.9481240097067,0.913786768999103,355
1390000,5559.999999896171,-833558.491691703,163478.76305975934,-670079.7286319437,302.75276904208334,706.9481240097067,0.913786768999103,355
1391000,5563.999999896077,-832410.6702945344,162761.6918675449,-669648.9784269895,301.4247966193665,706.9481240097067,0.913786768999103,355
1392000,5567.999999895982,-833073.4253102196,162669.30712446326,-670404.1181857564,301.25370566992626,706.9481240097067,0.913786768999103,355
1393000,5571.999999895887,-832900.6876524603,163875.34683450632,-669025.3408179539,303.48721817611505,706.9481240097067,0.913786768999103,355
1394000,5575.999999895793,-832574.4088637289,163027.565765111,-669546.8430986179,301.917178976546,706.9481240097067,0.913786768999103,355
1395000,5579.999999895698,-831677.0481032273,162591.61866257194,-669085.4294406553,301.10983134325534,706.9481240097067,0.913786768999103,355
1396000,5583.999999895604,-833447.9462321075,162104.770168252,-671343.1760638554,300.2082174149346,706.9481240097067,0.913786768999103,355
1397000,5587.999999895509,-832865.8165100673,162303.5330364197,-670562.2834736477,300.5763142098591,706.9481240097067,0.913786768999103,355
1398000,5591.9999998954145,-832810.7359269746,162425.63985344925,-670385.0960735253,300.80244864030556,706.9481240097067,0.913786768999103,355
1399000,5595.99999989532,-833196.9718602225,162605.0726612117,-670591.8991990108,301.1347473339727,706.9481240097067,0.913786768999103,355
1400000,5599.999999895225,-832649.1024801871,162625.54349435263,-670023.5589858345,301.17265807725227,706.9481240097067,0.913786768999103,355
1401000,5603.999999895131,-833053.5833212351,162298.49386402324,-670755.0894572119,300.5669819677491,706.9481240097067,0.913786768999103,355
1402000,5607.999999895036,-832982.3991414104,161407.99250524177,-671574.4066361686,298.9178273793438,706.9481240097067,0.913786768999103,355
1403000,5611.9999998949415,-833362.5390443904,163862.9830869846,-669499.5559574058,303.46432126444364,706.9481240097067,0.913786768999103,355
1404000,5615.999999894847,-833116.8401818126,161734.24329189525,-671382.5968899174,299.5220240787365,706.9481240097067,0.913786768999103,355
1405000,5619.999999894752,-833918.4076406872,162992.7727179894,-670925.6349226978,301.8527443603162,706.9481240097067,0.913786768999103,355
1406000,5623.999999894658,-833041.3841034798,164155.0350209399,-668886.3490825399,304.0051837596947,706.9481240097067,0.913786768999103,355
1407000,5627.999999894563,-833578.4687079415,163180.7219404432,-670397.7467674983,302.2008149382444,706.9481240097067,0.913786768999103,355
1408000,5631.999999894469,-833684.8274205411,162236.1444953603,-671448.6829251808,300.4515147128138,706.9481240097067,0.913786768999103,355
1409000,5635.999999894374,-832434.8701857524,162604.08710561227,-669830.7830801401,301.13292214468703,706.9481240097067,0.913786768999103,355
1410000,5639.999999894279,-832273.7411962319,163239.7608799262,-669033.9803163058,302.3101514788154,706.9481240097067,0.913786768999103,355
1411000,5643.999999894185,-830865.7393525373,163569.20509163546,-667296.5342609019,302.92026220802006,706.9481240097067,0.913786768999103,355
1412000,5647.99999989409,-833869.8945402093,162175.24335011438,-671694.6511900949,300.33872947994354,706.9481240097067,0.913786768999103,355
1413000,5651.999999893996,-830437.0913409106,162667.6228661138,-667769.4684747969,301.2505865254604,706.9481240097067,0.913786768999103,355
1414000,5655.999999893901,-832803.707360384,161616.98820847168,-671186.7191519124,299.3048747651111,706.9481240097067,0.913786768999103,355
1415000,5659.9999998938065,-833281.116196325,162828.6500881997,-670452.4661081254,301.54879918908233,706.9481240097067,0.913786768999103,355
1416000,5663.999999893712,-830546.8652122011,162305.74881161225,-668241.1164005889,300.58041769133007,706.9481240097067,0.913786768999103,355
1417000,5667.999999893617,-832184.4421773246,161449.11893615546,-670735.3232411691,298.9939910388118,706.9481240097067,0.913786768999103,355
1418000,5671.999999893523,-833383.2411457561,162464.5867717021,-670918.6543740539,300.8745759743153,706.9481240097067,0.913786768999103,355
1419000,5675.999999893428,-833536.6471047327,163227.19442348322,-670309.4526812495,302.28687916249766,706.9481240097067,0.913786768999103,355
1420000,5679.999999893334,-831695.3906036206,162013.35991623532,-669682.0306873852,300.03893116393226,706.9481240097067,0.913786768999103,355
1421000,5683.999999893239,-834264.2000576351,161917.38498357777,-672346.8150740573,299.86119140081644,706.9481240097067,0.913786768999103,355
1422000,5687.999999893144,-833165.5341654159,161928.81930068677,-671236.7148647292,299.8823670636491,706.9481240097067,0.913786768999103,355
1423000,5691.99999989305,-833301.8858656222,162107.70876447833,-671194.1771011439,300.2136595171867,706.9481240097067,0.913786768999103,355
1424000,5695.999999892955,-832516.062527094,161835.2289728006,-670680.8335542935,299.7090434441602,706.9481240097067,0.913786768999103,355
1425000,5699.999999892861,-832479.2702581845,161546.77597183746,-670932.4942863471,299.17484595486206,706.9481240097067,0.913786768999103,355
1426000,5703.999999892766,-833416.3534385283,162895.7082115516,-670520.6452269766,301.67298677254314,706.9481240097067,0.913786768999103,355
1427000,5707.999999892671,-831974.5439482983,162160.11835126445,-669814.4255970339,300.31071889803144,706.9481240097067,0.913786768999103,354
1428000,5711.999999892577,-832246.9891204173,162468.77815586736,-669778.2109645499,300.88233816396234,706.9481240097067,0.913786768999103,354
1429000,5715.999999892482,-833365.1768684452,161473.34949863027,-671891.827369815,299.03886457313143,706.9481240097067,0.913786768999103,354
1430000,5719.999999892388,-833007.0986496778,162660.27395566358,-670346.8246940143,301.23697678835083,706.9481240097067,0.913786768999103,354
1431000,5723.999999892293,-832173.173074415,163548.53739032795,-668624.6356840869,302.8819868768182,706.9481240097067,0.913786768999103,354
1432000,5727.9999998921985,-832053.843036023,162611.52198017493,-669442.321055848,301.14669108212695,706.9481240097067,0.913786768999103,354
1433000,5731.999999892104,-832695.961472977,162020.75655525655,-670675.2049177204,300.052629291465,706.9481240097067,0.913786768999103,354
1434000,5735.999999892009,-833224.1185847018,162177.75573870578,-671046.362845996,300.34338227146657,706.9481240097067,0.913786768999103,354
1435000,5739.999999891915,-832727.0366173591,163136.32230439672,-669590.7143129625,302.1185895010931,706.9481240097067,0.913786768999103,354
1436000,5743.99999989182,-829977.315822565,163082.85537208326,-666894.4604504817,302.0195719803637,706.9481240097067,0.913786768999103,354
1437000,5747.999999891726,-832301.5365311187,161760.83270595063,-670540.7038251681,299.5712660633331,706.9481240097067,0.913786768999103,354
1438000,5751.999999891631,-832276.9594655391,163238.7868683656,-669038.1725971735,302.3083476683905,706.9481240097067,0.913786768999103,354
1439000,5755.999999891536,-834234.5702704284,162946.34829291422,-671288.2219775142,301.7667691365034,706.9481240097067,0.913786768999103,354
1440000,5759.999999891442,-832625.9025466368,161797.71401404805,-670828.1885325888,299.6395680124267,706.9481240097067,0.913786768999103,354
1441000,5763.999999891347,-835166.6440716088,163210.30765550095,-671956.3364161078,302.2556058908438,706.9481240097067,0.913786768999103,354
1442000,5767.999999891253,-832850.3224291215,160709.91993383225,-672140.4024952892,297.62503925181613,706.9481240097067,0.913786768999103,354
1443000,5771.999999891158,-834094.597982144,162406.88226073125,-671687.7157214128,300.7677107145368,706.9481240097067,0.913786768999103,354
1444000,5775.999999891063,-833532.045870644,162532.52119830518,-670999.5246723389,301.000386418329,706.9481240097067,0.913786768999103,354
1445000,5779.999999890969,-832677.810880838,162558.11377706967,-670119.6971037684,301.0477823243345,706.9481240097067,0.913786768999103,354
1446000,5783.999999890874,-834305.0816264842,162402.647348916,-671902.4342775681,300.75986791431785,706.9481240097067,0.913786768999103,354
1447000,5787.99999989078,-832877.9821190173,161668.19566221253,-671209.7864568047,299.3997078683563,706.9481240097067,0.913786768999103,354
1448000,5791.999999890685,-832429.8175248969,162221.42435908876,-670208.3931658082,300.42425391187874,706.9481240097067,0.913786768999103,354
1449000,5795.9999998905905,-833003.1547682444,162423.12228607852,-670580.0324821658,300.79778625799685,706.9481240097067,0.913786768999103,354
1450000,5799.999999890496,-832924.6797745079,162793.42328305804,-670131.2564914499,301.4835612792674,706.9481240097067,0.913786768999103,354
1451000,5803.999999890401,-831829.7054908667,162226.2493784859,-669603.4561123808,300.4331895556029,706.9481240097067,0.913786768999103,354
1452000,5807.999999890307,-832972.7218936523,162504.8226520245,-670467.8992416279,300.9490903880193,706.9481240097067,0.913786768999103,354
1453000,5811.999999890212,-833640.252985659,160636.70819385082,-673003.5447918082,297.48945554301565,706.9481240097067,0.913786768999103,354
1454000,5815.999999890118,-834777.5236374736,162409.59479478627,-672367.9288426873,300.77273416333776,706.9481240097067,0.913786768999103,354
1455000,5819.999999890023,-831996.2357222876,162231.2276413018,-669765.0080809857,300.44240899685826,706.9481240097067,0.913786768999103,354
1456000,5823.999999889928,-830583.9469187343,162707.73265627204,-667876.2142624623,301.32486742781634,706.9481240097067,0.913786768999103,354
1457000,5827.999999889834,-829693.6321050581,162346.2310869337,-667347.4010181243,300.6553884136508,706.9481240097067,0.913786768999103,354
1458000,5831.999999889739,-831214.6067643547,161813.93651916448,-669400.6702451903,299.6696111094803,706.9481240097067,0.913786768999103,354
1459000,5835.999999889645,-832249.4217570219,162644.9689249919,-669604.45283203,301.20863279840745,706.9481240097067,0.913786768999103,354
1460000,5839.99999988955,-832215.7447635345,163045.4688318425,-669170.275931692,301.9503343719371,706.9481240097067,0.913786768999103,354
1461000,5843.9999998894555,-831341.5577899758,162565.7558841873,-668775.8019057885,301.0619350439164,706.9481240097067,0.913786768999103,354
1462000,5847.999999889361,-833131.076904323,162737.07740641473,-670393.9994979082,301.37921212798574,706.9481240097067,0.913786768999103,354
1463000,5851.999999889266,-834109.0099521531,163557.8154678544,-670551.1944842987,302.89916931452416,706.9481240097067,0.913786768999103,354
1464000,5855.999999889172,-832151.5039663613,161810.1582828582,-670341.3456835031,299.662614044648,706.9481240097067,0.913786768999103,354
1465000,5859.999999889077,-832093.9407017874,162344.13978757104,-669749.8009142163,300.65151545387863,706.9481240097067,0.913786768999103,354
1466000,5863.9999998889825,-832027.0405699098,162552.3986395955,-669474.6419303144,301.03719823583657,706.9481240097067,0.913786768999103,354
1467000,5867.999999888888,-831864.7561218087,163065.99125416274,-668798.7648676459,301.98834065525256,706.9481240097067,0.913786768999103,354
1468000,5871.999999888793,-832475.3456358351,163380.91331708117,-669094.4323187539,302.5715572443464,706.9481240097067,0.913786768999103,354
1469000,5875.999999888699,-832736.0748635251,162352.45813705653,-670383.6167264686,300.66692053337306,706.9481240097067,0.913786768999103,354
1470000,5879.999999888604,-833623.4097126937,163607.3546162072,-670016.0550964865,302.99091281722184,706.9481240097067,0.913786768999103,354
1471000,5883.99999988851,-831461.0767531665,162988.4905674624,-668472.5861857041,301.8448140768638,706.9481240097067,0.913786768999103,354
1472000,5887.999999888415,-831968.3617919581,162497.37781935668,-669470.9839726014,300.93530300877165,706.9481240097067,0.913786768999103,354
1473000,5891.99999988832,-831999.8514456768,161399.17306729464,-670600.6783783821,298.9014943143639,706.9481240097067,0.913786768999103,354
1474000,5895.999999888226,-831842.0878521074,161988.00765276002,-669854.0801993473,299.991980307289,706.9481240097067,0.913786768999103,354
1475000,5899.999999888131,-831991.2404296519,162726.6896552177,-669264.5507744342,301.35997464184277,706.9481240097067,0.913786768999103,354
1476000,5903.999999888037,-832863.2796128038,162080.74059393126,-670782.5390188725,300.16371609850455,706.9481240097067,0.913786768999103,354
1477000,5907.999999887942,-831611.1455280865,163440.57279508014,-668170.5727330063,302.6820429846697,706.9481240097067,0.913786768999103,354
1478000,5911.9999998878475,-833266.3264221922,161071.52576626447,-672194.8006559277,298.2947113549174,706.9481240097067,0.913786768999103,354
1479000,5915.999999887753,-833346.5193190668,162784.71355687856,-670561.8057621883,301.46743139383716,706.9481240097067,0.913786768999103,354
1480000,5919.999999887658,-832110.1628715573,162010.19469056098,-670099.9681809964,300.03306935766693,706.9481240097067,0.913786768999103,354
1481000,5923.999999887564,-831571.7147349119,163198.19332580248,-668373.5214091095,302.23317088587646,706.9481240097067,0.913786768999103,354
1482000,5927.999999887469,-832512.5500331931,161843.21603499446,-670669.3339981986,299.72383499965304,706.9481240097067,0.913786768999103,354
1483000,5931.9999998873745,-831460.9316552859,162181.91387057956,-669279.0177847063,300.3510828798836,706.9481240097067,0.913786768999103,354
1484000,5935.99999988728,-832300.7990260143,163125.4536519663,-669175.345374048,302.09846141498895,706.9481240097067,0.913786768999103,354
1485000,5939.999999887185,-831455.1041327193,162156.08382435248,-669299.0203083669,300.30324719851825,706.9481240097067,0.913786768999103,354
1486000,5943.999999887091,-831579.5405368917,162832.10242794285,-668747.4381089488,301.55519271321566,706.9481240097067,0.913786768999103,354
1487000,5947.999999886996,-833153.8399733724,162034.03457779728,-671119.8053955751,300.07721938510383,706.9481240097067,0.913786768999103,354
1488000,5951.999999886902,-834111.1549027879,162580.34270273047,-671530.8122000574,301.08894894849215,706.9481240097067,0.913786768999103,354
1489000,5955.999999886807,-833037.6107602725,162249.41412011342,-670788.196640159,300.4760892542586,706.9481240097067,0.913786768999103,354
1490000,5959.999999886712,-834655.0822168514,163896.6259597771,-670758.4562570744,303.52662582746956,706.9481240097067,0.913786768999103,354
1491000,5963.999999886618,-831686.8951234752,162645.65555525594,-669041.2395682193,301.20990439607465,706.9481240097067,0.913786768999103,354
1492000,5967.999999886523,-834294.9011120843,162767.191838669,-671527.7092734153,301.43498223281443,706.9481240097067,0.913786768999103,354
1493000,5971.999999886429,-834950.3372973921,162341.5358234332,-672608.8014739589,300.64669306998934,706.9481240097067,0.913786768999103,354
1494000,5975.999999886334,-831935.2621390168,161951.0133653887,-669984.248773628,299.92346912742215,706.9481240097067,0.913786768999103,354
1495000,5979.9999998862395,-831817.9665280627,162009.0358026101,-669808.9307254526,300.03092316736326,706.9481240097067,0.913786768999103,354
1496000,5983.999999886145,-833558.6696931152,162243.35917673365,-671315.3105163815,300.46487586580184,706.9481240097067,0.913786768999103,354
1497000,5987.99999988605,-832707.3726623124,163543.5348778903,-669163.8377844221,302.8727225267319,706.9481240097067,0.913786768999103,354
1498000,5991.999999885956,-833459.6028880114,163051.32446533872,-670408.2784226727,301.9611786505596,706.9481240097067,0.913786768999103,354
1499000,5995.999999885861,-833359.7289306987,162754.34590273153,-670605.3830279672,301.41119233739795,706.9481240097067,0.913786768999103,354
1500000,5999.999999885767,-833489.656624631,161457.82313399317,-672031.8334906378,299.0101106860879,706.9481240097067,0.913786768999103,354
1501000,6003.999999885672,-833333.7901811786,162795.34704718215,-670538.4431339965,301.48712397392364,706.9481240097067,0.913786768999103,354
1502000,6007.999999885577,-832767.4758202173,162435.55016268237,-670331.925657535,300.82080193284474,706.9481240097067,0.913786768999103,354
1503000,6011.999999885483,-833880.9684097813,162039.3197864826,-671841.6486232987,300.087007271521,706.9481240097067,0.913786768999103,354
1504000,6015.999999885388,-832070.177999814,162321.6188720382,-669748.5591277758,300.60980808216067,706.9481240097067,0.913786768999103,354
1505000,6019.999999885294,-832970.5240859548,162193.442534758,-670777.0815511968,300.37243326777536,706.9481240097067,0.913786768999103,354
1506000,6023.999999885199,-832442.9798787944,162354.48569333355,-670088.4941854608,300.6706754448109,706.9481240097067,0.913786768999103,354
1507000,6027.999999885104,-832953.0653753057,162773.82236644614,-670179.2430088596,301.44726156871815,706.9481240097067,0.913786768999103,354
1508000,6031.99999988501,-832504.3151969388,161627.82033938187,-670876.4948575569,299.32493521557154,706.9481240097067,0.913786768999103,354
1509000,6035.999999884915,-832008.737096318,162317.22472222615,-669691.5123740919,300.6016703828149,706.9481240097067,0.913786768999103,354
1510000,6039.999999884821,-832692.8672757195,162583.740795406,-670109.1264803135,301.09524201034145,706.9481240097067,0.913786768999103,354
1511000,6043.999999884726,-830421.5637739245,163135.47167371027,-667286.0921002142,302.11701418457534,706.9481240097067,0.913786768999103,354
1512000,6047.9999998846315,-833058.9944584714,163562.3861486364,-669496.608309835,302.9076339385356,706.9481240097067,0.913786768999103,354
1513000,6051.999999884537,-832801.9634460043,162946.15667015145,-669855.8067758528,301.7664142627513,706.9481240097067,0.913786768999103,354
1514000,6055.999999884442,-832247.3868536316,162218.9059791631,-670028.4808744685,300.4195900247675,706.9481240097067,0.913786768999103,354
1515000,6059.999999884348,-832703.3260426922,162623.26390359877,-670080.0621390934,301.1684364132263,706.9481240097067,0.913786768999103,354
1516000,6063.999999884253,-830616.396002803,162184.60145654858,-668431.7945462544,300.3560601263402,706.9481240097067,0.913786768999103,354
1517000,6067.999999884159,-833617.0653968398,163059.32342239624,-670557.7419744435,301.97599223461964,706.9481240097067,0.913786768999103,354
1518000,6071.999999884064,-831843.7680441709,162749.8649372115,-669093.9031069594,301.4028938606186,706.9481240097067,0.913786768999103,354
1519000,6075.999999883969,-831038.7592614489,162620.9356120973,-668417.8236493516,301.1641245583651,706.9481240097067,0.913786768999103,354
1520000,6079.999999883875,-831970.8760865983,162242.6937283374,-669728.1823582608,300.4636434956711,706.9481240097067,0.913786768999103,354
1521000,6083.99999988378,-833896.8912877273,162176.48414800025,-671720.407139727,300.34102736248644,706.9481240097067,0.913786768999103,354
1522000,6087.999999883686,-831629.3190946989,162314.33284087756,-669314.9862538213,300.59631479368744,706.9481240097067,0.913786768999103,354
1523000,6091.999999883591,-834119.6315373685,162245.1699487829,-671874.4615885856,300.4682293059781,706.9481240097067,0.913786768999103,354
1524000,6095.9999998834965,-833855.3357320027,162227.2895051029,-671628.0462268998,300.4351158071083,706.9481240097067,0.913786768999103,354
1525000,6099.999999883402,-831278.679764905,163322.3298110991,-667956.3499538059,302.46306413903847,706.9481240097067,0.913786768999103,354
1526000,6103.999999883307,-831325.6715402119,162195.72315964848,-669129.9483805634,300.37665684695963,706.9481240097067,0.913786768999103,354
1527000,6107.999999883213,-833034.5888171382,162952.94186875143,-670081.6469483868,301.7789800396522,706.9481240097067,0.913786768999103,354
1528000,6111.999999883118,-833601.5985349901,162597.2964866729,-671004.3020483172,301.12034632964577,706.9481240097067,0.913786768999103,354
1529000,6115.9999998830235,-831262.9785089754,162054.91585936176,-669208.0626496136,300.11589025400735,706.9481240097067,0.913786768999103,354
1530000,6119.999999882929,-831293.7080835421,161052.9735652886,-670240.7345182535,298.26035380221674,706.9481240097067,0.913786768999103,354
1531000,6123.999999882834,-832496.2189120157,162138.45511294564,-670357.76379907,300.2705998925736,706.9481240097067,0.913786768999103,354
1532000,6127.99999988274,-832630.7179700639,162703.53269166138,-669927.1852784025,301.3170893477039,706.9481240097067,0.913786768999103,354
1533000,6131.999999882645,-833306.4140705597,162131.70714461646,-671174.7069259433,300.25810306387956,706.9481240097067,0.913786768999103,354
1534000,6135.999999882551,-833981.1645008279,161808.08145920734,-672173.0830416206,299.65876789301745,706.9481240097067,0.913786768999103,354
1535000,6139.999999882456,-833070.5484968359,162782.73763873504,-670287.8108581009,301.4637721130954,706.9481240097067,0.913786768999103,354
1536000,6143.999999882361,-834020.1544600483,162540.71940344403,-671479.4350566042,301.0155689977693,706.9481240097067,0.913786768999103,354
1537000,6147.999999882267,-833635.4198281355,162601.35782850313,-671034.0619996324,301.12786768876373,706.9481240097067,0.913786768999103,354
1538000,6151.999999882172,-832011.5053549707,161569.2676973935,-670442.2376575773,299.2164992685107,706.9481240097067,0.913786768999103,354
1539000,6155.999999882078,-831826.9110448612,162439.47061932346,-669387.4404255378,300.8280623811243,706.9481240097067,0.913786768999103,354
1540000,6159.999999881983,-833160.9841037737,163081.7063665876,-670079.277737186,302.0174440917686,706.9481240097067,0.913786768999103,354
1541000,6163.9999998818885,-831695.9840737674,162943.64219722233,-668752.3418765451,301.76175761116104,706.9481240097067,0.913786768999103,354
1542000,6167.999999881794,-830279.4032279691,163708.88460730284,-666570.5186206662,303.178940212155,706.9481240097067,0.913786768999103,354
1543000,6171.999999881699,-832349.675076671,162871.52962417173,-669478.1454524992,301.6282094929517,706.9481240097067,0.913786768999103,354
1544000,6175.999999881605,-833564.5614715647,163188.1722637773,-670376.3892077873,302.2146124858734,706.9481240097067,0.913786768999103,354
1545000,6179.99999988151,-830963.4354757983,161763.90386021818,-669199.5316155802,299.5769536550499,706.9481240097067,0.913786768999103,354
1546000,6183.9999998814155,-833448.172384074,162212.33419715427,-671235.8381869197,300.4074194824691,706.9481240097067,0.913786768999103,354
1547000,6187.999999881321,-832535.7818150595,161493.4500723445,-671042.331742715,299.0760896183754,706.9481240097067,0.913786768999103,354
1548000,6191.999999881226,-831362.3010638971,163185.6611854852,-668176.6398784119,302.20996212094536,706.9481240097067,0.913786768999103,354
1549000,6195.999999881132,-832060.1410205094,159898.72833529033,-672161.4126852191,296.12276153643813,706.9481240097067,0.913786768999103,354
1550000,6199.999999881037,-832408.8620034168,163396.00523945582,-669012.8567639609,302.5995065706294,706.9481240097067,0.913786768999103,354
1551000,6203.999999880943,-832953.7752173143,162779.2161365886,-670174.5590807257,301.45725050437954,706.9481240097067,0.913786768999103,354
1552000,6207.999999880848,-832193.793892594,161877.90962719097,-670315.884265403,299.78808543138445,706.9481240097067,0.913786768999103,354
1553000,6211.999999880753,-832999.0945377816,162975.34890427662,-670023.7456335049,301.8204765124925,706.9481240097067,0.913786768999103,354
1554000,6215.999999880659,-832927.3432597136,161888.77295597037,-671038.5703037432,299.8082036584093,706.9481240097067,0.913786768999103,354
1555000,6219.999999880564,-832131.8446776466,163547.45386516931,-668584.3908124773,302.87998025384184,706.9481240097067,0.913786768999103,354
1556000,6223.99999988047,-831592.0056163855,162395.3182094513,-669196.6874069342,300.7462947918761,706.9481240097067,0.913786768999103,354
1557000,6227.999999880375,-830553.3086634716,162758.36200324039,-667794.9466602312,301.41862991232847,706.9481240097067,0.913786768999103,354
1558000,6231.9999998802805,-832094.2368608443,162266.49184364182,-669827.7450172025,300.50771616401977,706.9481240097067,0.913786768999103,354
1559000,6235.999999880186,-832261.3690036666,163025.87123134988,-669235.4977723167,301.91404080264,706.9481240097067,0.913786768999103,354
1560000,6239.999999880091,-832620.0296211829,163485.43784063042,-669134.5917805525,302.7651303320372,706.9481240097067,0.913786768999103,354
1561000,6243.999999879997,-832054.1484436486,162586.2086431334,-669467.9398005152,301.0998123148817,706.9481240097067,0.913786768999103,354
1562000,6247.999999879902,-832925.5777150877,162449.57077639853,-670476.0069386892,300.84676726036986,706.9481240097067,0.913786768999103,354
1563000,6251.999999879808,-832995.6076806225,162437.14690642036,-670558.4607742021,300.82375900554996,706.9481240097067,0.913786768999103,354
1564000,6255.999999879713,-831260.5605742559,162731.43704560067,-668529.1235286552,301.3687665213339,706.9481240097067,0.913786768999103,354
1565000,6259.999999879618,-832978.5358213419,162298.49268573,-670680.0431356119,300.56697978562136,706.9481240097067,0.913786768999103,354
1566000,6263.999999879524,-832389.5945918085,164246.85748969484,-668142.7371021137,304.1752334111328,706.9481240097067,0.913786768999103,354
1567000,6267.999999879429,-831307.4568275278,162260.22990290733,-669047.2269246206,300.4961194289977,706.9481240097067,0.913786768999103,354
1568000,6271.999999879335,-832141.9176848475,162398.16221540718,-669743.7554694402,300.7515617186757,706.9481240097067,0.913786768999103,354
1569000,6275.99999987924,-831847.6825106498,162652.94439820584,-669194.7381124439,301.2234028918113,706.9481240097067,0.913786768999103,354
1570000,6279.999999879145,-832757.1612037634,163031.01056156665,-669726.1506421968,301.9235585309677,706.9481240097067,0.913786768999103,354
1571000,6283.999999879051,-832452.5292733982,162639.19526628626,-669813.334007112,301.19794033213276,706.9481240097067,0.913786768999103,354
1572000,6287.999999878956,-833201.0512738712,162417.4594325255,-670783.5918413457,300.78729899615456,706.9481240097067,0.913786768999103,354
1573000,6291.999999878862,-832273.6824026154,162203.3861346795,-670070.296267936,300.39084821265334,706.9481240097067,0.913786768999103,354
1574000,6295.999999878767,-830969.9428182933,161889.15127772366,-669080.7915405696,299.80890428738553,706.9481240097067,0.913786768999103,354
1575000,6299.9999998786725,-832422.1539768912,162173.10896864755,-670249.0450082436,300.3347767347234,706.9481240097067,0.913786768999103,354
1576000,6303.999999878578,-832645.0170425335,161388.88181608642,-671256.1352264471,298.8824355403563,706.9481240097067,0.913786768999103,354
1577000,6307.999999878483,-832204.7350559328,162577.88334767858,-669626.8517082542,301.0843943718727,706.9481240097067,0.913786768999103,354
1578000,6311.999999878389,-832597.2012946326,162956.6557037403,-669640.5455908923,301.7858578371447,706.9481240097067,0.913786768999103,354
1579000,6315.999999878294,-830550.2702677464,162378.3627603338,-668171.9075074126,300.71489432691914,706.9481240097067,0.913786768999103,354
1580000,6319.9999998782,-830199.1036560601,161445.76365516492,-668753.3400008951,298.9877772616105,706.9481240097067,0.913786768999103,354
1581000,6323.999999878105,-832945.6058908794,163122.40152956027,-669823.2043613191,302.0928090691271,706.9481240097067,0.913786768999103,354
1582000,6327.99999987801,-832370.8586446047,162008.71411194862,-670362.1445326561,300.03032741573946,706.9481240097067,0.913786768999103,354
1583000,6331.999999877916,-832166.0427980404,161613.1057788444,-670552.9370191961,299.2976847405582,706.9481240097067,0.913786768999103,354
1584000,6335.999999877821,-830947.5754800569,162709.36218146328,-668238.2132985936,301.3278852097878,706.9481240097067,0.913786768999103,354
1585000,6339.999999877727,-831547.4208327793,163236.35422035796,-668311.0666124213,302.3038425515996,706.9481240097067,0.913786768999103,354
1586000,6343.999999877632,-831623.7600946259,162425.43507364567,-669198.3250209802,300.8020694005106,706.9481240097067,0.913786768999103,354
1587000,6347.999999877537,-832820.7937379535,161769.7568950936,-671051.0368428599,299.58779312118406,706.9481240097067,0.913786768999103,354
1588000,6351.999999877443,-833357.1286419164,162227.5964656229,-671129.5321762935,300.43568427940204,706.9481240097067,0.913786768999103,354
1589000,6355.999999877348,-833797.8320142645,163585.178897265,-670212.6531169995,302.9498447286849,706.9481240097067,0.913786768999103,354
1590000,6359.999999877254,-833443.3657249454,162085.95839398366,-671357.4073309618,300.1733791482158,706.9481240097067,0.913786768999103,354
1591000,6363.999999877159,-831938.6122587845,161810.88926387628,-670127.7229949082,299.6639677772259,706.9481240097067,0.913786768999103,354
1592000,6367.9999998770645,-833332.6463945583,163168.88331457193,-670163.7630799863,302.1788905200686,706.9481240097067,0.913786768999103,354
1593000,6371.99999987697,-833593.8611012548,161731.47390449955,-671862.3871967553,299.51689534099154,706.9481240097067,0.913786768999103,354
1594000,6375.999999876875,-832993.2916597044,162937.83236140152,-670055.4592983029,301.75099814706,706.9481240097067,0.913786768999103,354
1595000,6379.999999876781,-832248.4205853399,161471.17598833027,-670777.2445970096,299.03483936368195,706.9481240097067,0.913786768999103,354
1596000,6383.999999876686,-833995.0788857704,162482.58649583138,-671512.492389939,300.9079103733536,706.9481240097067,0.913786768999103,354
1597000,6387.999999876592,-832665.4188422188,161924.25349308603,-670741.1653491328,299.8739114644743,706.9481240097067,0.913786768999103,354
1598000,6391.999999876497,-831828.6594868917,161871.31424060118,-669957.3452462906,299.7758711748316,706.9481240097067,0.913786768999103,354
1599000,6395.999999876402,-832703.969758112,163203.22973704245,-669500.7400210695,302.24249801449184,706.9481240097067,0.913786768999103,354
1600000,6399.999999876308,-832717.2712946776,161848.976864452,-670868.2944302256,299.7345037069372,706.9481240097067,0.913786768999103,354
1601000,6403.999999876213,-832059.2250033021,161400.74651654228,-670658.4784867598,298.9044082470837,706.9481240097067,0.913786768999103,354
1602000,6407.999999876119,-831417.3047821363,161898.60727754154,-669518.6975045948,299.8264162264004,706.9481240097067,0.913786768999103,354
1603000,6411.999999876024,-834003.7809140012,163002.4982257858,-671001.2826882154,301.87075541178604,706.9481240097067,0.913786768999103,354
1604000,6415.9999998759295,-833602.5690945936,162637.24503608525,-670965.3240585084,301.19432862390494,706.9481240097067,0.913786768999103,354
1605000,6419.999999875835,-832660.6570060151,163187.0206839946,-669473.6363220204,302.2124798298546,706.9481240097067,0.913786768999103,354
1606000,6423.99999987574,-831965.5767759131,162705.08215437742,-669260.4946215358,301.3199588588198,706.9481240097067,0.913786768999103,354
1607000,6427.999999875646,-832047.4043285968,163641.12338641513,-668406.2809421816,303.05345053463697,706.9481240097067,0.913786768999103,354
1608000,6431.999999875551,-833164.3406925676,163655.0345041359,-669509.3061884318,303.07921308220955,706.9481240097067,0.913786768999103,354
1609000,6435.9999998754565,-834021.571110352,163282.91910375044,-670738.6520066014,302.39007789570996,706.9481240097067,0.913786768999103,354
1610000,6439.999999875362,-834992.6491563898,162538.8821605359,-672453.7669958539,301.0121665351654,706.9481240097067,0.913786768999103,354
1611000,6443.999999875267,-832718.0862159366,162038.06448422198,-670680.0217317146,300.08468252775447,706.9481240097067,0.913786768999103,354
1612000,6447.999999875173,-833798.4821962016,163063.94473402377,-670734.5374621778,301.98455062389087,706.9481240097067,0.913786768999103,354
1613000,6451.999999875078,-833265.4993600687,162722.3678931552,-670543.1314669135,301.35197100022555,706.9481240097067,0.913786768999103,354
1614000,6455.999999874984,-833223.9925262583,162486.27808115992,-670737.7144450984,300.9147469658226,706.9481240097067,0.913786768999103,354
1615000,6459.999999874889,-832682.9631464072,162410.7745899585,-670272.1885564487,300.77491907254927,706.9481240097067,0.913786768999103,354
1616000,6463.999999874794,-832510.3146899883,162188.8378831225,-670321.4768068658,300.36390573180046,706.9481240097067,0.913786768999103,354
1617000,6467.9999998747,-834354.1518959412,163120.50611364958,-671233.6457822917,302.0892988736454,706.9481240097067,0.913786768999103,354
1618000,6471.999999874605,-832523.7381438054,161922.79427579558,-670600.9438680098,299.8712090824214,706.9481240097067,0.913786768999103,354
1619000,6475.999999874511,-833397.1294672238,161016.62347265272,-672380.505994571,298.193035631988,706.9481240097067,0.913786768999103,354
1620000,6479.999999874416,-832564.1070647808,163141.38818424643,-669422.7188805344,302.1279712037891,706.9481240097067,0.913786768999103,354
1621000,6483.9999998743215,-832683.195899629,163834.41312023927,-668848.7827793898,303.41141141620585,706.9481240097067,0.913786768999103,354
1622000,6487.999999874227,-834558.3732544063,162988.46434814413,-671569.9089062621,301.8447655202742,706.9481240097067,0.913786768999103,354
1623000,6491.999999874132,-832359.0085129458,161777.54598963234,-670581.4625233135,299.60221805256845,706.9481240097067,0.913786768999103,354
1624000,6495.999999874038,-833476.4989547879,162182.7256394534,-671293.7733153345,300.3525862266779,706.9481240097067,0.913786768999103,354
1625000,6499.999999873943,-833238.0438930569,162515.424596911,-670722.6192961459,300.9687245479036,706.9481240097067,0.913786768999103,354
1626000,6503.9999998738485,-832791.82338442,162442.81669742533,-670349.0066869947,300.83425911513314,706.9481240097067,0.913786768999103,354
1627000,6507.999999873754,-832069.7344573215,162653.0846542386,-669416.6498030829,301.2236626374902,706.9481240097067,0.913786768999103,354
1628000,6511.999999873659,-833637.0803139983,162852.492622389,-670784.5876916093,301.5929541185158,706.9481240097067,0.913786768999103,354
1629000,6515.999999873565,-832394.5083351796,162721.90888705588,-669672.5994481237,301.3511209487267,706.9481240097067,0.913786768999103,354
1630000,6519.99999987347,-833306.2253049212,162818.94382734445,-670487.2814775767,301.53082378178186,706.9481240097067,0.913786768999103,354
1631000,6523.999999873376,-831159.5186643694,162630.68637171987,-668528.8322926494,301.1821823746877,706.9481240097067,0.913786768999103,354
1632000,6527.999999873281,-834433.0373817375,163094.91114794882,-671338.1262337887,302.0418985471785,706.9481240097067,0.913786768999103,354
1633000,6531.999999873186,-832289.7863221392,161851.00080827612,-670438.7855138631,299.73825192833095,706.9481240097067,0.913786768999103,354
1634000,6535.999999873092,-833070.40215105,162810.9297086061,-670259.472442444,301.5159821192071,706.9481240097067,0.913786768999103,354
1635000,6539.999999872997,-833822.4213088816,163533.2205163609,-670289.2007925208,302.85362095380896,706.9481240097067,0.913786768999103,354
1636000,6543.999999872903,-831643.6486850735,162133.54530337983,-669510.1033816936,300.2615072225919,706.9481240097067,0.913786768999103,354
1637000,6547.999999872808,-834081.4316037958,162825.35249165952,-671256.0791121363,301.5426922399898,706.9481240097067,0.913786768999103,354
1638000,6551.9999998727135,-832708.7127168253,161553.20526546467,-671155.5074513606,299.1867526173067,706.9481240097067,0.913786768999103,354
1639000,6555.999999872619,-833157.2825353788,162804.8938929187,-670352.3886424601,301.50480415407833,706.9481240097067,0.913786768999103,354
1640000,6559.999999872524,-831470.4920861525,162870.30394707186,-668600.1881390807,301.6259396131888,706.9481240097067,0.913786768999103,354
1641000,6563.99999987243,-833384.1391918333,162806.83362401294,-670577.3055678203,301.50839641859625,706.9481240097067,0.913786768999103,354
1642000,6567.999999872335,-831610.7938405909,162319.26539490564,-669291.5284456853,300.60544958503584,706.9481240097067,0.913786768999103,354
1643000,6571.999999872241,-833220.4824732551,161395.4380097777,-671825.0444634774,298.8945772140346,706.9481240097067,0.913786768999103,354
1644000,6575.999999872146,-832959.0347331427,161567.09756324318,-671391.9371698995,299.21248031148593,706.9481240097067,0.913786768999103,354
1645000,6579.999999872051,-833091.5126352618,163374.69729257002,-669716.8153426917,302.5600455433893,706.9481240097067,0.913786768999103,354
1646000,6583.999999871957,-831607.1102733901,161834.9335615388,-669772.1767118513,299.7084963603932,706.9481240097067,0.913786768999103,354
1647000,6587.999999871862,-831167.9665669668,163213.15630091843,-667954.8102660484,302.26088140964526,706.9481240097067,0.913786768999103,354
1648000,6591.999999871768,-831192.1999019086,162973.89683115936,-668218.3030707493,301.81778736101575,706.9481240097067,0.913786768999103,354
1649000,6595.999999871673,-833069.1029924443,162500.2145763829,-670568.8884160614,300.9405565109924,706.9481240097067,0.913786768999103,354
1650000,6599.999999871578,-831907.8345410405,163524.0176284304,-668383.8169126101,302.8365777626813,706.9481240097067,0.913786768999103,354
1651000,6603.999999871484,-832059.8696431145,162918.92343388725,-669140.9462092272,301.7159799584132,706.9481240097067,0.913786768999103,354
1652000,6607.999999871389,-832235.3406890631,161655.13723529316,-670580.2034537699,299.3755244525096,706.9481240097067,0.913786768999103,354
1653000,6611.999999871295,-832631.9864094332,163671.95498424093,-668960.0314251923,303.1105487866732,706.9481240097067,0.913786768999103,354
1654000,6615.9999998712,-832714.2125806063,162393.32760137215,-670320.8849792342,300.74260830626315,706.9481240097067,0.913786768999103,354
1655000,6619.9999998711055,-832020.5992928343,162172.88054910285,-669847.7187437315,300.33435371555953,706.9481240097067,0.913786768999103,354
1656000,6623.999999871011,-833149.4226367697,162034.66185646984,-671114.7607802999,300.07838106721795,706.9481240097067,0.913786768999103,354
1657000,6627.999999870916,-832930.4908445235,162824.28350338584,-670106.2073411377,301.5407125384439,706.9481240097067,0.913786768999103,354
1658000,6631.999999870822,-833199.5516181253,161848.18892889487,-671351.3626892304,299.7330444980021,706.9481240097067,0.913786768999103,354
1659000,6635.999999870727,-833244.3587054946,163353.11250456574,-669891.2462009288,302.5200718231631,706.9481240097067,0.913786768999103,354
1660000,6639.999999870633,-831994.8495521042,162392.36872596806,-669602.4808261362,300.74083252708357,706.9481240097067,0.913786768999103,354
1661000,6643.999999870538,-832798.9060968058,163738.83450641745,-669060.0715903884,303.2344056115731,706.9481240097067,0.913786768999103,354
1662000,6647.999999870443,-831272.7959582675,162366.53578956248,-668906.260168705,300.6929914932826,706.9481240097067,0.913786768999103,354
1663000,6651.999999870349,-832580.1786357556,163246.1875167844,-669333.9911189711,302.32205322108473,706.9481240097067,0.913786768999103,354
1664000,6655.999999870254,-831224.0028156219,160638.5574218219,-670585.4453938,297.49288020123026,706.9481240097067,0.913786768999103,354
1665000,6659.99999987016,-830576.1560764527,161898.08377620712,-668678.0723002455,299.82544673363185,706.9481240097067,0.913786768999103,354
1666000,6663.999999870065,-832965.878155198,162534.95943128096,-670430.918723917,301.00490187814273,706.9481240097067,0.913786768999103,354
1667000,6667.99999986997,-833372.4440494087,162737.48385843902,-670634.9601909696,301.3799648525203,706.9481240097067,0.913786768999103,354
1668000,6671.999999869876,-832218.8952370901,163216.73661514866,-669002.1586219415,302.26751193477867,706.9481240097067,0.913786768999103,354
1669000,6675.999999869781,-831942.472788794,162269.64281437232,-669672.8299744216,300.5135515709924,706.9481240097067,0.913786768999103,354
1670000,6679.999999869687,-831243.8284738967,162599.11243408773,-668644.7160398089,301.1237093542857,706.9481240097067,0.913786768999103,354
1671000,6683.999999869592,-832119.7170276428,161801.50549815607,-670318.2115294867,299.6465896113855,706.9481240097067,0.913786768999103,354
1672000,6687.9999998694975,-830881.3243586067,161899.6629598373,-668981.6613987694,299.8283712860809,706.9481240097067,0.913786768999103,354
1673000,6691.999999869403,-831719.3509788094,162313.22899526422,-669406.1219835451,300.5942705384595,706.9481240097067,0.913786768999103,354
1674000,6695.999999869308,-831220.4637362948,162207.3313663231,-669013.1323699716,300.3981545427372,706.9481240097067,0.913786768999103,354
1675000,6699.999999869214,-830965.8507881826,161938.11649971188,-669027.7342884707,299.8995849132126,706.9481240097067,0.913786768999103,354
1676000,6703.999999869119,-830535.827309194,162314.66213729922,-668221.1651718948,300.59692463071843,706.9481240097067,0.913786768999103,354
1677000,6707.999999869025,-831615.0287161926,162741.52515800143,-668873.5035581911,301.387449094572,706.9481240097067,0.913786768999103,354
1678000,6711.99999986893,-832354.9043321302,161316.40380109195,-671038.5005310383,298.7482106457978,706.9481240097067,0.913786768999103,354
1679000,6715.999999868835,-833962.8463629102,161388.16654921853,-672574.6798136916,298.881110909433,706.9481240097067,0.913786768999103,354
1680000,6719.999999868741,-834586.8897058731,161875.59377148666,-672711.2959343864,299.7837966068665,706.9481240097067,0.913786768999103,354
1681000,6723.999999868646,-831821.1098554013,162080.09077461727,-669741.019080784,300.1625126724876,706.9481240097067,0.913786768999103,354
1682000,6727.999999868552,-832539.2678987151,162946.4247165107,-669592.8431822044,301.7669106683759,706.9481240097067,0.913786768999103,354
1683000,6731.999999868457,-835114.5851465333,162658.52629638376,-672456.0588501496,301.2337402292015,706.9481240097067,0.913786768999103,354
1684000,6735.9999998683625,-831583.2893237118,162604.24172070372,-668979.0476030081,301.133208482473,706.9481240097067,0.913786768999103,354
1685000,6739.999999868268,-832140.0924869673,162808.30315327577,-669331.7893336916,301.5111178977975,706.9481240097067,0.913786768999103,354
1686000,6743.999999868173,-832294.6933105038,163398.81412747188,-668895.879183032,302.6047084611311,706.9481240097067,0.913786768999103,354
1687000,6747.999999868079,-833001.7990178298,161679.40483821405,-671322.3941796158,299.42046658349227,706.9481240097067,0.913786768999103,354
1688000,6751.999999867984,-832842.1753930086,163458.87402226642,-669383.3013707423,302.7159357491109,706.9481240097067,0.913786768999103,354
1689000,6755.9999998678895,-832538.0479146205,162893.6568522919,-669644.3910623286,301.6691877794228,706.9481240097067,0.913786768999103,354
1690000,6759.999999867795,-832610.9055710342,163297.56230899604,-669313.3432620382,302.41719622504394,706.9481240097067,0.913786768999103,354
1691000,6763.9999998677,-831380.9145176532,163062.08527494306,-668318.8292427101,301.98110701828074,706.9481240097067,0.913786768999103,354
1692000,6767.999999867606,-830450.4081230052,163230.75794505794,-667219.6501779472,302.29347858865,706.9481240097067,0.913786768999103,354
1693000,6771.999999867511,-832191.8261814453,162945.62653807097,-669246.1996433743,301.76543249024263,706.9481240097067,0.913786768999103,354
1694000,6775.999999867417,-832052.2593747508,161722.97996389272,-670329.279410858,299.501165077374,706.9481240097067,0.913786768999103,354
1695000,6779.999999867322,-833341.1302544503,163203.1052746977,-670138.0249797525,302.24226751776666,706.9481240097067,0.913786768999103,354
1696000,6783.999999867227,-832174.9995241268,162212.41803146098,-669962.5814926658,300.4075747385281,706.9481240097067,0.913786768999103,354
1697000,6787.999999867133,-832392.0377080366,164412.14509262668,-667979.8926154099,304.48133604207607,706.9481240097067,0.913786768999103,354
1698000,6791.999999867038,-832981.2124911034,162531.979537426,-670449.2329536774,300.99938329518335,706.9481240097067,0.913786768999103,354
1699000,6795.999999866944,-834163.7359969923,162590.4214216304,-671573.3145753619,301.1076141255356,706.9481240097067,0.913786768999103,354
1700000,6799.999999866849,-832821.531418764,162079.32810310367,-670742.2033156604,300.1611002510312,706.9481240097067,0.913786768999103,354
1701000,6803.9999998667545,-833170.3346927883,162661.0072026474,-670509.3274901409,301.23833471736,706.9481240097067,0.913786768999103,354
1702000,6807.99999986666,-831938.6995401774,163710.34898889787,-668228.3505512795,303.18165215818726,706.9481240097067,0.913786768999103,354
1703000,6811.999999866565,-832238.663016892,162831.4242806161,-669407.2387362759,301.55393682543456,706.9481240097067,0.913786768999103,354
1704000,6815.999999866471,-833010.6671038046,161862.7566882245,-671147.9104155801,299.76002310606856,706.9481240097067,0.913786768999103,354
1705000,6819.999999866376,-832745.8896239726,161959.1713089769,-670786.7183149958,299.93857714490883,706.9481240097067,0.913786768999103,354
1706000,6823.9999998662815,-832346.336168767,161806.6845204126,-670539.6516483544,299.65618084696706,706.9481240097067,0.913786768999103,354
1707000,6827.999999866187,-832305.2139400477,162852.06657798903,-669453.1473620586,301.592165110088,706.9481240097067,0.913786768999103,354
1708000,6831.999999866092,-833931.862425589,162523.53913338587,-671408.3232922031,300.98375217804517,706.9481240097067,0.913786768999103,354
1709000,6835.999999865998,-832505.696655116,161324.5530045323,-671181.1436505837,298.76330247706,706.9481240097067,0.913786768999103,354
1710000,6839.999999865903,-832485.749144394,163338.98839451768,-669146.7607498763,302.49391482669904,706.9481240097067,0.913786768999103,354
1711000,6843.999999865809,-832738.1314250864,162967.14363801407,-669770.9877870723,301.80528085627867,706.9481240097067,0.913786768999103,354
1712000,6847.999999865714,-832142.8842840269,163587.08028679198,-668555.8039972349,302.95336598694223,706.9481240097067,0.913786768999103,354
1713000,6851.999999865619,-830949.5595734883,162305.97027919977,-668643.5892942885,300.58082783589026,706.9481240097067,0.913786768999103,354
1714000,6855.999999865525,-833406.9901716057,161994.0772777939,-671412.9128938118,300.0032208852801,706.9481240097067,0.913786768999103,354
1715000,6859.99999986543,-832127.6234478941,162103.53603071877,-670024.0874171753,300.2059318669614,706.9481240097067,0.913786768999103,354
1716000,6863.999999865336,-832318.154051262,161935.93550607568,-670382.2185451863,299.89554584507766,706.9481240097067,0.913786768999103,354
1717000,6867.999999865241,-832388.6684671221,163149.97583352518,-669238.692633597,302.1438750101921,706.9481240097067,0.913786768999103,354
1718000,6871.9999998651465,-833439.6010684324,161698.19315953864,-671741.4079088938,299.45526141677954,706.9481240097067,0.913786768999103,354
1719000,6875.999999865052,-833004.6771755582,163457.92652123945,-669546.7506543187,302.7141810345889,706.9481240097067,0.913786768999103,354
1720000,6879.999999864957,-832448.1161071388,162690.93292778643,-669757.1831793524,301.29375534803927,706.9481240097067,0.913786768999103,354
1721000,6883.999999864863,-833530.408720958,162162.25336290046,-671368.1553580576,300.3146728102867,706.9481240097067,0.913786768999103,354
1722000,6887.999999864768,-833528.6666378686,162270.64878584165,-671258.017852027,300.51541456923275,706.9481240097067,0.913786768999103,354
1723000,6891.999999864674,-833324.0773994653,161710.99850766372,-671613.0788918015,299.47897614602545,706.9481240097067,0.913786768999103,354
1724000,6895.999999864579,-833511.1706660893,162086.88124858454,-671424.2894175048,300.17508821904926,706.9481240097067,0.913786768999103,354
1725000,6899.999999864484,-832461.8141491208,162759.04518380738,-669702.7689653134,301.4198951213657,706.9481240097067,0.913786768999103,354
1726000,6903.99999986439,-832762.609493915,163693.15467144066,-669069.4548224744,303.14980932353075,706.9481240097067,0.913786768999103,354
1727000,6907.999999864295,-833969.5061239414,162560.90403032594,-671408.6020936155,301.0529497043896,706.9481240097067,0.913786768999103,354
1728000,6911.999999864201,-832749.344117769,162069.10037573503,-670680.2437420341,300.1421591193276,706.9481240097067,0.913786768999103,354
1729000,6915.999999864106,-834189.1908506518,161739.2316496243,-672449.9592010275,299.53126221515964,706.9481240097067,0.913786768999103,354
1730000,6919.999999864011,-835055.5771519048,161619.08616443188,-673436.4909874729,299.3087600524988,706.9481240097067,0.913786768999103,354
1731000,6923.999999863917,-833788.3132904172,162221.40964392066,-671566.9036464966,300.4242266602786,706.9481240097067,0.913786768999103,354
1732000,6927.999999863822,-831376.7931759162,162435.31048525975,-668941.4826906564,300.82035806477273,706.9481240097067,0.913786768999103,354
1733000,6931.999999863728,-832588.1529099997,162930.0245069284,-669658.1284030713,301.73653847341325,706.9481240097067,0.913786768999103,354
1734000,6935.999999863633,-834499.6495544482,162734.8287232005,-671764.8208312477,301.3750477028515,706.9481240097067,0.913786768999103,354
1735000,6939.9999998635385,-834379.7227314152,161613.60951148605,-672766.1132199292,299.29861762290494,706.9481240097067,0.913786768999103,354
1736000,6943.999999863444,-834272.1798726376,162304.78751645348,-671967.3923561841,300.5786374309113,706.9481240097067,0.913786768999103,354
1737000,6947.999999863349,-832504.4058329901,160947.0371269798,-671557.3687060103,298.0641659338957,706.9481240097067,0.913786768999103,354
1738000,6951.999999863255,-832625.5082546482,162168.05640236274,-670457.4518522854,300.3254196879434,706.9481240097067,0.913786768999103,354
1739000,6955.99999986316,-830510.4551907405,163555.85844778246,-666954.5967429581,302.8955450318665,706.9481240097067,0.913786768999103,354
1740000,6959.999999863066,-831555.1511654248,162616.49117899232,-668938.6599864325,301.15589373740596,706.9481240097067,0.913786768999103,354
1741000,6963.999999862971,-832248.7997185057,163014.8548086026,-669233.9449099031,301.8936390548579,706.9481240097067,0.913786768999103,354
1742000,6967.999999862876,-831915.1620667353,163171.0742127417,-668744.0878539936,302.1829479307999,706.9481240097067,0.913786768999103,354
1743000,6971.999999862782,-832339.7232746035,162679.1478627337,-669660.5754118698,301.2719301212558,706.9481240097067,0.913786768999103,354
1744000,6975.999999862687,-832272.9981782548,162909.3823749121,-669363.6158033428,301.69831049499027,706.9481240097067,0.913786768999103,354
1745000,6979.999999862593,-833175.1999098649,163259.08443407982,-669916.1154757851,302.3459375308887,706.9481240097067,0.913786768999103,354
1746000,6983.999999862498,-833136.187869532,162614.13630245748,-670522.0515670746,301.1515326486729,706.9481240097067,0.913786768999103,354
1747000,6987.9999998624035,-832198.9654543074,162750.11170906527,-669448.8537452421,301.4033508671475,706.9481240097067,0.913786768999103,354
1748000,6991.999999862309,-833051.736333712,163209.0862689378,-669842.6500647742,302.2533439568951,706.9481240097067,0.913786768999103,354
1749000,6995.999999862214,-832944.6709734369,162650.6568923139,-670294.014081123,301.219166569429,706.9481240097067,0.913786768999103,354
1750000,6999.99999986212,-833376.4367667446,162773.95761279826,-670602.4791539463,301.4475120367719,706.9481240097067,0.913786768999103,354
1751000,7003.999999862025,-832172.2646835158,161891.37411379445,-670280.8905697213,299.81302084517546,706.9481240097067,0.913786768999103,354
1752000,7007.9999998619305,-833025.1455359692,162739.25937245466,-670285.8861635146,301.3832529969535,706.9481240097067,0.913786768999103,354
1753000,7011.999999861836,-831629.722460581,163539.67072526226,-668090.0517353187,302.86556635007474,706.9481240097067,0.913786768999103,354
1754000,7015.999999861741,-831750.4312870931,161362.6814710679,-670387.7498160251,298.83391408805414,706.9481240097067,0.913786768999103,354
1755000,7019.999999861647,-832169.6920048716,163636.5070801709,-668533.1849247006,303.0449014150325,706.9481240097067,0.913786768999103,354
1756000,7023.999999861552,-834227.2327822596,163249.57241628497,-670977.6603659746,302.32832184997295,706.9481240097067,0.913786768999103,354
1757000,7027.999999861458,-833570.0150642255,161108.13044788348,-672461.884616342,298.36250100852527,706.9481240097067,0.913786768999103,354
1758000,7031.999999861363,-831664.9999665152,161802.9372702678,-669862.0626962474,299.64924116662945,706.9481240097067,0.913786768999103,354
1759000,7035.999999861268,-833260.9267961765,162053.6242010889,-671207.3025950876,300.11349818110784,706.9481240097067,0.913786768999103,354
1760000,7039.999999861174,-832438.7819731841,162010.47424832935,-670428.3077248547,300.0335870817242,706.9481240097067,0.913786768999103,354
1761000,7043.999999861079,-832087.3541719681,162100.93839196675,-669986.4157800013,300.2011211973036,706.9481240097067,0.913786768999103,354
1762000,7047.999999860985,-832585.7279362408,162951.700605153,-669634.0273310879,301.7766812946378,706.9481240097067,0.913786768999103,354
1763000,7051.99999986089,-833645.9702592539,160610.61579384905,-673035.3544654048,297.4411339983475,706.9481240097067,0.913786768999103,354
1764000,7055.9999998607955,-833110.2760058669,162715.00290205522,-670395.2731038118,301.3383314827264,706.9481240097067,0.913786768999103,354
1765000,7059.999999860701,-832228.5304789441,163461.42617318488,-668767.1043057592,302.72066217805565,706.9481240097067,0.913786768999103,354
1766000,7063.999999860606,-833672.8537555262,163870.5239558522,-669802.329799674,303.4782864969174,706.9481240097067,0.913786768999103,354
1767000,7067.999999860512,-832768.6387337679,162228.04116624215,-670540.5975675257,300.4365078380182,706.9481240097067,0.913786768999103,354
1768000,7071.999999860417,-833928.4600782143,163743.3130646436,-670185.1470135706,303.24269963019,706.9481240097067,0.913786768999103,354
1769000,7075.9999998603225,-831874.7958489982,163515.5961609668,-668359.1996880315,302.8209817149361,706.9481240097067,0.913786768999103,354
1770000,7079.999999860228,-833099.9663231503,164278.886192678,-668821.0801304723,304.2345486294247,706.9481240097067,0.913786768999103,354
1771000,7083.999999860133,-833427.8985737693,163069.81266999,-670358.0859037793,301.99541768594275,706.9481240097067,0.913786768999103,354
1772000,7087.999999860039,-832502.850470677,164134.69623550764,-668368.1542351694,303.96751756077487,706.9481240097067,0.913786768999103,354
1773000,7091.999999859944,-833823.0301680192,162745.64162795298,-671077.3885400663,301.3950725476321,706.9481240097067,0.913786768999103,354
1774000,7095.99999985985,-833325.0313811805,162818.71554132953,-670506.315839851,301.530401009907,706.9481240097067,0.913786768999103,354
1775000,7099.999999859755,-832467.9585289117,161868.69990538823,-670599.2586235234,299.77102958433926,706.9481240097067,0.913786768999103,354
1776000,7103.99999985966,-833200.5166849364,163324.6582801327,-669875.8584048037,302.4673763226784,706.9481240097067,0.913786768999103,354
1777000,7107.999999859566,-834579.1235692436,162074.93390563235,-672504.1896636112,300.1529624634234,706.9481240097067,0.913786768999103,354
1778000,7111.999999859471,-832802.7460438702,161484.56634988895,-671318.1796939813,299.0596375023789,706.9481240097067,0.913786768999103,354
1779000,7115.999999859377,-834894.7258219616,162478.49429463997,-672416.2315273217,300.9003318645676,706.9481240097067,0.913786768999103,354
1780000,7119.999999859282,-833444.9589378461,163140.15426412958,-670304.8046737165,302.1256860584579,706.9481240097067,0.913786768999103,354
1781000,7123.9999998591875,-833560.2368467404,161931.85933119908,-671628.3775155413,299.8879970160561,706.9481240097067,0.913786768999103,354
1782000,7127.999999859093,-833201.2873138916,162586.75012788537,-670614.5371860062,301.10081511185047,706.9481240097067,0.913786768999103,354
1783000,7131.999999858998,-833945.8216834376,161634.13622123646,-672311.6854622011,299.3366318462814,706.9481240097067,0.913786768999103,354
1784000,7135.999999858904,-833304.3683042573,162547.91817009822,-670756.4501341591,301.0289006776612,706.9481240097067,0.913786768999103,354
1785000,7139.999999858809,-834094.3862871984,162658.72744813233,-671435.658839066,301.2341127500582,706.9481240097067,0.913786768999103,354
1786000,7143.999999858715,-833496.7737468109,162744.70083308115,-670752.0729137297,301.39333025250323,706.9481240097067,0.913786768999103,354
1787000,7147.99999985862,-833880.7363797929,162376.43748721806,-671504.2988925749,300.7113288377017,706.9481240097067,0.913786768999103,354
1788000,7151.999999858525,-834075.1924274564,162196.00030237902,-671879.1921250774,300.37717009851303,706.9481240097067,0.913786768999103,354
1789000,7155.999999858431,-833521.5724383909,162303.8102691875,-671217.7621692035,300.576827628156,706.9481240097067,0.913786768999103,354
1790000,7159.999999858336,-833118.5006180601,163271.20538512687,-669847.2952329332,302.36838479819266,706.9481240097067,0.913786768999103,354
1791000,7163.999999858242,-833562.7765543098,162439.53695732995,-671123.2395969798,300.82818523509496,706.9481240097067,0.913786768999103,354
1792000,7167.999999858147,-834113.0229381304,162776.43244206323,-671336.5904960672,301.45209527069693,706.9481240097067,0.913786768999103,354
1793000,7171.999999858052,-831529.390369392,162579.87281361435,-668949.5175557777,301.0880787423052,706.9481240097067,0.913786768999103,354
1794000,7175.999999857958,-833067.9747845205,161080.52865738387,-671987.4461271366,298.3113841640626,706.9481240097067,0.913786768999103,354
1795000,7179.999999857863,-834365.5522351488,162556.0040381379,-671809.548197011,301.043875215597,706.9481240097067,0.913786768999103,354
1796000,7183.999999857769,-834073.0600213036,163399.17294758535,-670673.8870737182,302.6053729742514,706.9481240097067,0.913786768999103,354
1797000,7187.999999857674,-833066.454848066,163842.82463472796,-669223.630213338,303.4269890316442,706.9481240097067,0.913786768999103,354
1798000,7191.9999998575795,-832925.925794987,161933.16399983293,-670992.7617951541,299.8904131833563,706.9481240097067,0.913786768999103,354
1799000,7195.999999857485,-834431.2936159242,161815.52141789228,-672615.7721980319,299.6725462459439,706.9481240097067,0.913786768999103,354
1800000,7199.99999985739,-832617.2881918857,162394.14645460516,-670223.1417372805,300.7441247728616,706.9481240097067,0.913786768999103,354
1801000,7203.999999857296,-833036.9481449779,164400.99904304522,-668635.9491019327,304.4606942332471,706.9481240097067,0.913786768999103,354
1802000,7207.999999857201,-832695.5066581853,163035.42311566975,-669660.0835425155,301.9317303139458,706.9481240097067,0.913786768999103,354
1803000,7211.999999857107,-832360.9152842239,161772.5230858269,-670588.392198397,299.5929159389038,706.9481240097067,0.913786768999103,354
1804000,7215.999999857012,-832086.1572404606,161632.89240142395,-670453.2648390366,299.3343283673134,706.9481240097067,0.913786768999103,354
1805000,7219.999999856917,-833043.9871867867,162571.7114983776,-670472.2756884091,301.0729644807296,706.9481240097067,0.913786768999103,354
1806000,7223.999999856823,-831459.046477017,162422.29121358605,-669036.755263431,300.79624716206985,706.9481240097067,0.913786768999103,354
1807000,7227.999999856728,-832622.8616581466,162754.16314818955,-669868.6985099571,301.4108538870537,706.9481240097067,0.913786768999103,354
1808000,7231.999999856634,-832714.328258412,161685.67790543134,-671028.6503529806,299.43208392408667,706.9481240097067,0.913786768999103,354
1809000,7235.999999856539,-833026.6923416425,161733.72247244755,-671292.9698691949,299.5210595526597,706.9481240097067,0.913786768999103,354
1810000,7239.999999856444,-832186.9982763594,161456.33340834756,-670730.6648680118,299.00735180440887,706.9481240097067,0.913786768999103,354
1811000,7243.99999985635,-831753.1205007248,162086.2057257119,-669666.9147750129,300.17383719159824,706.9481240097067,0.913786768999103,354
1812000,7247.999999856255,-832067.0367283393,162611.3953612331,-669455.6413671062,301.14645659151455,706.9481240097067,0.913786768999103,354
1813000,7251.999999856161,-831183.4871444385,162778.02809053008,-668405.4590539085,301.4550503150263,706.9481240097067,0.913786768999103,354
1814000,7255.999999856066,-833516.9906517304,162299.33999404503,-671217.6506576855,300.56854894930854,706.9481240097067,0.913786768999103,354
1815000,7259.9999998559715,-832968.8696370656,163497.144595462,-669471.7250416036,302.7868105330335,706.9481240097067,0.913786768999103,354
1816000,7263.999999855877,-833184.6217506165,162688.0075661078,-670496.6141845087,301.28833775536793,706.9481240097067,0.913786768999103,354
1817000,7267.999999855782,-831698.8541558525,162171.13487196405,-669527.7192838883,300.33112082721533,706.9481240097067,0.913786768999103,354
1818000,7271.999999855688,-832111.9411263596,162467.7010740735,-669644.2400522861,300.8803434737074,706.9481240097067,0.913786768999103,354
1819000,7275.999999855593,-832979.0910201361,161976.99204140046,-671002.0989787357,299.9715800621478,706.9481240097067,0.913786768999103,354
1820000,7279.999999855499,-832256.0301988097,162352.64632270334,-669903.3838761064,300.66726904179455,706.9481240097067,0.913786768999103,354
1821000,7283.999999855404,-831902.7599478122,163221.812723062,-668680.9472247502,302.2769125792291,706.9481240097067,0.913786768999103,354
1822000,7287.999999855309,-831869.1769909589,162433.7818438615,-669435.3951470973,300.81752711347656,706.9481240097067,0.913786768999103,354
1823000,7291.999999855215,-833995.3725083778,163323.3080522284,-670672.0644561494,302.46487578236844,706.9481240097067,0.913786768999103,354
1824000,7295.99999985512,-832742.2762272777,162013.37645430252,-670728.8997729751,300.0389617914312,706.9481240097067,0.913786768999103,354
1825000,7299.999999855026,-831912.4188335594,162469.44121418693,-669442.9776193724,300.88356610781597,706.9481240097067,0.913786768999103,354
1826000,7303.999999854931,-832775.5283593507,162970.55288746074,-669804.9754718901,301.8115945797924,706.9481240097067,0.913786768999103,354
1827000,7307.9999998548365,-834021.0325272446,162765.73206877545,-671255.3004584692,301.4322788273741,706.9481240097067,0.913786768999103,354
1828000,7311.999999854742,-833176.2676384812,161718.66841898143,-671457.5992194999,299.49318035730204,706.9481240097067,0.913786768999103,354
1829000,7315.999999854647,-831993.5232811235,162880.56548654905,-669112.9577945744,301.64494336286987,706.9481240097067,0.913786768999103,354
1830000,7319.999999854553,-832462.3258489305,162967.49360820116,-669494.8322407294,301.8059289798712,706.9481240097067,0.913786768999103,354
1831000,7323.999999854458,-832236.3102392601,162979.38549676107,-669256.924742499,301.8279520373208,706.9481240097067,0.913786768999103,354
1832000,7327.9999998543635,-831622.1799310856,162165.55223331333,-669456.6276977722,300.3207821185144,706.9481240097067,0.913786768999103,354
1833000,7331.999999854269,-832343.4725534432,162334.2820047118,-670009.1905487314,300.6332594370029,706.9481240097067,0.913786768999103,354
1834000,7335.999999854174,-832195.4222078975,162249.45425074827,-669945.9679571493,300.47616357376404,706.9481240097067,0.913786768999103,354
1835000,7339.99999985408,-834062.7654473092,161806.40648484929,-672256.35896246,299.65566594194144,706.9481240097067,0.913786768999103,354
1836000,7343.999999853985,-832887.4271297986,162893.49557726696,-669993.9315525317,301.6688891078433,706.9481240097067,0.913786768999103,354
1837000,7347.999999853891,-832877.8491531396,162596.7769995066,-670281.072153633,301.1193842708735,706.9481240097067,0.913786768999103,354
1838000,7351.999999853796,-833104.694441637,161762.63947119296,-671342.0549704441,299.57461208314567,706.9481240097067,0.913786768999103,354
1839000,7355.999999853701,-832593.9723127736,163132.5559877342,-669461.4163250393,302.1116145107193,706.9481240097067,0.913786768999103,354
1840000,7359.999999853607,-833667.6781854928,163975.33568869287,-669692.3424967999,303.67239147882265,706.9481240097067,0.913786768999103,354
1841000,7363.999999853512,-832082.3346356554,161445.4169914186,-670636.9176442368,298.987135261346,706.9481240097067,0.913786768999103,354
1842000,7367.999999853418,-832756.3814883148,164027.810883221,-668728.5706050938,303.76957236123246,706.9481240097067,0.913786768999103,354
1843000,7371.999999853323,-832270.5107598584,162559.76146235754,-669710.7492975008,301.05083373770515,706.9481240097067,0.913786768999103,354
1844000,7375.9999998532285,-831636.8047379293,163136.03531557042,-668500.7694223588,302.11805801516664,706.9481240097067,0.913786768999103,354
1845000,7379.999999853134,-832560.8551943116,163949.05931389093,-668611.7958804206,303.62372922396594,706.9481240097067,0.913786768999103,354
1846000,7383.999999853039,-834989.4246277306,161526.99207728065,-673462.43255045,299.1382073802398,706.9481240097067,0.913786768999103,354
1847000,7387.999999852945,-832654.1030825116,161410.41987749678,-671243.6832050148,298.92232272576035,706.9481240097067,0.913786768999103,354
1848000,7391.99999985285,-831092.8782607904,162997.7599730424,-668095.118287748,301.8619804546501,706.9481240097067,0.913786768999103,354
1849000,7395.9999998527555,-833666.1121578356,162835.38656734338,-670830.7255904922,301.56127474050055,706.9481240097067,0.913786768999103,354
1850000,7399.999999852661,-831762.8579524234,163257.48534935858,-668505.3726030649,302.34297612282427,706.9481240097067,0.913786768999103,354
1851000,7403.999999852566,-831081.016127835,162850.1962875866,-668230.8198402484,301.588701445526,706.9481240097067,0.913786768999103,354
1852000,7407.999999852472,-832388.9146925984,163359.79286781244,-669029.121824786,302.53244345133845,706.9481240097067,0.913786768999103,354
1853000,7411.999999852377,-831838.9034358095,162453.61498942488,-669385.2884463847,300.8542568979803,706.9481240097067,0.913786768999103,354
1854000,7415.999999852283,-832755.9640929047,162381.05317784636,-670374.9109150583,300.71987681722277,706.9481240097067,0.913786768999103,354
1855000,7419.999999852188,-832639.9518662943,162771.29824309365,-669868.6536232006,301.4425870451283,706.9481240097067,0.913786768999103,354
1856000,7423.999999852093,-833848.8465708122,162547.8062784004,-671301.0402924118,301.028693461013,706.9481240097067,0.913786768999103,354
1857000,7427.999999851999,-833432.0951693458,162773.49999247375,-670658.5951768721,301.44666455164406,706.9481240097067,0.913786768999103,354
1858000,7431.999999851904,-834070.6439056545,161650.05074281548,-672420.5931628391,299.36610457647487,706.9481240097067,0.913786768999103,354
1859000,7435.99999985181,-833015.7359925974,162675.03922336514,-670340.6967692323,301.26432116996114,706.9481240097067,0.913786768999103,354
1860000,7439.999999851715,-832443.8284791261,163258.04217532795,-669185.7863037982,302.34400733079866,706.9481240097067,0.913786768999103,354
1861000,7443.9999998516205,-834273.7340022391,162575.85568877557,-671697.8783134635,301.08063927037773,706.9481240097067,0.913786768999103,354
1862000,7447.999999851526,-832792.7681234721,161397.6896330401,-671395.078490432,298.89874708396013,706.9481240097067,0.913786768999103,354
1863000,7451.999999851431,-833254.2829174893,161597.0870106797,-671657.1959068095,299.26801895200117,706.9481240097067,0.913786768999103,354
1864000,7455.999999851337,-832320.4018516457,162426.01824560633,-669894.3836060393,300.80314939966536,706.9481240097067,0.913786768999103,354
1865000,7459.999999851242,-833953.5227012634,162388.15485003183,-671565.3678512316,300.73302868403863,706.9481240097067,0.913786768999103,354
1866000,7463.999999851148,-832726.1363927228,163084.7972335536,-669641.3391591692,302.02316819020916,706.9481240097067,0.913786768999103,354
1867000,7467.999999851053,-832597.0854450455,161598.5929540961,-670998.4924909493,299.27080786800957,706.9481240097067,0.913786768999103,354
1868000,7471.999999850958,-832678.6414453303,161453.23713560414,-671225.4043097262,299.00161769479587,706.9481240097067,0.913786768999103,354
1869000,7475.999999850864,-833431.829396069,162236.85813703632,-671194.9712590327,300.45283633398026,706.9481240097067,0.913786768999103,354
1870000,7479.999999850769,-832762.6250432767,163477.36622861697,-669285.2588146597,302.75018219539874,706.9481240097067,0.913786768999103,354
1871000,7483.999999850675,-834260.3106728727,163855.69338345336,-670404.6172894193,303.4508211749624,706.9481240097067,0.913786768999103,354
1872000,7487.99999985058,-831526.680144486,162493.83586601846,-669032.8442784676,300.9287435256871,706.9481240097067,0.913786768999103,354
1873000,7491.999999850485,-833809.2752737273,163095.06851136466,-670714.2067623626,302.04218997469485,706.9481240097067,0.913786768999103,354
1874000,7495.999999850391,-834222.9830040438,161666.85562666366,-672556.1273773802,299.39722620367127,706.9481240097067,0.913786768999103,354
1875000,7499.999999850296,-833691.9025424784,163200.77996862907,-670491.1225738493,302.2379611917463,706.9481240097067,0.913786768999103,354
1876000,7503.999999850202,-832811.924129975,162667.7158997823,-670144.2082301928,301.2507588181805,706.9481240097067,0.913786768999103,354
1877000,7507.999999850107,-833196.3481624136,163851.54619529436,-669344.8019671192,303.44314083364236,706.9481240097067,0.913786768999103,354
1878000,7511.9999998500125,-832816.7684213389,162560.09629941068,-670256.6721219282,301.0514538356501,706.9481240097067,0.913786768999103,354
1879000,7515.999999849918,-831456.9081870727,163177.70497972792,-668279.2032073447,302.1952277097044,706.9481240097067,0.913786768999103,354
1880000,7519.999999849823,-833931.2034596251,162208.20949355015,-671722.993966075,300.39978078118304,706.9481240097067,0.913786768999103,354
1881000,7523.999999849729,-833365.8437120775,162102.7244816476,-671263.1192304299,300.2044289272284,706.9481240097067,0.913786768999103,354
1882000,7527.999999849634,-833420.0498131588,161401.19985286827,-672018.8499602906,298.90524779850574,706.9481240097067,0.913786768999103,354
1883000,7531.99999984954,-831107.3736301176,162792.832184773,-668314.5414453447,301.48246660103996,706.9481240097067,0.913786768999103,354
1884000,7535.999999849445,-833297.0483300826,162319.3741351025,-670977.6741949801,300.6056509652952,706.9481240097067,0.913786768999103,354
1885000,7539.99999984935,-833600.6931920387,161829.66509263555,-671771.0280994031,299.69873947503874,706.9481240097067,0.913786768999103,354
1886000,7543.999999849256,-833252.2448109454,162438.2151528329,-670814.0296581124,300.8257373332139,706.9481240097067,0.913786768999103,354
1887000,7547.999999849161,-831951.1644160785,162378.12509812677,-669573.0393179518,300.7144541909043,706.9481240097067,0.913786768999103,354
1888000,7551.999999849067,-832970.2105073147,162972.42818942183,-669997.7823178929,301.8150675254576,706.9481240097067,0.913786768999103,354
1889000,7555.999999848972,-831304.988379525,163783.39356032968,-667521.5948191953,303.31692628095755,706.9481240097067,0.913786768999103,354
1890000,7559.999999848877,-833692.2031162065,162498.03208646778,-671194.1710297386,300.93651467183946,706.9481240097067,0.913786768999103,354
1891000,7563.999999848783,-831723.5670615444,162553.04816030653,-669170.5189012379,301.0384011088589,706.9481240097067,0.913786768999103,354
1892000,7567.999999848688,-832317.4100097809,160932.64384532103,-671384.7661644599,298.0375104479095,706.9481240097067,0.913786768999103,354
1893000,7571.999999848594,-833976.8506726567,164173.97684043247,-669802.8738322242,304.04026286229333,706.9481240097067,0.913786768999103,354
1894000,7575.999999848499,-832773.3826065836,163979.82883878512,-668793.5537677985,303.6807125206918,706.9481240097067,0.913786768999103,354
1895000,7579.9999998484045,-832746.6402841499,162336.27602769365,-670410.3642564563,300.63695224680873,706.9481240097067,0.913786768999103,354
1896000,7583.99999984831,-832667.1118989503,163297.30993536557,-669369.8019635847,302.41672884436383,706.9481240097067,0.913786768999103,354
1897000,7587.999999848215,-832899.7185476264,162293.5972329825,-670606.1213146439,300.55791370359776,706.9481240097067,0.913786768999103,354
1898000,7591.999999848121,-834408.1235068943,161764.32427958917,-672643.7992273052,299.57773224626476,706.9481240097067,0.913786768999103,354
1899000,7595.999999848026,-834676.2178040883,162490.8801405786,-672185.3376635097,300.9232697011689,706.9481240097067,0.913786768999103,354
1900000,7599.999999847932,-832719.9796467153,162926.32635542404,-669793.6532912913,301.7296897207843,706.9481240097067,0.913786768999103,354
1901000,7603.999999847837,-831186.7564769881,161622.7823068312,-669563.9741701569,299.3156050843869,706.9481240097067,0.913786768999103,354
1902000,7607.999999847742,-832616.1025937228,162645.60474780697,-669970.4978459158,301.209810303756,706.9481240097067,0.913786768999103,354
1903000,7611.999999847648,-832581.774090834,161522.56949376513,-671059.2045970688,299.1300170233973,706.9481240097067,0.913786768999103,354
1904000,7615.999999847553,-832218.8809137531,161578.29654632404,-670640.584367429,299.2332201499501,706.9481240097067,0.913786768999103,354
1905000,7619.999999847459,-834008.7263927618,161803.09255863406,-672205.6338341278,299.6495287512796,706.9481240097067,0.913786768999103,354
1906000,7623.999999847364,-833038.6436214764,162965.59467162308,-670073.0489498533,301.80241226432673,706.9481240097067,0.913786768999103,354
1907000,7627.9999998472695,-831907.9351492813,162591.2256933432,-669316.7094559381,301.10910358804165,706.9481240097067,0.913786768999103,354
1908000,7631.999999847175,-830373.8193964446,161962.71941774403,-668411.0999787005,299.9451480274749,706.9481240097067,0.913786768999103,354
1909000,7635.99999984708,-832910.0110091325,163491.0754999663,-669418.9355091662,302.77557093571505,706.9481240097067,0.913786768999103,354
1910000,7639.999999846986,-831493.1056940965,162792.86588750884,-668700.2398065877,301.4825290164657,706.9481240097067,0.913786768999103,354
1911000,7643.999999846891,-832296.246100462,162595.4338974064,-669700.8122030557,301.1168969271211,706.9481240097067,0.913786768999103,354
1912000,7647.9999998467965,-832327.4937538058,163071.10970525205,-669256.3840485536,301.9978197167006,706.9481240097067,0.913786768999103,354
1913000,7651.999999846702,-832154.3718190081,162539.80038714348,-669614.5714318646,301.01386703523565,706.9481240097067,0.913786768999103,354
1914000,7655.999999846607,-833389.9988870574,163029.53474661108,-670360.4641404464,301.9208254110441,706.9481240097067,0.913786768999103,354
1915000,7659.999999846513,-832862.6961124754,162256.37164344016,-670606.3244690353,300.48897416611766,706.9481240097067,0.913786768999103,354
1916000,7663.999999846418,-831478.1850353777,163086.17544202652,-668392.0095933513,302.0257205488378,706.9481240097067,0.913786768999103,354
1917000,7667.999999846324,-834005.247552543,161614.4987206912,-672390.7488318518,299.30026438450307,706.9481240097067,0.913786768999103,354
1918000,7671.999999846229,-834766.9169499446,162445.97688747384,-672320.9400624707,300.84011159572435,706.9481240097067,0.913786768999103,354
1919000,7675.999999846134,-831929.6520411065,163081.41573603958,-668848.2363050669,302.016905861594,706.9481240097067,0.913786768999103,354
1920000,7679.99999984604,-833851.2409053147,162124.35748792905,-671726.8834173856,300.24449194478393,706.9481240097067,0.913786768999103,354
1921000,7683.999999845945,-832385.1413618987,162353.91400456487,-670031.2273573339,300.66961671183236,706.9481240097067,0.913786768999103,354
1922000,7687.999999845851,-833944.8606862193,162123.03011561558,-671821.8305706037,300.2420337316439,706.9481240097067,0.913786768999103,354
1923000,7691.999999845756,-831817.2711963821,162131.50168869446,-669685.7695076877,300.2577225719543,706.9481240097067,0.913786768999103,354
1924000,7695.9999998456615,-831325.5051418003,162363.30224542695,-668962.2028963733,300.68700316536444,706.9481240097067,0.913786768999103,354
1925000,7699.999999845567,-832767.2329205843,161556.35426760116,-671210.8786529831,299.1925843785624,706.9481240097067,0.913786768999103,354
1926000,7703.999999845472,-831312.5767293656,160861.86221838463,-670450.714510981,297.9064271613026,706.9481240097067,0.913786768999103,354
1927000,7707.999999845378,-833480.0737158451,163391.38993983474,-670088.6837760104,302.59095931523007,706.9481240097067,0.913786768999103,354
1928000,7711.999999845283,-831295.3257228518,161947.0072259046,-669348.3184969472,299.9160499997062,706.9481240097067,0.913786768999103,354
1929000,7715.9999998451885,-832101.903553958,162930.9822351087,-669170.9213188493,301.7383121280039,706.9481240097067,0.913786768999103,354
1930000,7719.999999845094,-831398.8436909243,162253.05164670062,-669145.7920442238,300.4828257332124,706.9481240097067,0.913786768999103,354
1931000,7723.999999844999,-831341.3603327656,162059.4683704368,-669281.8919623288,300.1243212288219,706.9481240097067,0.913786768999103,354
1932000,7727.999999844905,-832223.9922788851,162942.7238292154,-669281.2684496697,301.76005684922785,706.9481240097067,0.913786768999103,354
1933000,7731.99999984481,-831813.2412601905,162754.5709058349,-669058.6703543556,301.4116090295194,706.9481240097067,0.913786768999103,354
1934000,7735.999999844716,-833984.156068176,161881.4345159714,-672102.7215522046,299.79461331194136,706.9481240097067,0.913786768999103,354
1935000,7739.999999844621,-833056.3696682332,163124.2129913132,-669932.15667692,302.09616378659285,706.9481240097067,0.913786768999103,354
1936000,7743.999999844526,-833682.2251004074,163143.80309943017,-670538.4220009772,302.132443480464,706.9481240097067,0.913786768999103,354
1937000,7747.999999844432,-831325.032719167,162309.84769098271,-669015.1850281842,300.5880085676993,706.9481240097067,0.913786768999103,354
1938000,7751.999999844337,-832858.6949021844,163641.4278887472,-669217.2670134372,303.05401445451554,706.9481240097067,0.913786768999103,354
1939000,7755.999999844243,-832730.5498972302,161486.6701378564,-671243.8797593738,299.0635335902909,706.9481240097067,0.913786768999103,354
1940000,7759.999999844148,-831741.3444020003,163155.40216427832,-668585.942237722,302.15392424613265,706.9481240097067,0.913786768999103,354
1941000,7763.9999998440535,-831362.2701598359,162408.02876160239,-668954.2413982336,300.76983396471894,706.9481240097067,0.913786768999103,354
1942000,7767.999999843959,-831011.0558725633,161757.56518665276,-669253.4906859105,299.5652148154719,706.9481240097067,0.913786768999103,354
1943000,7771.999999843864,-830794.0601482466,162110.29720491136,-668683.7629433352,300.21845315211476,706.9481240097067,0.913786768999103,354
1944000,7775.99999984377,-832116.799390832,163291.53548596532,-668825.2639048666,302.40603491377067,706.9481240097067,0.913786768999103,354
1945000,7779.999999843675,-832104.7507402431,162302.6020203058,-669802.1487199373,300.57459002439776,706.9481240097067,0.913786768999103,354
1946000,7783.999999843581,-832465.7876919992,162259.26049692032,-670206.5271950789,300.4943241478162,706.9481240097067,0.913786768999103,354
1947000,7787.999999843486,-831832.5914544603,161909.51764242293,-669923.0738120374,299.84662156143764,706.9481240097067,0.913786768999103,354
1948000,7791.999999843391,-832628.6882975688,163092.7047797755,-669535.9835177934,302.0378124869374,706.9481240097067,0.913786768999103,354
1949000,7795.999999843297,-832088.6305519706,162768.51844314294,-669320.1121088276,301.43743902396204,706.9481240097067,0.913786768999103,354
1950000,7799.999999843202,-832882.0138529213,162438.62935442018,-670443.3844985012,300.8265044094698,706.9481240097067,0.913786768999103,354
1951000,7803.999999843108,-833731.6411471609,162196.37765383045,-671535.2634933305,300.377868930549,706.9481240097067,0.913786768999103,354
1952000,7807.999999843013,-832302.5298970621,162832.65089599002,-669469.8790010721,301.5562084428242,706.9481240097067,0.913786768999103,354
1953000,7811.999999842918,-832530.3631825419,162243.17176329007,-670287.1914192518,300.46452878745396,706.9481240097067,0.913786768999103,354
1954000,7815.999999842824,-832330.0482613891,161547.99377948118,-670782.054481908,299.17710126086877,706.9481240097067,0.913786768999103,354
1955000,7819.999999842729,-832941.9496704163,162695.44934207795,-670246.5003283384,301.30211947379667,706.9481240097067,0.913786768999103,354
1956000,7823.999999842635,-833148.4543831516,162415.1974570819,-670733.2569260697,300.78310995461646,706.9481240097067,0.913786768999103,354
1957000,7827.99999984254,-832545.8398595955,161998.98354461143,-670546.8563149842,300.01230699430647,706.9481240097067,0.913786768999103,354
1958000,7831.9999998424455,-832329.7772363471,162331.69602123878,-669998.0812151083,300.6284703522159,706.9481240097067,0.913786768999103,354
1959000,7835.999999842351,-832585.0128507651,162194.68331579198,-670390.3295349731,300.3747311191095,706.9481240097067,0.913786768999103,354
1960000,7839.999999842256,-833002.6786056533,162502.26812834188,-670500.4104773115,300.944359564859,706.9481240097067,0.913786768999103,354
1961000,7843.999999842162,-832645.6359213907,162785.95122090448,-669859.6847004863,301.46972347266114,706.9481240097067,0.913786768999103,354
1962000,7847.999999842067,-832231.685676611,161290.74675509182,-670940.9389215192,298.700695350376,706.9481240097067,0.913786768999103,354
1963000,7851.999999841973,-833453.4647345813,162157.21379340254,-671296.2509411788,300.30533983276894,706.9481240097067,0.913786768999103,354
1964000,7855.999999841878,-832578.6733342437,162375.88770097436,-670202.7856332693,300.71031066687306,706.9481240097067,0.913786768999103,354
1965000,7859.999999841783,-831783.7278209105,162580.61808276328,-669203.1097381472,301.0894589356361,706.9481240097067,0.913786768999103,354
1966000,7863.999999841689,-831389.0937055172,161643.86031349882,-669745.2333920184,299.35464027626796,706.9481240097067,0.913786768999103,354
1967000,7867.999999841594,-832968.3749046056,162919.86548635617,-670048.5094182494,301.7177245825357,706.9481240097067,0.913786768999103,354
1968000,7871.9999998415,-832031.5599600961,163250.21012056456,-668781.3498395316,302.3295028396799,706.9481240097067,0.913786768999103,354
1969000,7875.999999841405,-831529.8515071049,163353.5516446922,-668176.2998624127,302.5208850840833,706.9481240097067,0.913786768999103,354
1970000,7879.9999998413105,-832449.2898518918,163268.13001750963,-669181.1598343821,302.36268940360736,706.9481240097067,0.913786768999103,354
1971000,7883.999999841216,-831567.3346160827,163690.30426551047,-667877.0303505722,303.1445305443664,706.9481240097067,0.913786768999103,354
1972000,7887.999999841121,-831191.7068575751,163087.27321720158,-668104.4336403735,302.0277535619816,706.9481240097067,0.913786768999103,354
1973000,7891.999999841027,-831808.6877696104,162486.97295815137,-669321.7148114591,300.9160338359295,706.9481240097067,0.913786768999103,354
1974000,7895.999999840932,-832988.2840426099,161363.29774292724,-671624.9862996826,298.83505538621677,706.9481240097067,0.913786768999103,354
1975000,7899.9999998408375,-832845.4460363928,162087.9666062035,-670757.4794301894,300.17709823563115,706.9481240097067,0.913786768999103,354
1976000,7903.999999840743,-834079.2353100386,163579.473829131,-670499.7614809076,302.93927928799513,706.9481240097067,0.913786768999103,354
1977000,7907.999999840648,-831288.787879589,162748.01364952623,-668540.7742300627,301.399465387938,706.9481240097067,0.913786768999103,354
1978000,7911.999999840554,-832365.1603033589,162979.76133324893,-669385.39897011,301.828648063736,706.9481240097067,0.913786768999103,354
1979000,7915.999999840459,-833698.2556698145,163113.45583239623,-670584.7998374184,302.0762421797237,706.9481240097067,0.913786768999103,354
1980000,7919.999999840365,-831554.7665955983,162712.3008621261,-668842.4657334723,301.33332746841114,706.9481240097067,0.913786768999103,354
1981000,7923.99999984027,-832533.7683985448,162015.55907069513,-670518.2093278496,300.04300386481276,706.9481240097067,0.913786768999103,354
1982000,7927.999999840175,-833198.6080665067,162605.07906974675,-670593.5289967599,301.13475920219145,706.9481240097067,0.913786768999103,354
1983000,7931.999999840081,-832761.3831760921,162769.08768568712,-669992.2954904049,301.438493226681,706.9481240097067,0.913786768999103,354
1984000,7935.999999839986,-832633.383907822,163938.10009446292,-668695.283813359,303.6034334132669,706.9481240097067,0.913786768999103,354
1985000,7939.999999839892,-832990.8875182495,161593.23554776044,-671397.651970489,299.2608862759162,706.9481240097067,0.913786768999103,354
1986000,7943.999999839797,-832484.5995791992,162279.89481317537,-670204.7047660239,300.53253765192267,706.9481240097067,0.913786768999103,354
1987000,7947.9999998397025,-832332.8374661505,161913.7639993967,-670419.0734667538,299.8544855573971,706.9481240097067,0.913786768999103,354
1988000,7951.999999839608,-832494.1387283569,162397.23270984052,-670096.9060185164,300.7498403306563,706.9481240097067,0.913786768999103,354
1989000,7955.999999839513,-831199.1352695925,162354.09777243552,-668845.037497157,300.66995703879996,706.9481240097067,0.913786768999103,354
1990000,7959.999999839419,-831106.487868865,161945.93937841826,-669160.5484904468,299.91407241082953,706.9481240097067,0.913786768999103,354
1991000,7963.999999839324,-832325.2074520672,163162.00699175196,-669163.2004603152,302.16615598663066,706.9481240097067,0.913786768999103,354
1992000,7967.9999998392295,-832847.6931147436,164086.03681011673,-668761.6563046268,303.87740325172723,706.9481240097067,0.913786768999103,354
1993000,7971.999999839135,-833272.2494322415,163072.9396484776,-670199.309783764,302.00120866073445,706.9481240097067,0.913786768999103,354
1994000,7975.99999983904,-831847.8692553267,161395.15819174505,-670452.7110635816,298.89405900798374,706.9481240097067,0.913786768999103,354
1995000,7979.999999838946,-832876.2159871878,162868.33151656348,-670007.8844706244,301.62228679133614,706.9481240097067,0.913786768999103,354
1996000,7983.999999838851,-832997.0765277641,163123.50773605937,-669873.5687917047,302.09485769657243,706.9481240097067,0.913786768999103,354
1997000,7987.999999838757,-831796.4664526815,162398.6013166685,-669397.8651360129,300.75237490762,706.9481240097067,0.913786768999103,354
1998000,7991.999999838662,-832983.557837382,162923.46074710626,-670060.0970902757,301.72438278771875,706.9481240097067,0.913786768999103,354
1999000,7995.999999838567,-833311.4205016624,161904.55806109792,-671406.8624405644,299.83743671717207,706.9481240097067,0.913786768999103,354
2000000,7999.999999838473,-832264.2588303396,162647.4588403154,-669616.7999900242,301.2132439707992,706.9481240097067,0.913786768999103,354
2001000,8003.999999838378,-832473.7410515659,162795.87707803244,-669677.8639735334,301.4881055589601,706.9481240097067,0.913786768999103,354
2002000,8007.999999838284,-832256.5191230932,162378.33877472018,-669878.180348373,300.7148499070152,706.9481240097067,0.913786768999103,354
2003000,8011.999999838189,-832166.218083418,162538.41739189235,-669627.8006915257,301.01130581178364,706.9481240097067,0.913786768999103,354
2004000,8015.9999998380945,-830827.3540650066,162870.7479373017,-667956.606127705,301.6267618562067,706.9481240097067,0.913786768999103,354
2005000,8019.999999838,-832582.7849305011,161841.69375723012,-670741.091173271,299.7210158334214,706.9481240097067,0.913786768999103,354
2006000,8023.999999837905,-830358.5260625435,162719.32221235282,-667639.2038501906,301.3463305838236,706.9481240097067,0.913786768999103,354
2007000,8027.999999837811,-831891.2273085266,162332.718017522,-669558.5092910046,300.63036302744115,706.9481240097067,0.913786768999103,354
2008000,8031.999999837716,-832943.707405841,162767.34491461195,-670176.3624912291,301.4352657201906,706.9481240097067,0.913786768999103,354
2009000,8035.9999998376215,-832501.1181415971,161343.4915628712,-671157.6265787259,298.7983755401996,706.9481240097067,0.913786768999103,354
2010000,8039.999999837527,-832416.3557974994,163725.95613128907,-668690.3996662104,303.2105556407396,706.9481240097067,0.913786768999103,354
2011000,8043.999999837432,-833197.0776217617,161984.41515608167,-671212.66246568,299.98532722099947,706.9481240097067,0.913786768999103,354
2012000,8047.999999837338,-832593.8058410548,162231.5388316493,-670362.2670094054,300.4429853025364,706.9481240097067,0.913786768999103,354
2013000,8051.999999837243,-833643.5093743764,164011.79622760482,-669631.7131467715,303.7399141888661,706.9481240097067,0.913786768999103,354
2014000,8055.999999837149,-831243.6234066272,162800.71336121368,-668442.9100454135,301.4970620625303,706.9481240097067,0.913786768999103,354
2015000,8059.999999837054,-832455.3000466833,162699.38321091724,-669755.916835766,301.30940476065507,706.9481240097067,0.913786768999103,354
2016000,8063.999999836959,-831701.4879945265,162360.46726301638,-669341.0207315101,300.6817529496244,706.9481240097067,0.913786768999103,354
2017000,8067.999999836865,-832915.8813321199,161230.40098833822,-671685.4803437816,298.58893864484025,706.9481240097067,0.913786768999103,354
2018000,8071.99999983677,-833065.4403982498,162470.0033095964,-670595.4370886534,300.8846070744742,706.9481240097067,0.913786768999103,354
2019000,8075.999999836676,-830534.1948038489,162175.87584403093,-668358.318959818,300.33990082037366,706.9481240097067,0.913786768999103,354
2020000,8079.999999836581,-832231.9889202695,163363.49917208962,-668868.4897481799,302.539307302409,706.9481240097067,0.913786768999103,354
2021000,8083.9999998364865,-831996.8940516133,162818.7793002588,-669178.1147513546,301.53051908758283,706.9481240097067,0.913786768999103,354
2022000,8087.999999836392,-832191.4514888721,161794.00478783867,-670397.4467010334,299.63269875011474,706.9481240097067,0.913786768999103,354
2023000,8091.999999836297,-831438.7075307267,163026.53988853475,-668412.167642192,301.915279115253,706.9481240097067,0.913786768999103,354
2024000,8095.999999836203,-831366.2347179372,162789.61923704104,-668576.6154808961,301.4765164164139,706.9481240097067,0.913786768999103,354
2025000,8099.999999836108,-833969.2253271872,161765.16052094582,-672204.0648062414,299.57928091461514,706.9481240097067,0.913786768999103,354
2026000,8103.999999836014,-832486.8640441736,162220.557047764,-670266.3069964095,300.422647703829,706.9481240097067,0.913786768999103,354
2027000,8107.999999835919,-831491.4862809042,162903.05547009272,-668588.4308108115,301.6865934504171,706.9481240097067,0.913786768999103,354
2028000,8111.999999835824,-831931.4206799632,164679.9650099093,-667251.4556700538,304.9773223099211,706.9481240097067,0.913786768999103,354
2029000,8115.99999983573,-831124.0717910202,163008.44204052154,-668115.6297504987,301.8817629967239,706.9481240097067,0.913786768999103,354
2030000,8119.999999835635,-833379.7393968971,161965.13062972474,-671414.6087671724,299.9496134460421,706.9481240097067,0.913786768999103,354
2031000,8123.999999835541,-833565.9750536615,162848.45888808466,-670717.5161655769,301.58548388686404,706.9481240097067,0.913786768999103,354
2032000,8127.999999835446,-833395.5354354605,162438.77921187214,-670956.7562235884,300.82678193639555,706.9481240097067,0.913786768999103,354
2033000,8131.999999835351,-833292.7387645384,162565.39387208768,-670727.3448924507,301.0612646194311,706.9481240097067,0.913786768999103,354
2034000,8135.999999835257,-831773.4921601424,162159.46246802877,-669614.0296921136,300.30950424199875,706.9481240097067,0.913786768999103,354
2035000,8139.999999835162,-833167.2719818987,161771.56966954545,-671395.7023123533,299.59115026968874,706.9481240097067,0.913786768999103,354
2036000,8143.999999835068,-831524.312423219,161933.581357735,-669590.731065484,299.8911861049161,706.9481240097067,0.913786768999103,354
2037000,8147.999999834973,-831440.1680903751,163500.64447843307,-667939.5236119421,302.79329210434577,706.9481240097067,0.913786768999103,354
2038000,8151.9999998348785,-833378.4911983255,162203.6115697426,-671174.8796285829,300.39126570473815,706.9481240097067,0.913786768999103,354
2039000,8155.999999834784,-832150.694529973,162150.97959485895,-669999.714935114,300.2937944746043,706.9481240097067,0.913786768999103,354
2040000,8159.999999834689,-831773.8212219626,162483.1085020751,-669290.7127198875,300.9088770973047,706.9481240097067,0.913786768999103,354
2041000,8163.999999834595,-831468.8711263593,162760.87977512984,-668707.9913512295,301.42329267339346,706.9481240097067,0.913786768999103,354
2042000,8167.9999998345,-831389.4970533717,163057.32124837194,-668332.1758049998,301.97228432957667,706.9481240097067,0.913786768999103,354
2043000,8171.999999834406,-829639.8337431718,163180.4637963333,-666459.3699468385,302.2003368709858,706.9481240097067,0.913786768999103,354
2044000,8175.999999834311,-829821.1652472308,162251.70680969133,-667569.4584375394,300.4803351765134,706.9481240097067,0.913786768999103,354
2045000,8179.999999834216,-831588.3499528756,164066.7971128005,-667521.5528400751,303.8417724974385,706.9481240097067,0.913786768999103,354
2046000,8183.999999834122,-832319.2647776837,161234.91716574298,-671084.3476119407,298.59730233189777,706.9481240097067,0.913786768999103,354
2047000,8187.999999834027,-832981.3676692806,161919.86442480105,-671061.5032444795,299.865783175809,706.9481240097067,0.913786768999103,354
2048000,8191.999999833933,-834225.1131994175,162890.71887312864,-671334.3943262888,301.6637468199342,706.9481240097067,0.913786768999103,354
2049000,8195.999999834747,-832842.9803864909,162568.9515997718,-670274.0287867191,301.0678533156489,706.9481240097067,0.913786768999103,354
2050000,8199.999999835562,-832342.3798017716,162945.31542265334,-669397.0643791183,301.76485632333004,706.9481240097067,0.913786768999103,354
2051000,8203.999999836376,-832596.4579688599,163017.49166632417,-669578.9663025357,301.89852235567224,706.9481240097067,0.913786768999103,354
2052000,8207.999999837191,-832007.6373227341,162662.57777130746,-669345.0595514267,301.24124331540605,706.9481240097067,0.913786768999103,354
2053000,8211.999999838006,-831993.4882982094,162815.6324398108,-669177.8558583986,301.5246912926046,706.9481240097067,0.913786768999103,354
2054000,8215.999999838821,-833828.7557891225,160721.60877801926,-673107.1470111033,297.64668628338336,706.9481240097067,0.913786768999103,354
2055000,8219.999999839636,-833721.7204247443,162877.53036530316,-670844.1900594411,301.639322502127,706.9481240097067,0.913786768999103,354
2056000,8223.999999840451,-833479.232633098,161123.73731959178,-672355.4953135062,298.39140398978924,706.9481240097067,0.913786768999103,354
2057000,8227.999999841266,-833084.8676066827,162005.00343063098,-671079.8641760517,300.0234554586552,706.9481240097067,0.913786768999103,354
2058000,8231.99999984208,-833599.9606686048,162112.41277147585,-671487.547897129,300.22237105327514,706.9481240097067,0.913786768999103,354
2059000,8235.999999842896,-831799.994287705,162023.4300092531,-669776.564278452,300.05758036636433,706.9481240097067,0.913786768999103,354
2060000,8239.99999984371,-834152.7308492027,162245.5311396252,-671907.1997095775,300.46889820954465,706.9481240097067,0.913786768999103,354
2061000,8243.999999844526,-832463.4099635491,162878.0639150471,-669585.346048502,301.64031060394143,706.9481240097067,0.913786768999103,354
2062000,8247.99999984534,-832643.598921557,162773.8496991545,-669869.7492224025,301.4473121872388,706.9481240097067,0.913786768999103,354
2063000,8251.999999846155,-832891.3678810252,163016.8361087269,-669874.5317722983,301.89730830270213,706.9481240097067,0.913786768999103,354
2064000,8255.99999984697,-833552.3895982997,162504.51068982692,-671047.8789084728,300.9485126529215,706.9481240097067,0.913786768999103,354
2065000,8259.999999847785,-832482.5463688644,161661.67278408597,-670820.8735847784,299.38762789308623,706.9481240097067,0.913786768999103,354
2066000,8263.9999998486,-831707.5226842854,162182.51106923027,-669525.0116150551,300.35218885561886,706.9481240097067,0.913786768999103,354
2067000,8267.999999849415,-832171.4522614684,162322.86115527805,-669848.5911061903,300.61210871548917,706.9481240097067,0.913786768999103,354
2068000,8271.99999985023,-832530.5418713754,162911.90393092122,-669618.6379404542,301.7029802640157,706.9481240097067,0.913786768999103,354
2069000,8275.999999851045,-834988.8609776311,161763.93505868095,-673224.9259189501,299.5770114327137,706.9481240097067,0.913786768999103,354
2070000,8279.99999985186,-832799.4309820859,162665.9514599539,-670133.479522132,301.2474911824713,706.9481240097067,0.913786768999103,354
2071000,8283.999999852675,-833228.7300767358,163491.2214270777,-669737.5086496582,302.77584118388813,706.9481240097067,0.913786768999103,354
2072000,8287.99999985349,-833476.8088286854,162812.22179789803,-670664.5870307874,301.5183749903279,706.9481240097067,0.913786768999103,354
2073000,8291.999999854304,-834351.5184124447,161240.52489531587,-673110.9935171289,298.607687507467,706.9481240097067,0.913786768999103,354
2074000,8295.99999985512,-833288.0988960555,161931.99207981094,-671356.1068162445,299.8882428584461,706.9481240097067,0.913786768999103,354
2075000,8299.999999855934,-833681.129514969,161549.5856823293,-672131.5438326397,299.18004936853913,706.9481240097067,0.913786768999103,354
2076000,8303.99999985675,-832367.332211934,162114.8079002592,-670252.5243116748,300.22680668673485,706.9481240097067,0.913786768999103,354
2077000,8307.999999857564,-832487.4464479946,162982.2365118391,-669505.2099361555,301.8332319445901,706.9481240097067,0.913786768999103,354
2078000,8311.999999858379,-832221.7283048639,163085.10370926122,-669136.6245956027,302.0237357646598,706.9481240097067,0.913786768999103,354
2079000,8315.999999859194,-833871.5383025836,162790.04742736203,-671081.4908752216,301.4773093989576,706.9481240097067,0.913786768999103,354
2080000,8319.999999860009,-833088.8811254501,163134.65885966516,-669954.222265785,302.1155089021871,706.9481240097067,0.913786768999103,354
2081000,8323.999999860824,-833858.4445986366,161785.25899828825,-672073.1856003483,299.61650207750546,706.9481240097067,0.913786768999103,354
2082000,8327.999999861639,-833022.6592898499,162298.00938596012,-670724.6499038897,300.5660847437158,706.9481240097067,0.913786768999103,354
2083000,8331.999999862453,-833309.0530530615,162161.59082824236,-671147.4622248191,300.3134458362225,706.9481240097067,0.913786768999103,354
2084000,8335.999999863268,-832850.7311583683,162416.70453966627,-670434.026618702,300.785900980295,706.9481240097067,0.913786768999103,354
2085000,8339.999999864083,-832755.3922673175,161413.66465606925,-671341.7276112483,298.92833185917533,706.9481240097067,0.913786768999103,354
2086000,8343.999999864898,-831763.7780863428,162501.4742574416,-669262.3038289013,300.9428893640278,706.9481240097067,0.913786768999103,354
2087000,8347.999999865713,-833130.7957538208,161797.77729837154,-671333.0184554493,299.63968521116135,706.9481240097067,0.913786768999103,354
2088000,8351.999999866528,-833259.3261137605,163228.85816896582,-670030.4679447947,302.2899603183763,706.9481240097067,0.913786768999103,354
2089000,8355.999999867343,-831720.9756585779,162366.3839119135,-669354.5917466644,300.6927102250743,706.9481240097067,0.913786768999103,354
2090000,8359.999999868158,-832665.5020694928,162314.86370029976,-670350.6383691931,300.5972979131889,706.9481240097067,0.913786768999103,354
2091000,8363.999999868973,-832918.5835690759,162164.31714341394,-670754.266425662,300.3184948068168,706.9481240097067,0.913786768999103,354
2092000,8367.999999869788,-832283.0454999628,161642.27580759337,-670640.7696923694,299.3517058672875,706.9481240097067,0.913786768999103,354
2093000,8371.999999870603,-832330.427181148,162612.75235129008,-669717.6748298579,301.14896965492187,706.9481240097067,0.913786768999103,354
2094000,8375.999999871417,-833196.3839843292,162744.2393450476,-670452.1446392816,301.39247560461246,706.9481240097067,0.913786768999103,354
2095000,8379.999999872232,-831934.7884121174,161859.5064257001,-670075.2819864172,299.7540038167067,706.9481240097067,0.913786768999103,354
2096000,8383.999999873047,-833035.2818165813,162446.91907216283,-670588.3627444184,300.8418564647104,706.9481240097067,0.913786768999103,354
2097000,8387.999999873862,-833275.5244252933,162701.0977707209,-670574.4266545724,301.31258002157904,706.9481240097067,0.913786768999103,354
2098000,8391.999999874677,-834746.3199867224,163149.8482934882,-671596.4716932343,302.1436388137673,706.9481240097067,0.913786768999103,354
2099000,8395.999999875492,-832830.9951329362,162989.897651984,-669841.0974809522,301.8474199121859,706.9481240097067,0.913786768999103,354
2100000,8399.999999876307,-832830.21578437,161769.46435202903,-671060.7514323409,299.58725134914465,706.9481240097067,0.913786768999103,354
2101000,8403.999999877122,-834260.4170029163,163833.7745499649,-670426.6424529514,303.41022882272904,706.9481240097067,0.913786768999103,354
2102000,8407.999999877937,-832137.7232296541,162954.98316918183,-669182.7400604723,301.7827604044297,706.9481240097067,0.913786768999103,354
2103000,8411.999999878752,-831990.3828946212,162685.80900119437,-669304.5738934269,301.28426614629166,706.9481240097067,0.913786768999103,354
2104000,8415.999999879567,-835233.7269213302,161715.45628529665,-673518.2706360335,299.48723168024213,706.9481240097067,0.913786768999103,354
2105000,8419.999999880381,-832895.3432907928,161576.79924492683,-671318.544045866,299.2304472384379,706.9481240097067,0.913786768999103,354
2106000,8423.999999881196,-831993.8010268332,161974.3575880234,-670019.4434388098,299.96670121403395,706.9481240097067,0.913786768999103,354
2107000,8427.999999882011,-832098.8317345222,162701.80526602443,-669397.0264684978,301.3138902600358,706.9481240097067,0.913786768999103,354
2108000,8431.999999882826,-831388.8909378676,161924.65772532474,-669464.2332125428,299.87466007810036,706.9481240097067,0.913786768999103,354
2109000,8435.999999883641,-830088.5224729218,162131.71713200322,-667956.8053409185,300.258121559915,706.9481240097067,0.913786768999103,354
2110000,8439.999999884456,-831325.9455264872,162829.98354147497,-668495.9619850123,301.5512686637952,706.9481240097067,0.913786768999103,354
2111000,8443.99999988527,-833207.1227061292,162928.66824228174,-670278.4544638474,301.7340267534219,706.9481240097067,0.913786768999103,354
2112000,8447.999999886086,-830156.9936581217,162999.4080458348,-667157.5856122868,301.8650325856557,706.9481240097067,0.913786768999103,354
2113000,8451.9999998869,-831532.7532569272,161951.8386779144,-669580.9145790129,299.9249975562395,706.9481240097067,0.913786768999103,354
2114000,8455.999999887716,-832076.9556267299,162217.44000905825,-669859.5156176717,300.4168751369113,706.9481240097067,0.913786768999103,354
2115000,8459.99999988853,-831534.7392323976,162174.92668169795,-669359.8125506997,300.33814302921354,706.9481240097067,0.913786768999103,354
2116000,8463.999999889345,-833885.6310390048,163039.86953607813,-670845.7615029267,301.93996481527046,706.9481240097067,0.913786768999103,354
2117000,8467.99999989016,-833412.8850919409,162670.0214576556,-670742.8636342853,301.25502857173905,706.9481240097067,0.913786768999103,354
2118000,8471.999999890975,-831731.8043809179,161043.81500535458,-670687.9893755633,298.24339270385406,706.9481240097067,0.913786768999103,354
2119000,8475.99999989179,-833024.9970981944,162641.6214930236,-670383.3756051708,301.20243355711995,706.9481240097067,0.913786768999103,354
2120000,8479.999999892605,-832683.9547654558,160822.41773361547,-671861.5370318403,297.8333783642369,706.9481240097067,0.913786768999103,354
2121000,8483.99999989342,-832319.6023006951,162795.92907383622,-669523.673226859,301.4882018520399,706.9481240097067,0.913786768999103,354
2122000,8487.999999894235,-832962.2049607709,164043.51530658465,-668918.6896541863,303.79865600225446,706.9481240097067,0.913786768999103,354
2123000,8491.99999989505,-831522.0081986533,162725.49136496242,-668796.5168336909,301.3577554808575,706.9481240097067,0.913786768999103,354
2124000,8495.999999895865,-831220.095807435,162673.28355670802,-668546.812250727,301.261069781634,706.9481240097067,0.913786768999103,354
2125000,8499.99999989668,-832575.8719730144,162850.30841708317,-669725.5635559312,301.58890910256326,706.9481240097067,0.913786768999103,354
2126000,8503.999999897494,-832019.249764639,163342.516091661,-668676.7336729779,302.5004479081739,706.9481240097067,0.913786768999103,354
2127000,8507.99999989831,-832161.0381464856,162340.4361311359,-669820.6020153497,300.64465650645127,706.9481240097067,0.913786768999103,354
2128000,8511.999999899124,-833219.4745960999,162679.1257783205,-670540.3488177794,301.27188922226003,706.9481240097067,0.913786768999103,354
2129000,8515.99999989994,-832666.1623655576,162645.20650487248,-670020.9558606851,301.2090727819586,706.9481240097067,0.913786768999103,354
2130000,8519.999999900754,-832985.3251744993,161213.46251776052,-671771.8626567388,298.5575696231107,706.9481240097067,0.913786768999103,354
2131000,8523.999999901569,-833394.3199192015,162253.46216859715,-671140.8577506044,300.4835859949039,706.9481240097067,0.913786768999103,354
2132000,8527.999999902384,-830399.5383992055,161814.14984118415,-668585.3885580214,299.67000616894205,706.9481240097067,0.913786768999103,354
2133000,8531.999999903199,-832008.8960441668,163140.42194389767,-668868.4741002691,302.12618178517795,706.9481240097067,0.913786768999103,354
2134000,8535.999999904014,-831032.4806135371,162900.80450958834,-668131.6761039488,301.6824248078794,706.9481240097067,0.913786768999103,354
2135000,8539.999999904829,-831757.5196323656,161380.62190652033,-670376.8977258452,298.86713868805356,706.9481240097067,0.913786768999103,354
2136000,8543.999999905644,-832495.2043003337,162654.91290951724,-669840.2913908164,301.2270484555485,706.9481240097067,0.913786768999103,354
2137000,8547.999999906458,-832690.1405143999,162892.31963675653,-669797.8208776433,301.6667113372321,706.9481240097067,0.913786768999103,354
2138000,8551.999999907273,-832034.8437958471,162658.02558394996,-669376.8182118972,301.2328129400968,706.9481240097067,0.913786768999103,354
2139000,8555.999999908088,-833004.6573462924,162774.20963937562,-670230.4477069168,301.44797877473064,706.9481240097067,0.913786768999103,354
2140000,8559.999999908903,-831918.3186729327,161226.8701979383,-670691.4484749944,298.5823998348414,706.9481240097067,0.913786768999103,354
2141000,8563.999999909718,-833352.5982337296,161859.93942520668,-671492.6588085229,299.7548057055708,706.9481240097067,0.913786768999103,354
2142000,8567.999999910533,-832647.754824549,161861.15886850184,-670786.5959560471,299.7570640407049,706.9481240097067,0.913786768999103,354
2143000,8571.999999911348,-833865.27490108,162468.56697138655,-671396.7079296934,300.88194706309315,706.9481240097067,0.913786768999103,354
2144000,8575.999999912163,-832250.0883236183,162287.3746260265,-669962.7136975918,300.5463898123514,706.9481240097067,0.913786768999103,354
2145000,8579.999999912978,-830727.7086485699,162325.18710314287,-668402.521545427,300.6164162300772,706.9481240097067,0.913786768999103,354
2146000,8583.999999913793,-831934.2011489412,161599.73459712634,-670334.4665518148,299.2729221217646,706.9481240097067,0.913786768999103,354
2147000,8587.999999914608,-832742.7482443005,162398.71758060378,-670344.0306636967,300.75259022138727,706.9481240097067,0.913786768999103,354
2148000,8591.999999915422,-833188.5821979679,162370.6059619285,-670817.9762360394,300.700529206018,706.9481240097067,0.913786768999103,354
2149000,8595.999999916237,-833518.6865037875,163503.5677987101,-670015.1187050774,302.7987059164648,706.9481240097067,0.913786768999103,354
2150000,8599.999999917052,-831577.0043948116,162015.28512628697,-669561.7192685246,300.0424965363587,706.9481240097067,0.913786768999103,354
2151000,8603.999999917867,-832228.0668968055,162674.03295619454,-669554.0339406109,301.26245762409997,706.9481240097067,0.913786768999103,354
2152000,8607.999999918682,-833338.9237915184,161855.75743421394,-671483.1663573044,299.74706091151035,706.9481240097067,0.913786768999103,354
2153000,8611.999999919497,-832547.4795504482,163044.74285152898,-669502.7366989192,301.9489899003613,706.9481240097067,0.913786768999103,354
2154000,8615.999999920312,-830761.9470636947,162285.78813237735,-668476.1589313174,300.54345172219,706.9481240097067,0.913786768999103,354
2155000,8619.999999921127,-830350.6858426183,163526.82907205197,-666823.8567705664,302.8417843860097,706.9481240097067,0.913786768999103,354
2156000,8623.999999921942,-832966.5460920045,162657.31243952614,-670309.2336524783,301.23149223981136,706.9481240097067,0.913786768999103,354
2157000,8627.999999922757,-832313.3443162516,162603.4292522347,-669709.9150640168,301.1317038400708,706.9481240097067,0.913786768999103,354
2158000,8631.999999923572,-834479.9998076195,162161.11757005553,-672318.882237564,300.3125693907206,706.9481240097067,0.913786768999103,354
2159000,8635.999999924386,-831469.4204232804,162400.6852121279,-669068.7352111526,300.7562341558117,706.9481240097067,0.913786768999103,354
2160000,8639.999999925201,-831317.2240647515,162293.83445250097,-669023.3896122505,300.55835301978016,706.9481240097067,0.913786768999103,354
2161000,8643.999999926016,-831082.4270841377,160955.46069533585,-670126.9663888018,298.0797658723665,706.9481240097067,0.913786768999103,354
2162000,8647.999999926831,-832419.2572870357,162144.73607417426,-670274.5212128614,300.2822318523989,706.9481240097067,0.913786768999103,354
2163000,8651.999999927646,-832712.6946154134,163896.7971293801,-668815.8974860334,303.5269428232084,706.9481240097067,0.913786768999103,354
2164000,8655.999999928461,-830929.8624123838,161426.4399153624,-669503.4224970214,298.95199086572666,706.9481240097067,0.913786768999103,354
2165000,8659.999999929276,-832218.0364668546,163121.70732810718,-669096.3291387474,302.0915234500763,706.9481240097067,0.913786768999103,354
2166000,8663.99999993009,-833316.4790872224,162309.10155083454,-671007.3775363879,300.58662676133054,706.9481240097067,0.913786768999103,354
2167000,8667.999999930906,-832159.5634763101,163008.0322367408,-669151.5312395693,301.8810040649394,706.9481240097067,0.913786768999103,354
2168000,8671.99999993172,-834463.336935713,162661.3130118053,-671802.0239239077,301.2389010574009,706.9481240097067,0.913786768999103,354
2169000,8675.999999932536,-832402.6949168649,162219.9325193045,-670182.7623975603,300.4214911149429,706.9481240097067,0.913786768999103,354
2170000,8679.99999993335,-831437.7456569765,161571.75771305058,-669865.9879439259,299.2211106267142,706.9481240097067,0.913786768999103,354
2171000,8683.999999934165,-833069.2713522147,161941.64978045784,-671127.6215717569,299.90612833518145,706.9481240097067,0.913786768999103,354
2172000,8687.99999993498,-831278.2549379179,162811.83472484938,-668466.4202130686,301.5176581544826,706.9481240097067,0.913786768999103,354
2173000,8691.999999935795,-832419.5373617616,161896.36512956052,-670523.1722322011,299.8222639041223,706.9481240097067,0.913786768999103,354
2174000,8695.99999993661,-832551.1422424475,162881.08904335502,-669670.0531990924,301.6459129583683,706.9481240097067,0.913786768999103,354
2175000,8699.999999937425,-831529.455069406,163049.92540237322,-668479.5296670328,301.95858767067364,706.9481240097067,0.913786768999103,354
2176000,8703.99999993824,-832378.0433388371,162047.13642591087,-670330.9069129262,300.10148321437265,706.9481240097067,0.913786768999103,354
2177000,8707.999999939055,-831028.2058076588,162554.81126377394,-668473.3945438849,301.0416662697084,706.9481240097067,0.913786768999103,354
2178000,8711.99999993987,-830224.4265518468,163574.13587877317,-666650.2906730736,302.9293937271945,706.9481240097067,0.913786768999103,354
2179000,8715.999999940685,-832213.7027438376,161898.91881178087,-670314.7839320567,299.8269931689454,706.9481240097067,0.913786768999103,354
2180000,8719.9999999415,-830866.859882026,162132.67156664084,-668734.1883153851,300.2598891150641,706.9481240097067,0.913786768999103,354
2181000,8723.999999942314,-831938.3668533945,162619.92755175906,-669318.4393016355,301.16225769166596,706.9481240097067,0.913786768999103,354
2182000,8727.99999994313,-831479.4346088283,163604.00066906214,-667875.4339397661,302.9847015102216,706.9481240097067,0.913786768999103,354
2183000,8731.999999943944,-833406.3208578248,162620.33755975298,-670785.9832980718,301.1630170016409,706.9481240097067,0.913786768999103,354
2184000,8735.99999994476,-832841.550812412,162529.51103923,-670312.039773182,300.9948117860147,706.9481240097067,0.913786768999103,354
2185000,8739.999999945574,-832067.445193042,164397.0373901579,-667670.4078028841,304.45335749201433,706.9481240097067,0.913786768999103,354
2186000,8743.999999946389,-831818.0725935856,163015.32169115893,-668802.7509024267,301.89450369307815,706.9481240097067,0.913786768999103,354
2187000,8747.999999947204,-832211.1036015758,162840.89859137736,-669370.2050101985,301.5714826752077,706.9481240097067,0.913786768999103,354
2188000,8751.999999948019,-831571.0102448296,161508.34598132514,-670062.6642635044,299.103675939723,706.9481240097067,0.913786768999103,354
2189000,8755.999999948834,-832769.4496053308,162301.18310803792,-670468.2664972929,300.5719622848058,706.9481240097067,0.913786768999103,354
2190000,8759.999999949649,-833712.283797306,163252.34620153758,-670459.9375957684,302.33345873228257,706.9481240097067,0.913786768999103,354
2191000,8763.999999950463,-833188.9052710775,162568.81831023225,-670620.0869608453,301.06760647149355,706.9481240097067,0.913786768999103,354
2192000,8767.999999951278,-832704.9444722626,162429.67654068497,-670275.2679315776,300.8099243406075,706.9481240097067,0.913786768999103,354
2193000,8771.999999952093,-832265.7379838852,162137.4368652294,-670128.3011186558,300.2687141594674,706.9481240097067,0.913786768999103,354
2194000,8775.999999952908,-832199.631473151,163318.27692957292,-668881.3545435781,302.45555844789124,706.9481240097067,0.913786768999103,354
2195000,8779.999999953723,-833239.619055232,162556.00360373597,-670683.6154514961,301.0438744111109,706.9481240097067,0.913786768999103,354
2196000,8783.999999954538,-833132.6924832761,161459.23109687254,-671673.4613864035,299.0127181480754,706.9481240097067,0.913786768999103,354
2197000,8787.999999955353,-832880.7165145678,161986.24578294577,-670894.4707316221,299.98871743109044,706.9481240097067,0.913786768999103,354
2198000,8791.999999956168,-831411.7954473747,162711.88228023495,-668699.9131671397,301.3325522800977,706.9481240097067,0.913786768999103,354
2199000,8795.999999956983,-831279.7739880988,162935.1790496923,-668344.5949384065,301.7460843744569,706.9481240097067,0.913786768999103,354
2200000,8799.999999957798,-831590.8976651616,162710.2074096651,-668880.6902554965,301.3294505212312,706.9481240097067,0.913786768999103,354
2201000,8803.999999958613,-832400.4242434828,163086.1466524708,-669314.277591012,302.0256672323241,706.9481240097067,0.913786768999103,354
2202000,8807.999999959427,-831632.2865862083,162724.56110542954,-668907.7254807787,301.3560326965384,706.9481240097067,0.913786768999103,354
2203000,8811.999999960242,-831816.6093100877,162513.4912339802,-669303.1180761076,300.9651440768387,706.9481240097067,0.913786768999103,354
2204000,8815.999999961057,-834022.5532704052,163501.09315032442,-670521.4601200807,302.7941230175173,706.9481240097067,0.913786768999103,354
2205000,8819.999999961872,-832137.8919460718,162320.67698356498,-669817.2149625068,300.60806376174827,706.9481240097067,0.913786768999103,354
2206000,8823.999999962687,-831750.9313812423,162855.2470945805,-668895.6842866619,301.59805523420584,706.9481240097067,0.913786768999103,354
2207000,8827.999999963502,-831481.1723213419,162694.14005805436,-668787.0322632876,301.29969475907416,706.9481240097067,0.913786768999103,354
2208000,8831.999999964317,-832507.3751425389,162964.26508127834,-669543.1100612606,301.7999499435272,706.9481240097067,0.913786768999103,354
2209000,8835.999999965132,-832387.2481118375,163392.3764501352,-668994.8716617024,302.59278627256424,706.9481240097067,0.913786768999103,354
2210000,8839.999999965947,-831026.3966991184,161383.70163655886,-669642.6950625596,298.87284216157883,706.9481240097067,0.913786768999103,354
2211000,8843.999999966762,-834590.700889253,162378.21542214946,-672212.4854671035,300.7146214655244,706.9481240097067,0.913786768999103,354
2212000,8847.999999967577,-832847.1569348332,161996.2673609374,-670850.8895738957,300.00727678663213,706.9481240097067,0.913786768999103,354
2213000,8851.999999968391,-832407.0949155092,162591.06380401383,-669816.0311114953,301.1088037788075,706.9481240097067,0.913786768999103,354
2214000,8855.999999969206,-831936.3635168197,162819.95382266835,-669116.4096941513,301.53269423195724,706.9481240097067,0.913786768999103,354
2215000,8859.999999970021,-832050.8475318132,162783.002424832,-669267.8451069812,301.46426248091166,706.9481240097067,0.913786768999103,354
2216000,8863.999999970836,-834238.9436289901,162483.63736029546,-671755.3062686946,300.90985651070156,706.9481240097067,0.913786768999103,354
2217000,8867.999999971651,-833415.7578857886,162918.81103748735,-670496.9468483012,301.71577180708726,706.9481240097067,0.913786768999103,354
2218000,8871.999999972466,-830804.1088320203,161352.04678416118,-669452.0620478592,298.8142192919312,706.9481240097067,0.913786768999103,354
2219000,8875.99999997328,-831814.0021190029,161051.6620860335,-670762.3400329694,298.25792502205843,706.9481240097067,0.913786768999103,354
2220000,8879.999999974096,-833759.7773130909,164443.71334488812,-669316.0639682028,304.5397985335158,706.9481240097067,0.913786768999103,354
2221000,8883.99999997491,-832681.0971223898,162993.22721045275,-669687.869911937,301.8535860528346,706.9481240097067,0.913786768999103,354
2222000,8887.999999975726,-832006.5262481654,162845.43769551325,-669161.0885526522,301.57988882118275,706.9481240097067,0.913786768999103,354
2223000,8891.99999997654,-831971.3015410416,162889.1606286125,-669082.1409124291,301.6608610454564,706.9481240097067,0.913786768999103,354
2224000,8895.999999977355,-832550.6170835812,162131.14405510738,-670419.4730284738,300.257060256209,706.9481240097067,0.913786768999103,354
2225000,8899.99999997817,-831965.1656299131,161596.9071981829,-670368.2584317302,299.26768595014636,706.9481240097067,0.913786768999103,354
2226000,8903.999999978985,-834607.1273191441,162497.5655709353,-672109.5617482088,300.9356507133251,706.9481240097067,0.913786768999103,354
2227000,8907.9999999798,-834072.6060229866,162532.48418980828,-671540.1218331783,301.00031788083396,706.9481240097067,0.913786768999103,354
2228000,8911.999999980615,-833259.5720334984,162642.5434209981,-670617.0286125003,301.2041409118975,706.9481240097067,0.913786768999103,354
2229000,8915.99999998143,-834111.2513850573,162806.94859108925,-671304.3027939681,301.5086093306593,706.9481240097067,0.913786768999103,354
2230000,8919.999999982245,-833129.2983458582,162279.83648736263,-670849.4618584956,300.53242963604964,706.9481240097067,0.913786768999103,354
2231000,8923.99999998306,-833944.0418069325,163759.18054242898,-670184.8612645036,303.2720852381266,706.9481240097067,0.913786768999103,354
2232000,8927.999999983875,-830267.3771995483,161879.54636853054,-668387.8308310178,299.79111657722564,706.9481240097067,0.913786768999103,354
2233000,8931.99999998469,-832277.2209620122,162421.3257946947,-669855.8951673175,300.7944592647481,706.9481240097067,0.913786768999103,354
2234000,8935.999999985504,-831109.3121447247,162191.4977473417,-668917.814397383,300.3688316392551,706.9481240097067,0.913786768999103,354
2235000,8939.99999998632,-834065.808652115,163015.9794738553,-671049.8291782597,301.89572186679703,706.9481240097067,0.913786768999103,354
2236000,8943.999999987134,-832688.324843186,161319.12352039805,-671369.2013227879,298.75324740124864,706.9481240097067,0.913786768999103,354
2237000,8947.99999998795,-834543.8576332638,162322.15225544642,-672221.7053778174,300.6107958759314,706.9481240097067,0.913786768999103,354
2238000,8951.999999988764,-832634.0662342887,162583.49123020633,-670050.5750040824,301.0947798307051,706.9481240097067,0.913786768999103,354
2239000,8955.999999989579,-833827.6339840628,162567.64480210177,-671259.989181961,301.0654332055026,706.9481240097067,0.913786768999103,354
2240000,8959.999999990394,-832117.1441881359,163478.24236108852,-668638.9018270473,302.7518047396781,706.9481240097067,0.913786768999103,354
2241000,8963.999999991209,-832105.7951657027,162632.52315403102,-669473.2720116717,301.1855839842939,706.9481240097067,0.913786768999103,354
2242000,8967.999999992024,-832342.7518974757,164113.12082367216,-668229.6310738035,303.9275612046455,706.9481240097067,0.913786768999103,354
2243000,8971.999999992839,-833659.7920241421,161862.1630151628,-671797.6290089793,299.7589236595107,706.9481240097067,0.913786768999103,354
2244000,8975.999999993654,-833179.0998087293,162680.32248507207,-670498.7773236572,301.2741054506923,706.9481240097067,0.913786768999103,354
2245000,8979.999999994468,-831954.7008954976,162009.18637497554,-669945.514520522,300.0312020182655,706.9481240097067,0.913786768999103,354
2246000,8983.999999995283,-833111.2345988397,162252.83211412944,-670858.4024847102,300.48241917218525,706.9481240097067,0.913786768999103,354
2247000,8987.999999996098,-832948.9862609208,162739.71768230363,-670209.2685786171,301.38410175903897,706.9481240097067,0.913786768999103,354
2248000,8991.999999996913,-831136.0095264493,162109.44912276568,-669026.5604036836,300.21688255534013,706.9481240097067,0.913786768999103,354
2249000,8995.999999997728,-832489.3070459729,162556.4053613469,-669932.901684626,301.04461844187625,706.9481240097067,0.913786768999103,354
2250000,8999.999999998543,-830584.7209862219,160802.32272387797,-669782.398262344,297.79616362314096,706.9481240097067,0.913786768999103,354
2251000,9003.999999999358,-830790.2615158195,162784.252881304,-668006.0086345155,301.4665782505712,706.9481240097067,0.913786768999103,354
2252000,9008.000000000173,-833451.5792628871,162078.3195406358,-671373.2597222513,300.15923245441843,706.9481240097067,0.913786768999103,354
2253000,9012.000000000988,-832657.5183329787,162572.3669204217,-670085.151412557,301.07417828266335,706.9481240097067,0.913786768999103,354
2254000,9016.000000001803,-833625.5655857883,162879.95949375787,-670745.6060920304,301.643821100919,706.9481240097067,0.913786768999103,354
2255000,9020.000000002618,-832351.7486284468,163011.93009480392,-669339.8185336429,301.88822266202106,706.9481240097067,0.913786768999103,354
2256000,9024.000000003432,-831305.094657761,162267.134810491,-669037.95984727,300.5089068996869,706.9481240097067,0.913786768999103,354
2257000,9028.000000004247,-832315.327799445,162849.0771210552,-669466.2506783898,301.5866288168857,706.9481240097067,0.913786768999103,354
2258000,9032.000000005062,-832927.7082626242,162848.4940013107,-670079.2142613136,301.5855489144322,706.9481240097067,0.913786768999103,354
2259000,9036.000000005877,-833963.6360677714,162107.49082371988,-671856.1452440515,300.2132559041004,706.9481240097067,0.913786768999103,354
2260000,9040.000000006692,-832302.8591534467,163183.23756664246,-669119.6215868043,302.20547372562106,706.9481240097067,0.913786768999103,354
2261000,9044.000000007507,-831823.4226355264,162974.9302878221,-668848.4923477042,301.8197012601698,706.9481240097067,0.913786768999103,354
2262000,9048.000000008322,-833865.7988994177,163432.33291529102,-670433.4659841268,302.6667832263009,706.9481240097067,0.913786768999103,354
2263000,9052.000000009137,-833057.4942918206,163115.3181299645,-669942.176161856,302.0796910420408,706.9481240097067,0.913786768999103,354
2264000,9056.000000009952,-832778.5033513354,162646.32537133363,-670132.1779800018,301.211144854887,706.9481240097067,0.913786768999103,354
2265000,9060.000000010767,-830918.4350597449,162018.42618549615,-668900.0088742487,300.04831358779404,706.9481240097067,0.913786768999103,354
2266000,9064.000000011582,-832307.1470475197,162828.36067000387,-669478.7863775159,301.5482632041105,706.9481240097067,0.913786768999103,354
2267000,9068.000000012396,-833165.7999876831,162552.1866817387,-670613.6133059444,301.0368057027218,706.9481240097067,0.913786768999103,354
2268000,9072.000000013211,-831831.6436851369,162960.780383136,-668870.8633020009,301.79349649359824,706.9481240097067,0.913786768999103,354
2269000,9076.000000014026,-832571.8530520676,162791.1346876725,-669780.7183643951,301.4793229392089,706.9481240097067,0.913786768999103,354
2270000,9080.000000014841,-831588.5123703498,162779.06052886846,-668809.4518414814,301.45696232830534,706.9481240097067,0.913786768999103,354
2271000,9084.000000015656,-831815.5018076645,163119.93471001025,-668695.5670976543,302.0882406687091,706.9481240097067,0.913786768999103,354
2272000,9088.000000016471,-831396.7523926068,161794.00107554556,-669602.7513170613,299.6326918751727,706.9481240097067,0.913786768999103,354
2273000,9092.000000017286,-831815.6241393508,162760.73759917647,-669054.8865401744,301.4230293721379,706.9481240097067,0.913786768999103,354
2274000,9096.0000000181,-831691.8760263901,163632.69042455562,-668059.1856018344,303.03783319996666,706.9481240097067,0.913786768999103,354
2275000,9100.000000018916,-832607.6207267996,163472.02919321563,-669135.5915335839,302.7402983290421,706.9481240097067,0.913786768999103,354
2276000,9104.00000001973,-831646.3748097755,163103.55133230356,-668542.823477472,302.05789964536075,706.9481240097067,0.913786768999103,354
2277000,9108.000000020545,-832133.7936599618,161744.33781208866,-670389.4558478731,299.5407185188185,706.9481240097067,0.913786768999103,354
2278000,9112.00000002136,-832114.4810772715,162286.97764033443,-669827.5034369371,300.5456546188908,706.9481240097067,0.913786768999103,354
2279000,9116.000000022175,-831850.1371226199,161727.64825203514,-670122.4888705848,299.50981046430593,706.9481240097067,0.913786768999103,354
2280000,9120.00000002299,-831645.6706448235,162718.4391029565,-668927.2315418669,301.34469511870196,706.9481240097067,0.913786768999103,354
2281000,9124.000000023805,-831483.8430983964,162338.23310599488,-669145.6099924016,300.6405766373035,706.9481240097067,0.913786768999103,354
2282000,9128.00000002462,-833150.847967593,162601.96270695337,-670548.8852606396,301.1289878870226,706.9481240097067,0.913786768999103,354
2283000,9132.000000025435,-831631.911505375,162351.20811206635,-669280.7033933087,300.6646055627918,706.9481240097067,0.913786768999103,354
2284000,9136.00000002625,-832676.3443576908,161947.63148901597,-670728.7128686748,299.91720609718357,706.9481240097067,0.913786768999103,354
2285000,9140.000000027065,-833061.2321967361,162182.00812541737,-670879.2240713187,300.3512574341353,706.9481240097067,0.913786768999103,354
2286000,9144.00000002788,-832086.9483507657,162279.86848010222,-669807.0798706636,300.5324888846659,706.9481240097067,0.913786768999103,354
2287000,9148.000000028695,-831002.0603471175,162045.59669518762,-668956.4636519299,300.09863172631805,706.9481240097067,0.913786768999103,354
2288000,9152.00000002951,-833281.83975707,161681.03873558633,-671600.8010214836,299.4234924624782,706.9481240097067,0.913786768999103,354
2289000,9156.000000030324,-832961.1201283811,162884.6689216526,-670076.4512067285,301.6525426761808,706.9481240097067,0.913786768999103,354
2290000,9160.00000003114,-831705.5736571802,162869.9053301901,-668835.6683269901,301.6252013988637,706.9481240097067,0.913786768999103,354
2291000,9164.000000031954,-831899.8464863133,163796.35472865374,-668103.4917576595,303.34092957977555,706.9481240097067,0.913786768999103,354
2292000,9168.00000003277,-832522.5632967567,162462.7888797879,-670059.7744169688,300.87124638736907,706.9481240097067,0.913786768999103,354
2293000,9172.000000033584,-833192.187058066,163179.7434867104,-670012.4435713557,302.19900290118557,706.9481240097067,0.913786768999103,354
2294000,9176.000000034399,-834548.5457631703,162428.1851103874,-672120.360652783,300.8071623020162,706.9481240097067,0.913786768999103,354
2295000,9180.000000035214,-830628.1111542834,161889.45866180153,-668738.6524924819,299.80947354408283,706.9481240097067,0.913786768999103,354
2296000,9184.000000036029,-832687.9017646788,162564.30510391828,-670123.5966607605,301.05924828671624,706.9481240097067,0.913786768999103,354
2297000,9188.000000036844,-832261.6597660175,161608.22850955182,-670653.4312564656,299.288652333192,706.9481240097067,0.913786768999103,354
2298000,9192.000000037659,-831364.2594778538,162819.35232290445,-668544.9071549494,301.53158029082084,706.9481240097067,0.913786768999103,354
2299000,9196.000000038473,-834120.9516194006,162228.22519906925,-671892.7264203314,300.4368486556691,706.9481240097067,0.913786768999103,354
2300000,9200.000000039288,-833821.3536238959,162560.86208145774,-671260.4915424382,301.0528720176261,706.9481240097067,0.913786768999103,354
2301000,9204.000000040103,-831546.0477933073,162577.90298545838,-668968.144807849,301.0844307398516,706.9481240097067,0.913786768999103,354
2302000,9208.000000040918,-830890.3654358638,162868.32850172743,-668022.0369341364,301.6222812080423,706.9481240097067,0.913786768999103,354
2303000,9212.000000041733,-832345.8136201994,160867.42038920603,-671478.3932309934,297.91672055706545,706.9481240097067,0.913786768999103,354
2304000,9216.000000042548,-832891.6221217122,162518.88140623062,-670372.7407154816,300.97512634942194,706.9481240097067,0.913786768999103,354
2305000,9220.000000043363,-831268.2627633605,163218.31929520715,-668049.9434681534,302.27044296240115,706.9481240097067,0.913786768999103,354
2306000,9224.000000044178,-831307.1769047957,163540.61488657026,-667766.5620182254,302.8673148796395,706.9481240097067,0.913786768999103,354
2307000,9228.000000044993,-831788.8155881716,163209.75774605302,-668579.0578421185,302.2545874918483,706.9481240097067,0.913786768999103,354
2308000,9232.000000045808,-832476.8770247754,163164.93228781933,-669311.944736956,302.17157345779384,706.9481240097067,0.913786768999103,354
2309000,9236.000000046623,-832035.1692617312,162012.35956205172,-670022.8096996795,300.0370785685649,706.9481240097067,0.913786768999103,354
2310000,9240.000000047437,-833000.1672275765,162477.52528205083,-670522.6419455257,300.8985373119352,706.9481240097067,0.913786768999103,354
2311000,9244.000000048252,-831176.5991852349,162014.22790426644,-669162.3712809684,300.04053862520124,706.9481240097067,0.913786768999103,354
2312000,9248.000000049067,-831902.2262868062,162072.28941517673,-669829.9368716294,300.14806502724787,706.9481240097067,0.913786768999103,354
2313000,9252.000000049882,-830146.67154234,162034.89012598665,-668111.7814163533,300.07880380853925,706.9481240097067,0.913786768999103,354
2314000,9256.000000050697,-833048.7032341678,162162.04646256968,-670886.6567715982,300.31428964340387,706.9481240097067,0.913786768999103,354
2315000,9260.000000051512,-832316.0885772258,162971.88581977063,-669344.2027574552,301.81406308970907,706.9481240097067,0.913786768999103,354
2316000,9264.000000052327,-833212.640672355,162878.15020534725,-670334.4904670077,301.64047040835163,706.9481240097067,0.913786768999103,354
2317000,9268.000000053142,-831393.5791888814,161756.4215373444,-669637.1576515371,299.5630968462113,706.9481240097067,0.913786768999103,354
2318000,9272.000000053957,-833648.1747434204,163099.5254618587,-670548.6492815617,302.0504439771004,706.9481240097067,0.913786768999103,354
2319000,9276.000000054772,-833129.0253742272,163421.33738384786,-669707.6879903793,302.64642016794886,706.9481240097067,0.913786768999103,354
2320000,9280.000000055586,-833709.372873921,162460.4014676818,-671248.9714062391,300.86682504472833,706.9481240097067,0.913786768999103,354
2321000,9284.000000056401,-831024.287513718,161907.95534993388,-669116.3321637842,299.84372829035914,706.9481240097067,0.913786768999103,354
2322000,9288.000000057216,-831693.3444978585,161966.920014645,-669726.4244832136,299.95292727855065,706.9481240097067,0.913786768999103,354
2323000,9292.000000058031,-833494.0318271546,162340.37479880534,-671153.6570283492,300.64454292268925,706.9481240097067,0.913786768999103,354
2324000,9296.000000058846,-833056.0168604488,162902.3443657253,-670153.6724947235,301.68527652819256,706.9481240097067,0.913786768999103,354
2325000,9300.000000059661,-833050.3169593327,162705.52228577877,-670344.7946735539,301.3207739555211,706.9481240097067,0.913786768999103,354
2326000,9304.000000060476,-831120.7128849179,162564.4884985839,-668556.224386334,301.0595879225308,706.9481240097067,0.913786768999103,354
2327000,9308.00000006129,-832580.2971041277,162404.47232777684,-670175.8247763509,300.7632476646489,706.9481240097067,0.913786768999103,354
2328000,9312.000000062106,-833018.1880929498,163007.02018289932,-670011.1679100505,301.8791298025141,706.9481240097067,0.913786768999103,354
2329000,9316.00000006292,-832269.2099144384,163435.4819988971,-668833.7279155413,302.67261513843334,706.9481240097067,0.913786768999103,354
2330000,9320.000000063736,-832199.9281058088,162217.2067852284,-669982.7213205805,300.4164432205023,706.9481240097067,0.913786768999103,354
2331000,9324.00000006455,-833345.6505815424,162667.94644955208,-670677.7041319903,301.25118578239216,706.9481240097067,0.913786768999103,354
2332000,9328.000000065365,-833404.6972416034,161352.85643785287,-672051.8408037506,298.8157187215362,706.9481240097067,0.913786768999103,354
2333000,9332.00000006618,-833923.5853439672,162571.091196012,-671352.4941479552,301.0718157183135,706.9481240097067,0.913786768999103,354
2334000,9336.000000066995,-832655.5203765398,161613.28994938306,-671042.2304271567,299.2980258132426,706.9481240097067,0.913786768999103,354
2335000,9340.00000006781,-832370.281865471,163371.84850619035,-668998.4333592807,302.5547697635344,706.9481240097067,0.913786768999103,354
2336000,9344.000000068625,-834749.6787827695,162821.86007685086,-671927.8187059186,301.536224499262,706.9481240097067,0.913786768999103,354
2337000,9348.00000006944,-833158.742046684,162774.54058521864,-670384.2014614653,301.4485916663901,706.9481240097067,0.913786768999103,354
2338000,9352.000000070255,-833386.273805148,162371.78942828788,-671014.4843768601,300.7027209140458,706.9481240097067,0.913786768999103,354
2339000,9356.00000007107,-832363.3140572747,162794.73922933248,-669568.5748279423,301.485998332075,706.9481240097067,0.913786768999103,354
2340000,9360.000000071885,-832997.0236443086,161861.5350392343,-671135.4886050742,299.75776068612083,706.9481240097067,0.913786768999103,354
2341000,9364.0000000727,-833104.673224559,161827.2149388172,-671277.4582857419,299.6942019385465,706.9481240097067,0.913786768999103,354
2342000,9368.000000073514,-833827.0352362078,163266.0409082824,-670560.9943279254,302.3588204998333,706.9481240097067,0.913786768999103,354
2343000,9372.00000007433,-832198.4342202256,162986.27750146145,-669212.1567187641,301.8407156126516,706.9481240097067,0.913786768999103,354
2344000,9376.000000075144,-831609.4603927601,163430.1740873932,-668179.2863053669,302.6627852077711,706.9481240097067,0.913786768999103,354
2345000,9380.00000007596,-832333.2106431462,162955.98850083048,-669377.2221423157,301.78462221776095,706.9481240097067,0.913786768999103,354
2346000,9384.000000076774,-830733.6652743379,162830.40335004544,-667903.2619242924,301.55204612384443,706.9481240097067,0.913786768999103,354
2347000,9388.000000077589,-833983.0191883286,162347.99348014203,-671635.0257081867,300.65865225914354,706.9481240097067,0.913786768999103,354
2348000,9392.000000078404,-834219.0724641299,163681.8823824044,-670537.1900817255,303.12893372687654,706.9481240097067,0.913786768999103,354
2349000,9396.000000079219,-833729.7341774208,163443.11615324114,-670286.6180241797,302.68675312996015,706.9481240097067,0.913786768999103,354
2350000,9400.000000080034,-834973.8426112235,162274.86786116107,-672698.9747500625,300.5232280412204,706.9481240097067,0.913786768999103,354
2351000,9404.000000080849,-833893.3253975399,161935.93281964088,-671957.392577899,299.89554086996304,706.9481240097067,0.913786768999103,354
2352000,9408.000000081664,-832995.3944577258,162617.7707818133,-670377.6236759125,301.1582634843387,706.9481240097067,0.913786768999103,354
2353000,9412.000000082478,-832493.7712930515,162849.04144317616,-669644.7298498754,301.5865627436144,706.9481240097067,0.913786768999103,354
2354000,9416.000000083293,-832871.1072822297,164345.92945148807,-668525.1778307416,304.3587086846542,706.9481240097067,0.913786768999103,354
2355000,9420.000000084108,-833679.4047387112,162938.98438207497,-670740.4203566362,301.7531316195817,706.9481240097067,0.913786768999103,354
2356000,9424.000000084923,-831852.6953126136,162379.05099707306,-669473.6443155406,300.7161688996811,706.9481240097067,0.913786768999103,354
2357000,9428.000000085738,-833904.4181066658,161590.19064311183,-672314.227463554,299.25524729690403,706.9481240097067,0.913786768999103,354
2358000,9432.000000086553,-832770.6031864248,161640.8976279844,-671129.7055584404,299.34915356211314,706.9481240097067,0.913786768999103,354
2359000,9436.000000087368,-833250.5209581405,161957.86364130783,-671292.6573168327,299.936155423577,706.9481240097067,0.913786768999103,354
2360000,9440.000000088183,-832825.2773502534,162892.5251993082,-669932.7521509452,301.66709202662906,706.9481240097067,0.913786768999103,354
2361000,9444.000000088998,-830879.3737257067,162731.63815189895,-668147.7355738077,301.36913895801945,706.9481240097067,0.913786768999103,354
2362000,9448.000000089813,-832480.149978919,162889.61662018718,-669590.5333587318,301.6617055142382,706.9481240097067,0.913786768999103,354
2363000,9452.000000090628,-833273.1700147586,163230.30149469874,-670042.8685200599,302.29263327022704,706.9481240097067,0.913786768999103,354
2364000,9456.000000091442,-832856.6103692101,162783.60048630252,-670073.0098829076,301.465370054537,706.9481240097067,0.913786768999103,354
2365000,9460.000000092257,-832306.6061442224,162834.89678050502,-669471.7093637174,301.560367684937,706.9481240097067,0.913786768999103,354
2366000,9464.000000093072,-831070.0007352885,162915.75533393412,-668154.2454013544,301.71011282915765,706.9481240097067,0.913786768999103,354
2367000,9468.000000093887,-832974.4327310827,162912.49332431745,-670061.9394067652,301.7040717848923,706.9481240097067,0.913786768999103,354
2368000,9472.000000094702,-834207.5465744399,163297.61616962333,-670909.9304048165,302.4172959716639,706.9481240097067,0.913786768999103,354
2369000,9476.000000095517,-831451.5531609347,161967.26457768952,-669484.2885832451,299.9535653884427,706.9481240097067,0.913786768999103,354
2370000,9480.000000096332,-832303.880498996,162994.792232436,-669309.08826656,301.8564843787711,706.9481240097067,0.913786768999103,354
2371000,9484.000000097147,-831867.0902250204,162457.40780288936,-669409.6824221311,300.8612809588267,706.9481240097067,0.913786768999103,354
2372000,9488.000000097962,-833741.8616433246,162277.21179837442,-671464.6498449502,300.5275688709926,706.9481240097067,0.913786768999103,354
2373000,9492.000000098777,-832341.6382817766,162337.33643377927,-670004.3018479974,300.638916054662,706.9481240097067,0.913786768999103,354
2374000,9496.000000099591,-832401.6701420825,162313.42342534428,-670088.2467167382,300.5946306111933,706.9481240097067,0.913786768999103,354
2375000,9500.000000100406,-831989.8559903875,161560.88134524127,-670428.9746451462,299.20096825219565,706.9481240097067,0.913786768999103,354
2376000,9504.000000101221,-831608.4031807762,162729.57313585636,-668878.8300449199,301.3653146733643,706.9481240097067,0.913786768999103,354
2377000,9508.000000102036,-830457.879572235,162827.31046057295,-667630.5691116621,301.54631827984434,706.9481240097067,0.913786768999103,354
2378000,9512.000000102851,-831798.7041691551,163055.2965349051,-668743.40763425,301.9685346828511,706.9481240097067,0.913786768999103,354
2379000,9516.000000103666,-832313.4381939033,162469.82648459537,-669843.6117093079,300.8842796052807,706.9481240097067,0.913786768999103,354
2380000,9520.000000104481,-832703.7106612036,162730.3406366033,-669973.3700246003,301.3667360382684,706.9481240097067,0.913786768999103,354
2381000,9524.000000105296,-833034.4273293782,162997.96854984388,-670036.4587795343,301.86236672625523,706.9481240097067,0.913786768999103,354
2382000,9528.00000010611,-832658.1555493958,161973.00922730484,-670685.146322091,299.96420413163884,706.9481240097067,0.913786768999103,354
2383000,9532.000000106926,-832089.7553304518,163819.7784583182,-668269.9768721336,303.3843089085916,706.9481240097067,0.913786768999103,354
2384000,9536.00000010774,-831221.4441429758,163141.04320891097,-668080.4009340649,302.12733233035925,706.9481240097067,0.913786768999103,354
2385000,9540.000000108555,-831173.5638658665,163699.33104947198,-667474.2328163945,303.1612476016082,706.9481240097067,0.913786768999103,354
2386000,9544.00000010937,-832330.2070967006,163216.89733703685,-669113.3097596637,302.2678095819824,706.9481240097067,0.913786768999103,354
2387000,9548.000000110185,-832987.1057971921,162420.44712678436,-670566.6586704077,300.7928320249896,706.9481240097067,0.913786768999103,354
2388000,9552.000000111,-833614.0216122465,162574.84664014482,-671039.1749721017,301.07877057342074,706.9481240097067,0.913786768999103,354
2389000,9556.000000111815,-833064.1038978072,161834.12023072632,-671229.9836670809,299.70699012098316,706.9481240097067,0.913786768999103,354
2390000,9560.00000011263,-832543.3815575736,162344.0251857179,-670199.3563718556,300.65130321818685,706.9481240097067,0.913786768999103,354
2391000,9564.000000113445,-834504.6311598448,162593.2174799381,-671911.4136799067,301.1127922561944,706.9481240097067,0.913786768999103,354
2392000,9568.00000011426,-834210.3360757343,163300.14780440181,-670910.1882713325,302.42198440595985,706.9481240097067,0.913786768999103,354
2393000,9572.000000115075,-831252.8597576832,160914.85492507182,-670338.0048326114,298.0045664448909,706.9481240097067,0.913786768999103,354
2394000,9576.00000011589,-833215.7607144369,163022.75590778404,-670193.0048066529,301.9082714120576,706.9481240097067,0.913786768999103,354
2395000,9580.000000116705,-832715.7930074604,162358.180945599,-670357.6120618614,300.67751882822495,706.9481240097067,0.913786768999103,354
2396000,9584.00000011752,-832444.6415593252,162838.86067851383,-669605.7808808114,301.5677085839988,706.9481240097067,0.913786768999103,354
2397000,9588.000000118334,-832880.5047438238,162579.74253509688,-670300.762208727,301.0878374743804,706.9481240097067,0.913786768999103,354
2398000,9592.00000011915,-832843.6039167615,162837.8809095875,-670005.723007174,301.56589411128124,706.9481240097067,0.913786768999103,354
2399000,9596.000000119964,-831966.4150139773,162506.02821706166,-669460.3867969157,300.95132302146,706.9481240097067,0.913786768999103,354
2400000,9600.000000120779,-831101.773221462,161931.0534220629,-669170.7197993991,299.8865045211411,706.9481240097067,0.913786768999103,354
2401000,9604.000000121594,-831890.8314280538,163038.89638662033,-668851.9350414334,301.9381626014078,706.9481240097067,0.913786768999103,354
2402000,9608.000000122409,-832449.0211309111,162451.22993119995,-669997.7911997112,300.84983991458495,706.9481240097067,0.913786768999103,354
2403000,9612.000000123224,-832669.5820839955,162149.36827805566,-670520.2138059398,300.29081041346467,706.9481240097067,0.913786768999103,354
2404000,9616.000000124039,-832582.452428788,162417.85196082317,-670164.6004679648,300.78802593479065,706.9481240097067,0.913786768999103,354
2405000,9620.000000124854,-832545.3978227274,161584.26097821636,-670961.1368445111,299.2442659166135,706.9481240097067,0.913786768999103,354
2406000,9624.000000125669,-831409.0781207513,162805.44281233434,-668603.635308417,301.50582071959394,706.9481240097067,0.913786768999103,354
2407000,9628.000000126483,-830359.0793704018,162046.7416814551,-668312.3376889466,300.10075217154605,706.9481240097067,0.913786768999103,354
2408000,9632.000000127298,-832130.0192748653,162455.49612822954,-669674.5231466357,300.85774065312626,706.9481240097067,0.913786768999103,354
2409000,9636.000000128113,-832169.2577457288,161386.13083277896,-670783.1269129498,298.87734088586825,706.9481240097067,0.913786768999103,354
2410000,9640.000000128928,-833809.5163909784,163245.4217704523,-670564.0946205261,302.32063510525063,706.9481240097067,0.913786768999103,354
2411000,9644.000000129743,-832653.4652252086,162317.37431411317,-670336.0909110954,300.60194741793055,706.9481240097067,0.913786768999103,354
2412000,9648.000000130558,-831534.0765135083,162111.70840027512,-669422.3681132332,300.22106660046757,706.9481240097067,0.913786768999103,354
2413000,9652.000000131373,-833196.9235346066,163280.96383828018,-669915.9596963264,302.3864568624684,706.9481240097067,0.913786768999103,354
2414000,9656.000000132188,-832531.7170313494,161623.0517946661,-670908.6652366833,299.3161041595372,706.9481240097067,0.913786768999103,354
2415000,9660.000000133003,-833677.9826994408,162969.83814643644,-670708.1445530043,301.8102709226996,706.9481240097067,0.913786768999103,354
2416000,9664.000000133818,-833087.5765634552,162365.3814086382,-670722.195154817,300.69085364971926,706.9481240097067,0.913786768999103,354
2417000,9668.000000134633,-832486.4904272249,161885.84408792394,-670600.646339301,299.8027795721573,706.9481240097067,0.913786768999103,354
2418000,9672.000000135447,-833589.3701481698,162199.17931388423,-671390.1908342856,300.3830574353023,706.9481240097067,0.913786768999103,354
2419000,9676.000000136262,-831994.5882082125,162613.26368128532,-669381.3245269272,301.14991660710734,706.9481240097067,0.913786768999103,354
2420000,9680.000000137077,-832337.5165659618,162462.49275350024,-669875.0238124615,300.87069797941746,706.9481240097067,0.913786768999103,354
2421000,9684.000000137892,-832441.3627752308,162995.6557859333,-669445.7069892974,301.858083627552,706.9481240097067,0.913786768999103,354
2422000,9688.000000138707,-832391.7756489962,163142.20434475067,-669249.5713042456,302.12948268361697,706.9481240097067,0.913786768999103,354
2423000,9692.000000139522,-833617.8485787241,161244.74596677592,-672373.1026119482,298.61550467618633,706.9481240097067,0.913786768999103,354
2424000,9696.000000140337,-835014.8262131745,163431.79014219466,-671583.0360709799,302.66577804339636,706.9481240097067,0.913786768999103,354
2425000,9700.000000141152,-832647.5497737387,162667.590780799,-669979.9589929397,301.25052710540047,706.9481240097067,0.913786768999103,354
2426000,9704.000000141967,-831762.4387280103,162676.86406447075,-669085.5746635395,301.2677006651778,706.9481240097067,0.913786768999103,354
2427000,9708.000000142782,-832396.8624934461,162439.79430053182,-669957.0681929142,300.8286618191203,706.9481240097067,0.913786768999103,354
2428000,9712.000000143596,-831477.8972121747,162341.7954412148,-669136.1017709599,300.64717386639865,706.9481240097067,0.913786768999103,354
2429000,9716.000000144411,-831737.0958377719,162301.1590601279,-669435.936777644,300.57191774953276,706.9481240097067,0.913786768999103,354
2430000,9720.000000145226,-831845.6736747157,162395.83101198656,-669449.8426627291,300.7472444711165,706.9481240097067,0.913786768999103,354
2431000,9724.000000146041,-832099.9301442904,161625.05127929576,-670474.8788649947,299.3198070839841,706.9481240097067,0.913786768999103,354
2432000,9728.000000146856,-832119.8015350895,162962.42148912523,-669157.3800459643,301.7965357225061,706.9481240097067,0.913786768999103,354
2433000,9732.000000147671,-831349.8594021201,163438.04186625697,-667911.8175358631,302.6773558577603,706.9481240097067,0.913786768999103,354
2434000,9736.000000148486,-830937.6929879757,162325.02816273156,-668612.6648252441,300.6161218820608,706.9481240097067,0.913786768999103,354
2435000,9740.0000001493,-832553.8187227352,160834.44014183094,-671719.3785809042,297.8556431361845,706.9481240097067,0.913786768999103,354
2436000,9744.000000150116,-832374.2026658198,163574.17033998738,-668800.0323258324,302.9294575472763,706.9481240097067,0.913786768999103,354
2437000,9748.00000015093,-832748.6507094083,161740.06027130102,-671008.5904381073,299.5327967723243,706.9481240097067,0.913786768999103,354
2438000,9752.000000151746,-833550.6306372648,162597.6040785428,-670953.026558722,301.1209159711613,706.9481240097067,0.913786768999103,354
2439000,9756.00000015256,-834030.9961973447,162481.18229865492,-671549.8138986898,300.90530988521994,706.9481240097067,0.913786768999103,354
2440000,9760.000000153375,-831208.5411661668,162350.609751211,-668857.9314149558,300.663497434724,706.9481240097067,0.913786768999103,353
2441000,9764.00000015419,-833730.1845772825,162378.60727715644,-671351.5773001261,300.7153471572669,706.9481240097067,0.913786768999103,353
2442000,9768.000000155005,-832466.9384831861,162137.3422975238,-670329.5961856623,300.2685390258036,706.9481240097067,0.913786768999103,353
2443000,9772.00000015582,-832725.386229191,162684.94328765926,-670040.4429415318,301.2826628972516,706.9481240097067,0.913786768999103,353
2444000,9776.000000156635,-831898.572655431,163664.4790874567,-668234.0935679743,303.0967038785632,706.9481240097067,0.913786768999103,353
2445000,9780.00000015745,-831644.780441802,162539.3150298061,-669105.4654119959,301.0129681828397,706.9481240097067,0.913786768999103,353
2446000,9784.000000158265,-832003.2813560078,162458.49344766233,-669544.7879083455,300.8632915072005,706.9481240097067,0.913786768999103,353
2447000,9788.00000015908,-833433.4614854939,162100.90520008327,-671332.5562854107,300.2010597279455,706.9481240097067,0.913786768999103,353
2448000,9792.000000159895,-832854.9818626046,162000.15463680646,-670854.8272257982,300.0144757861313,706.9481240097067,0.913786768999103,353
2449000,9796.00000016071,-833191.1987750111,160761.815831699,-672429.3829433122,297.7211473118909,706.9481240097067,0.913786768999103,353
2450000,9800.000000161524,-832769.5223492347,162116.94157830777,-670652.5807709269,300.2307581292669,706.9481240097067,0.913786768999103,353
2451000,9804.00000016234,-831591.4052516576,162455.63973795174,-669135.7655137058,300.85800660963486,706.9481240097067,0.913786768999103,353
2452000,9808.000000163154,-833080.8770044874,162756.90563854316,-670323.9713659442,301.41593281310554,706.9481240097067,0.913786768999103,353
2453000,9812.00000016397,-834353.6031835526,161134.43137284357,-673219.171810709,298.4112087287881,706.9481240097067,0.913786768999103,353
2454000,9816.000000164784,-833286.5392459193,163040.0739548389,-670246.4652910804,301.940343386436,706.9481240097067,0.913786768999103,353
2455000,9820.000000165599,-834020.6070311209,163073.62437089108,-670946.9826602298,302.0024767251779,706.9481240097067,0.913786768999103,353
2456000,9824.000000166414,-833843.7325368114,163456.57405807916,-670387.1584787322,302.71167635472005,706.9481240097067,0.913786768999103,353
2457000,9828.000000167229,-832814.761938272,161630.92829349812,-671183.8336447739,299.33069095837953,706.9481240097067,0.913786768999103,353
2458000,9832.000000168044,-832780.7381530087,162532.77347908085,-670247.9646739279,301.0008536270476,706.9481240097067,0.913786768999103,353
2459000,9836.000000168859,-832673.8831867911,163498.08969485367,-669175.7934919375,302.78856079987236,706.9481240097067,0.913786768999103,353
2460000,9840.000000169674,-832120.614031109,162756.0382243801,-669364.5758067289,301.41432641460545,706.9481240097067,0.913786768999103,353
2461000,9844.000000170488,-834331.484540645,163170.76237837248,-671160.7221622725,302.18237043243255,706.9481240097067,0.913786768999103,353
2462000,9848.000000171303,-832502.566555134,162343.29425982406,-670159.2722953099,300.6499495876957,706.9481240097067,0.913786768999103,353
2463000,9852.000000172118,-834002.0607290231,162629.05740509616,-671373.0033239269,301.1791656271496,706.9481240097067,0.913786768999103,353
2464000,9856.000000172933,-834824.5400239276,162881.93068009015,-671942.6093438375,301.64747161863295,706.9481240097067,0.913786768999103,353
2465000,9860.000000173748,-832906.6397609506,162847.54505449568,-670059.0947064549,301.5837915223982,706.9481240097067,0.913786768999103,353
2466000,9864.000000174563,-833254.479313748,163156.03589354805,-670098.4434201999,302.155097874362,706.9481240097067,0.913786768999103,353
2467000,9868.000000175378,-834176.7637302754,162403.63914731686,-671773.1245829586,300.7617046648937,706.9481240097067,0.913786768999103,353
2468000,9872.000000176193,-832102.6201043166,161864.08985537558,-670238.530248941,299.7624920508968,706.9481240097067,0.913786768999103,353
2469000,9876.000000177008,-832529.742134802,163109.16998491285,-669420.5721498892,302.068305049732,706.9481240097067,0.913786768999103,353
2470000,9880.000000177823,-832355.7563401852,161727.77790770063,-670627.9784324846,299.5100505787466,706.9481240097067,0.913786768999103,353
2471000,9884.000000178637,-832201.8540594699,162518.81675623613,-669683.0373032338,300.9750066215473,706.9481240097067,0.913786768999103,353
2472000,9888.000000179452,-832679.2701284895,162479.46233561594,-670199.8077928736,300.9021246178313,706.9481240097067,0.913786768999103,353
2473000,9892.000000180267,-832322.680978029,162805.93031617015,-669516.7506618588,301.506723547175,706.9481240097067,0.913786768999103,353
2474000,9896.000000181082,-831491.6106861187,162540.30418618,-668951.3064999387,301.0148000405416,706.9481240097067,0.913786768999103,353
2475000,9900.000000181897,-830953.5990413344,162256.84676227422,-668696.7522790602,300.4898540574255,706.9481240097067,0.913786768999103,353
2476000,9904.000000182712,-831271.6196023123,163447.50420420594,-667824.1153981064,302.69487953461004,706.9481240097067,0.913786768999103,353
2477000,9908.000000183527,-831962.889044445,162613.80850389384,-669349.0805405511,301.1509255855843,706.9481240097067,0.913786768999103,353
2478000,9912.000000184342,-833303.3419044605,162601.7751847154,-670701.566719745,301.1286406071941,706.9481240097067,0.913786768999103,353
2479000,9916.000000185157,-831938.164368093,161736.01375337061,-670202.1506147224,299.52530286617105,706.9481240097067,0.913786768999103,353
2480000,9920.000000185972,-833833.9194352878,163258.07377461568,-670575.8456606722,302.3440658507659,706.9481240097067,0.913786768999103,353
2481000,9924.000000186787,-832393.3271660963,162906.62606772187,-669486.7010983744,301.6932059809937,706.9481240097067,0.913786768999103,353
2482000,9928.000000187601,-830551.0147204576,162640.51524053933,-667910.4994799183,301.2003848445129,706.9481240097067,0.913786768999103,353
2483000,9932.000000188416,-833629.2128010774,162486.45104176222,-671142.7617593152,300.9150672783837,706.9481240097067,0.913786768999103,353
2484000,9936.000000189231,-832290.0516341431,162399.72762188502,-669890.3240122581,300.7544607566728,706.9481240097067,0.913786768999103,353
2485000,9940.000000190046,-833302.5849188762,163117.40162511996,-670185.1832937562,302.0835495488939,706.9481240097067,0.913786768999103,353
2486000,9944.000000190861,-832159.5877970913,162913.14802453225,-669246.4397725591,301.705284250042,706.9481240097067,0.913786768999103,353
2487000,9948.000000191676,-831631.5611607106,161983.10912334963,-669648.452037361,299.98290852747203,706.9481240097067,0.913786768999103,353
2488000,9952.000000192491,-832500.9610069534,163169.80833993887,-669331.1526670145,302.1806036110293,706.9481240097067,0.913786768999103,353
2489000,9956.000000193306,-830110.2916263146,163009.39718788373,-667100.8944384309,301.88353187179575,706.9481240097067,0.913786768999103,353
2490000,9960.00000019412,-832433.5819752691,162822.17084794882,-669611.4111273203,301.53680002851536,706.9481240097067,0.913786768999103,353
2491000,9964.000000194936,-831951.5662232237,161996.3718506244,-669955.1943725992,300.00747029520466,706.9481240097067,0.913786768999103,353
2492000,9968.00000019575,-831044.680290198,163248.6906341631,-667795.9896560349,302.3266888428833,706.9481240097067,0.913786768999103,353
2493000,9972.000000196565,-831706.4150623195,163260.03464600444,-668446.380416315,302.347697265829,706.9481240097067,0.913786768999103,353
2494000,9976.00000019738,-833259.8700453825,162094.8268025476,-671165.043242835,300.1898029038124,706.9481240097067,0.913786768999103,353
2495000,9980.000000198195,-832424.2177649876,162625.8441775461,-669798.3735874415,301.1732149243174,706.9481240097067,0.913786768999103,353
2496000,9984.00000019901,-833296.848367624,162747.7272592613,-670549.1211083627,301.3989350105109,706.9481240097067,0.913786768999103,353
2497000,9988.000000199825,-831463.7764314339,161987.02349482104,-669476.7529366128,299.9901577063859,706.9481240097067,0.913786768999103,353
2498000,9992.00000020064,-831978.5491577089,162080.4171446259,-669898.132013083,300.16311708997887,706.9481240097067,0.913786768999103,353
2499000,9996.000000201455,-833830.2430279665,161917.32006329054,-671912.9229646759,299.86107117237606,706.9481240097067,0.913786768999103,353
2500000,10000.00000020227,-832169.9950796124,162501.81926384335,-669668.175815769,300.94352829499053,706.9481240097067,0.913786768999103,353
2501000,10004.000000203085,-833669.693174433,162500.82739598397,-671168.865778449,300.94169141578175,706.9481240097067,0.913786768999103,353
2502000,10008.0000002039,-831155.1490130564,163087.15447077423,-668067.9945422822,302.0275336507894,706.9481240097067,0.913786768999103,353
2503000,10012.000000204715,-832307.1002573501,161173.84815058598,-671133.2521067641,298.4842062141182,706.9481240097067,0.913786768999103,353
2504000,10016.00000020553,-833215.2261066288,162575.02821224317,-670640.1978943856,301.079106833951,706.9481240097067,0.913786768999103,353
2505000,10020.000000206344,-832592.1536626304,162165.5620759868,-670426.5915866436,300.32080034654956,706.9481240097067,0.913786768999103,353
2506000,10024.00000020716,-833241.819243879,163643.74884437153,-669598.0703995075,303.0583127237765,706.9481240097067,0.913786768999103,353
2507000,10028.000000207974,-831494.4338182062,162620.9075938788,-668873.5262243274,301.16407267032116,706.9481240097067,0.913786768999103,353
2508000,10032.000000208789,-832758.8184906179,162697.03043709305,-670061.7880535249,301.30504756601476,706.9481240097067,0.913786768999103,353
2509000,10036.000000209604,-833072.9641336473,163064.6270897581,-670008.3370438891,301.9858143053879,706.9481240097067,0.913786768999103,353
2510000,10040.000000210419,-833056.1513827676,161946.8487935487,-671109.3025892188,299.9157565925776,706.9481240097067,0.913786768999103,353
2511000,10044.000000211234,-833723.6884828722,162541.06988098478,-671182.6186018875,301.01621806095017,706.9481240097067,0.913786768999103,353
2512000,10048.000000212049,-832974.774886121,163181.7289271056,-669793.0459590154,302.2026798165608,706.9481240097067,0.913786768999103,353
2513000,10052.000000212864,-833079.1494279942,162452.7265526991,-670626.422875295,300.8526115669672,706.9481240097067,0.913786768999103,353
2514000,10056.000000213679,-833155.0773640415,162156.67225208538,-670998.4051119561,300.3043369310449,706.9481240097067,0.913786768999103,353
2515000,10060.000000214493,-832615.4919442637,161767.30051758979,-670848.1914266739,299.58324405880325,706.9481240097067,0.913786768999103,353
2516000,10064.000000215308,-831538.7267309567,161577.10610725835,-669961.6206236983,299.23101552889256,706.9481240097067,0.913786768999103,353
2517000,10068.000000216123,-830203.3329824517,163376.27361420973,-666827.0593682419,302.5629647956053,706.9481240097067,0.913786768999103,353
2518000,10072.000000216938,-833430.452848088,162561.9932467899,-670868.4596012981,301.05496686731874,706.9481240097067,0.913786768999103,353
2519000,10076.000000217753,-830753.9798098383,162813.34708579187,-667940.6327240465,301.5204589553607,706.9481240097067,0.913786768999103,353
2520000,10080.000000218568,-830858.3910628799,163161.03757305318,-667697.3534898268,302.1643606819078,706.9481240097067,0.913786768999103,353
2521000,10084.000000219383,-831863.1711138915,162088.9341085547,-669774.2370053368,300.17888999139444,706.9481240097067,0.913786768999103,353
2522000,10088.000000220198,-833149.5788765848,163388.16027047025,-669761.4186061146,302.58497816315327,706.9481240097067,0.913786768999103,353
2523000,10092.000000221013,-832197.1225334955,163122.8417029861,-669074.2808305095,302.0936242436552,706.9481240097067,0.913786768999103,353
2524000,10096.000000221828,-832250.417123802,161149.83792222,-671100.579201582,298.43974072522485,706.9481240097067,0.913786768999103,353
2525000,10100.000000222642,-833294.9821595438,163071.90818317118,-670223.0739763726,301.99929844945166,706.9481240097067,0.913786768999103,353
2526000,10104.000000223457,-831895.7740711207,163204.4621280434,-668691.3119430772,302.24478032799294,706.9481240097067,0.913786768999103,353
2527000,10108.000000224272,-833048.1188726788,162610.46209734946,-670437.6567753294,301.14472824331983,706.9481240097067,0.913786768999103,353
2528000,10112.000000225087,-833232.1539162956,162943.28433286445,-670288.8695834312,301.7610948680423,706.9481240097067,0.913786768999103,353
2529000,10116.000000225902,-833197.8109290376,162852.90652847732,-670344.9044005603,301.5937206475256,706.9481240097067,0.913786768999103,353
2530000,10120.000000226717,-833461.5874651698,163253.51247804804,-670208.0749871219,302.33561860575116,706.9481240097067,0.913786768999103,353
2531000,10124.000000227532,-831806.930207612,162419.12336362666,-669387.8068439853,300.79038049578753,706.9481240097067,0.913786768999103,353
2532000,10128.000000228347,-830914.284862794,162815.7360931849,-668098.5487696091,301.52488325237624,706.9481240097067,0.913786768999103,353
2533000,10132.000000229162,-831725.4247110728,162669.72852496104,-669055.6961861118,301.2544860781285,706.9481240097067,0.913786768999103,353
2534000,10136.000000229977,-831660.4902007356,162957.61291826103,-668702.8772824747,301.7876305404689,706.9481240097067,0.913786768999103,353
2535000,10140.000000230792,-831099.3948639147,162371.5114304324,-668727.8834334823,300.70220607885284,706.9481240097067,0.913786768999103,353
2536000,10144.000000231606,-831618.7448660713,162879.77389898658,-668738.9709670846,301.6434773906421,706.9481240097067,0.913786768999103,353
2537000,10148.000000232421,-833158.0003864011,162160.33875175982,-670997.6616346412,300.3111270664016,706.9481240097067,0.913786768999103,353
2538000,10152.000000233236,-831063.1058747713,162944.6183791383,-668118.487495633,301.7635654409526,706.9481240097067,0.913786768999103,353
2539000,10156.000000234051,-831789.450674017,163171.1004633162,-668618.3502107008,302.1829965452742,706.9481240097067,0.913786768999103,353
2540000,10160.000000234866,-831059.012103199,162995.79896673904,-668063.2131364599,301.85834878973327,706.9481240097067,0.913786768999103,353
2541000,10164.000000235681,-830668.0150697604,161900.80670312978,-668767.2083666306,299.8304894293944,706.9481240097067,0.913786768999103,353
2542000,10168.000000236496,-832437.7699887641,162547.68020617438,-669890.0897825897,301.02845998288524,706.9481240097067,0.913786768999103,353
2543000,10172.00000023731,-832720.8203104725,163170.42892548934,-669550.3913849832,302.1817528978866,706.9481240097067,0.913786768999103,353
2544000,10176.000000238126,-833452.9246045891,161968.4075448925,-671484.5170596966,299.95568209448544,706.9481240097067,0.913786768999103,353
2545000,10180.00000023894,-833090.877869023,162595.4806902166,-670495.3971788064,301.11698358457187,706.9481240097067,0.913786768999103,353
2546000,10184.000000239756,-832721.6664919145,161248.39963029436,-671473.2668616201,298.6222710397595,706.9481240097067,0.913786768999103,353
2547000,10188.00000024057,-832043.0369812008,163679.2982148248,-668363.7387663759,303.12414800501426,706.9481240097067,0.913786768999103,353
2548000,10192.000000241385,-833525.1036376925,162134.1954083232,-671390.9082293693,300.2627111775772,706.9481240097067,0.913786768999103,353
2549000,10196.0000002422,-832624.3857496753,161892.93922814622,-670731.4465215291,299.8159193421729,706.9481240097067,0.913786768999103,353
2550000,10200.000000243015,-833371.1295890016,161942.41138739337,-671428.7182016083,299.9075387851037,706.9481240097067,0.913786768999103,353
2551000,10204.00000024383,-833018.6681655552,163732.76522902935,-669285.9029365259,303.22316567740097,706.9481240097067,0.913786768999103,353
2552000,10208.000000244645,-830486.4023174057,162159.84035560768,-668326.561961798,300.31020406691033,706.9481240097067,0.913786768999103,353
2553000,10212.00000024546,-832347.1348449783,162600.26669944622,-669746.8681455321,301.1258469838283,706.9481240097067,0.913786768999103,353
2554000,10216.000000246275,-833147.8584862193,162879.6286393078,-670268.2298469115,301.64320837851375,706.9481240097067,0.913786768999103,353
2555000,10220.00000024709,-832671.9136825558,162986.82394525595,-669685.0897372998,301.84172759346677,706.9481240097067,0.913786768999103,353
2556000,10224.000000247905,-832366.080459117,162064.50149977155,-670301.5789593454,300.1336422795475,706.9481240097067,0.913786768999103,353
2557000,10228.00000024872,-833203.9927709987,162219.82608878845,-670984.1666822103,300.4212940120725,706.9481240097067,0.913786768999103,353
2558000,10232.000000249534,-834154.8958461918,162714.83934812434,-671440.0564980675,301.33802859075115,706.9481240097067,0.913786768999103,353
2559000,10236.00000025035,-832744.2399939066,162502.41371547861,-670241.826278428,300.9446291834196,706.9481240097067,0.913786768999103,353
2560000,10240.000000251164,-832923.8933090242,162753.10009417846,-670170.7932148457,301.4088851754029,706.9481240097067,0.913786768999103,353
2561000,10244.00000025198,-833441.9126407346,161130.21361950797,-672311.6990212266,298.4033977050344,706.9481240097067,0.913786768999103,353
2562000,10248.000000252794,-832434.7095679101,162714.68582085712,-669720.023747053,301.33774426754974,706.9481240097067,0.913786768999103,353
2563000,10252.000000253609,-832882.0936863227,161775.54282195424,-671106.5508643684,299.5985083073388,706.9481240097067,0.913786768999103,353
2564000,10256.000000254424,-832233.4660624173,163642.39807170164,-668591.0679907156,303.0558111745936,706.9481240097067,0.913786768999103,353
2565000,10260.000000255239,-831298.1594127035,162517.56491604995,-668780.5944966535,300.97268828933295,706.9481240097067,0.913786768999103,353
2566000,10264.000000256054,-831319.8740655882,164260.97989588615,-667058.8941697021,304.20138725215736,706.9481240097067,0.913786768999103,353
2567000,10268.000000256869,-833394.1725978209,162973.44341825842,-670420.7291795624,301.8169476677815,706.9481240097067,0.913786768999103,353
2568000,10272.000000257683,-832423.1442287741,161916.17152628762,-670506.9727024864,299.85894415140115,706.9481240097067,0.913786768999103,353
2569000,10276.000000258498,-832183.3812143337,163308.98245599348,-668874.3987583402,302.4383456456881,706.9481240097067,0.913786768999103,353
2570000,10280.000000259313,-832406.31970385,162310.02441327012,-670096.2952905798,300.5883358466734,706.9481240097067,0.913786768999103,353
2571000,10284.000000260128,-833552.01622466,163462.59177598776,-670089.4244486722,302.7228208038586,706.9481240097067,0.913786768999103,353
2572000,10288.000000260943,-830654.8714977251,162642.94209228514,-668011.92940544,301.20487922697794,706.9481240097067,0.913786768999103,353
2573000,10292.000000261758,-831507.0373728955,162502.270103504,-669004.7672693916,300.9443632227396,706.9481240097067,0.913786768999103,353
2574000,10296.000000262573,-833217.1924546091,162681.0754251891,-670536.11702942,301.2754998501915,706.9481240097067,0.913786768999103,353
2575000,10300.000000263388,-831740.6580353156,162260.72151890688,-669479.9365164087,300.49702987205694,706.9481240097067,0.913786768999103,353
2576000,10304.000000264203,-830916.8713641316,162591.80392553253,-668325.0674385991,301.110174439039,706.9481240097067,0.913786768999103,353
2577000,10308.000000265018,-832543.8904705727,164262.4235455579,-668281.4669250149,304.2040608039231,706.9481240097067,0.913786768999103,353
2578000,10312.000000265833,-833947.2607561331,162867.6938304323,-671079.5669257008,301.62110583523895,706.9481240097067,0.913786768999103,353
2579000,10316.000000266647,-833788.7847303497,162651.94507535832,-671136.8396549914,301.2215522064159,706.9481240097067,0.913786768999103,353
2580000,10320.000000267462,-832171.4393088818,162630.4109676391,-669541.0283412427,301.1816723430084,706.9481240097067,0.913786768999103,353
2581000,10324.000000268277,-833156.6405481575,161725.17846534436,-671431.4620828131,299.5052365689229,706.9481240097067,0.913786768999103,353
2582000,10328.000000269092,-832534.0388399726,163220.0037491407,-669314.0350908318,302.27356246907686,706.9481240097067,0.913786768999103,353
2583000,10332.000000269907,-833218.5791380135,162871.0717821716,-670347.5073558419,301.62736159729405,706.9481240097067,0.913786768999103,353
2584000,10336.000000270722,-830999.7571545178,162098.07443329395,-668901.6827212239,300.1958173192807,706.9481240097067,0.913786768999103,353
2585000,10340.000000271537,-832226.3003253546,161712.9129735288,-670513.3873518258,299.48252162086897,706.9481240097067,0.913786768999103,353
2586000,10344.000000272352,-831888.446938877,164542.7925495099,-667345.6543893671,304.7232872203171,706.9481240097067,0.913786768999103,353
2587000,10348.000000273167,-833458.165447929,162598.6012299977,-670859.5642179312,301.1227626352691,706.9481240097067,0.913786768999103,353
2588000,10352.000000273982,-834153.7894457672,163860.50114971586,-670293.2882960513,303.4597248669261,706.9481240097067,0.913786768999103,353
2589000,10356.000000274797,-831104.1533255968,162256.17838586064,-668847.9749397362,300.48861626478384,706.9481240097067,0.913786768999103,353
2590000,10360.000000275611,-833662.1063518105,162390.49912778917,-671271.6072240213,300.7373701444776,706.9481240097067,0.913786768999103,353
2591000,10364.000000276426,-832953.1345283585,162085.4752026837,-670867.6593256748,300.17248430718996,706.9481240097067,0.913786768999103,353
2592000,10368.000000277241,-831719.7909109946,161586.82287825993,-670132.9680327347,299.2490104003475,706.9481240097067,0.913786768999103,353
2593000,10372.000000278056,-832639.7672585743,161475.76747391454,-671163.9997846597,299.0433425169273,706.9481240097067,0.913786768999103,353
2594000,10376.000000278871,-831586.2967805173,163361.36681881425,-668224.929961703,302.5353583132766,706.9481240097067,0.913786768999103,353
2595000,10380.000000279686,-833884.7822006559,164070.4770556938,-669814.3051449622,303.8485875288224,706.9481240097067,0.913786768999103,353
2596000,10384.0000002805,-833100.1988511272,162905.654102159,-670194.5447489682,301.69140595963273,706.9481240097067,0.913786768999103,353
2597000,10388.000000281316,-832762.113268435,162378.46336808903,-670383.649900346,300.715080646389,706.9481240097067,0.913786768999103,353
2598000,10392.00000028213,-832558.3744995706,162118.36373120663,-670440.010768364,300.2333918703111,706.9481240097067,0.913786768999103,353
2599000,10396.000000282946,-830919.5415624725,163481.8249064897,-667437.7166559828,302.758439396805,706.9481240097067,0.913786768999103,353
2600000,10400.00000028376,-830739.0936078615,162919.4358056488,-667819.6578022128,301.71692883988675,706.9481240097067,0.913786768999103,353
2601000,10404.000000284575,-831269.5343053807,162354.60238799482,-668914.9319173859,300.67089155625666,706.9481240097067,0.913786768999103,353
2602000,10408.00000028539,-830987.9818434818,162378.53478254483,-668609.447060937,300.7152129016364,706.9481240097067,0.913786768999103,353
2603000,10412.000000286205,-832919.0860201158,162283.56408567156,-670635.5219344442,300.5393329223774,706.9481240097067,0.913786768999103,353
2604000,10416.00000028702,-832083.1440279894,162136.01735388755,-669947.1266741018,300.2660853104268,706.9481240097067,0.913786768999103,353
2605000,10420.000000287835,-831728.813029631,163888.45616572886,-667840.3568639022,303.5114958636485,706.9481240097067,0.913786768999103,353
2606000,10424.00000028865,-831894.1857490987,163297.82215540786,-668596.3635936908,302.41767744486253,706.9481240097067,0.913786768999103,353
2607000,10428.000000289465,-832149.8998302007,162145.29171892727,-670004.6081112735,300.28326087283216,706.9481240097067,0.913786768999103,353
2608000,10432.00000029028,-832322.5746576767,161291.01832810487,-671031.5563295719,298.7011982871499,706.9481240097067,0.913786768999103,353
2609000,10436.000000291095,-832095.3486221498,163062.3850035488,-669032.963618601,301.98166209750724,706.9481240097067,0.913786768999103,353
2610000,10440.00000029191,-831329.6393533945,161976.56648408822,-669353.0728693063,299.970791955777,706.9481240097067,0.913786768999103,353
2611000,10444.000000292725,-831420.1910042949,162910.80948000075,-668509.3815242941,301.70095340719007,706.9481240097067,0.913786768999103,353
2612000,10448.00000029354,-832300.803724342,162669.13366438064,-669631.6700599614,301.2533844323579,706.9481240097067,0.913786768999103,353
2613000,10452.000000294354,-831889.9688127106,161953.27379691775,-669936.6950157929,299.927655309724,706.9481240097067,0.913786768999103,353
2614000,10456.00000029517,-830568.4223022852,163154.2763256761,-667414.1459766091,302.1518392612212,706.9481240097067,0.913786768999103,353
2615000,10460.000000295984,-831852.8097628681,161699.59713452542,-670153.2126283427,299.4578614934314,706.9481240097067,0.913786768999103,353
2616000,10464.000000296799,-832681.0072881104,164070.6383925638,-668610.3688955466,303.8488863149352,706.9481240097067,0.913786768999103,353
2617000,10468.000000297614,-831141.0846294779,161261.21634297626,-669879.8682865016,298.64600681547637,706.9481240097067,0.913786768999103,353
2618000,10472.000000298429,-831956.5084136203,162889.11865382714,-669067.3897597932,301.6607833106958,706.9481240097067,0.913786768999103,353
2619000,10476.000000299244,-831984.8708256725,162445.75436559273,-669539.1164600798,300.83969949867634,706.9481240097067,0.913786768999103,353
2620000,10480.000000300059,-834048.1761975661,161897.5405075639,-672150.6356900022,299.82444063300454,706.9481240097067,0.913786768999103,353
2621000,10484.000000300874,-831430.1033663834,161841.34450135537,-669588.7588650279,299.7203690326921,706.9481240097067,0.913786768999103,353
2622000,10488.000000301688,-833591.0361483358,163283.77554791607,-670307.2606004197,302.3916639784391,706.9481240097067,0.913786768999103,353
2623000,10492.000000302503,-832742.8243888048,162860.7185314055,-669882.1058573993,301.6081880038599,706.9481240097067,0.913786768999103,353
2624000,10496.000000303318,-833633.6333305994,162282.059829536,-671351.5735010634,300.53654713111086,706.9481240097067,0.913786768999103,353
2625000,10500.000000304133,-833959.2103818897,163218.51716639474,-670740.693215495,302.2708094078576,706.9481240097067,0.913786768999103,353
2626000,10504.000000304948,-831706.9519394254,162647.9339015733,-669059.0180378521,301.21412375547953,706.9481240097067,0.913786768999103,353
2627000,10508.000000305763,-833225.2546477783,162657.08203787147,-670568.1726099069,301.2310655498999,706.9481240097067,0.913786768999103,353
2628000,10512.000000306578,-833267.62942666,163493.76117488125,-669773.8682517788,302.78054464301516,706.9481240097067,0.913786768999103,353
2629000,10516.000000307393,-833189.3576224623,163063.71097695024,-670125.6466455121,301.9841177199468,706.9481240097067,0.913786768999103,353
2630000,10520.000000308208,-834395.0517226513,162254.508193739,-672140.5435289124,300.48552317012013,706.9481240097067,0.913786768999103,353
2631000,10524.000000309023,-833041.9749692623,162456.087706808,-670585.8872624543,300.85883622082804,706.9481240097067,0.913786768999103,353
2632000,10528.000000309838,-831781.564659303,163581.65813991876,-668199.9065193844,302.94332449929396,706.9481240097067,0.913786768999103,353
2633000,10532.000000310652,-833792.9236299135,163672.12511427922,-670120.7985156343,303.1108638572011,706.9481240097067,0.913786768999103,353
2634000,10536.000000311467,-834586.2304250626,162898.5859259623,-671687.6444991003,301.67831612535963,706.9481240097067,0.913786768999103,353
2635000,10540.000000312282,-833366.0656263847,162856.94127968987,-670509.1243466948,301.6011927624299,706.9481240097067,0.913786768999103,353
2636000,10544.000000313097,-831365.9005359998,161991.00966042033,-669374.8908755794,299.9975398436767,706.9481240097067,0.913786768999103,353
2637000,10548.000000313912,-832064.0282897875,162017.23405418714,-670046.7942356004,300.0461058328043,706.9481240097067,0.913786768999103,353
2638000,10552.000000314727,-832423.5087757828,161864.64053598678,-670558.868239796,299.76351187804,706.9481240097067,0.913786768999103,353
2639000,10556.000000315542,-832820.2650660593,163247.86075838777,-669572.4043076716,302.32515196320395,706.9481240097067,0.913786768999103,353
2640000,10560.000000316357,-832464.7757371301,162026.9074822833,-670437.8682548468,300.06402043582324,706.9481240097067,0.913786768999103,353
2641000,10564.000000317172,-833127.7669864558,162260.21441858774,-670867.552567868,300.49609075297553,706.9481240097067,0.913786768999103,353
2642000,10568.000000317987,-831289.0668757875,162177.2139084819,-669111.8529673056,300.3423788347048,706.9481240097067,0.913786768999103,353
2643000,10572.000000318802,-831361.130094056,161908.9057032325,-669452.2243908235,299.84548828711553,706.9481240097067,0.913786768999103,353
2644000,10576.000000319616,-832321.7324918695,162667.3368547172,-669654.3956371523,301.25005684967454,706.9481240097067,0.913786768999103,353
2645000,10580.000000320431,-831341.8638602896,162632.63724508428,-668709.2266152053,301.1857952740153,706.9481240097067,0.913786768999103,353
2646000,10584.000000321246,-832787.623843981,162459.38475674955,-670328.2390872315,300.86494215765305,706.9481240097067,0.913786768999103,353
2647000,10588.000000322061,-829905.7108056201,161367.7838247856,-668537.9269808345,298.84336333814485,706.9481240097067,0.913786768999103,353
2648000,10592.000000322876,-830130.5590678882,162525.10039424902,-667605.4586736392,300.98664353861506,706.9481240097067,0.913786768999103,353
2649000,10596.000000323691,-830672.968556446,162927.3539335868,-667745.6146228593,301.7315927333124,706.9481240097067,0.913786768999103,353
2650000,10600.000000324506,-831019.9818921136,162688.10463643676,-668331.8772556768,301.28851752373873,706.9481240097067,0.913786768999103,353
2651000,10604.00000032532,-832401.265011752,162454.43805150193,-669946.82696025,300.855781159103,706.9481240097067,0.913786768999103,353
2652000,10608.000000326136,-831199.1099338494,162539.28116805496,-668659.8287657944,301.0129054729272,706.9481240097067,0.913786768999103,353
2653000,10612.00000032695,-831137.1535917269,162818.78484180468,-668318.3687499223,301.53052935019025,706.9481240097067,0.913786768999103,353
2654000,10616.000000327766,-831197.9074414745,162326.63893742382,-668871.2685040507,300.6191049392436,706.9481240097067,0.913786768999103,353
2655000,10620.00000032858,-831763.7734180633,163106.96246424082,-668656.8109538225,302.06421685513305,706.9481240097067,0.913786768999103,353
2656000,10624.000000329395,-832564.0360135464,162965.07817575434,-669598.9578377921,301.8014557452564,706.9481240097067,0.913786768999103,353
2657000,10628.00000033021,-833281.5855857003,161736.3652820869,-671545.2203036135,299.5259538760653,706.9481240097067,0.913786768999103,353
2658000,10632.000000331025,-832547.9093082864,163797.11163467576,-668750.7976736106,303.34233132389073,706.9481240097067,0.913786768999103,353
2659000,10636.00000033184,-832242.7108481713,162033.05619404523,-670209.654654126,300.07540747764523,706.9481240097067,0.913786768999103,353
2660000,10640.000000332655,-830765.9826116348,162363.85126447503,-668402.1313471597,300.68801991539334,706.9481240097067,0.913786768999103,353
2661000,10644.00000033347,-831603.3218003875,161672.70780131282,-669930.6139990747,299.40806407671846,706.9481240097067,0.913786768999103,353
2662000,10648.000000334285,-830977.5073758392,163292.0512212759,-667685.4561545632,302.40699002433337,706.9481240097067,0.913786768999103,353
2663000,10652.0000003351,-831914.3851198591,163422.00818352553,-668492.3769363336,302.6476624483288,706.9481240097067,0.913786768999103,353
2664000,10656.000000335915,-832463.527385233,161925.34453808155,-670538.1828471514,299.8759320137331,706.9481240097067,0.913786768999103,353
2665000,10660.00000033673,-832177.9105319697,162527.82167354168,-669650.0888584281,300.9916831830665,706.9481240097067,0.913786768999103,353
2666000,10664.000000337544,-833583.6454902962,162050.01325564232,-671533.6322346539,300.10681092881674,706.9481240097067,0.913786768999103,353
2667000,10668.00000033836,-832599.210763718,162887.22086275675,-669711.9899009613,301.65726871656216,706.9481240097067,0.913786768999103,353
2668000,10672.000000339174,-832964.6965657929,161529.30270990683,-671435.3938558861,299.1424865319334,706.9481240097067,0.913786768999103,353
2669000,10676.00000033999,-830846.2277852083,163444.07085960425,-667402.156925604,302.6885211883284,706.9481240097067,0.913786768999103,353
2670000,10680.000000340804,-832247.8622842273,162413.05807696423,-669834.804207263,300.77914795219766,706.9481240097067,0.913786768999103,353
2671000,10684.000000341619,-831999.0399355441,161817.16593038768,-670181.8740051565,299.675591783495,706.9481240097067,0.913786768999103,353
2672000,10688.000000342434,-832483.3389048465,162017.62214760704,-670465.7167572394,300.04682455831534,706.9481240097067,0.913786768999103,353
2673000,10692.000000343249,-832962.1500755884,162203.72853143024,-670758.4215441581,300.39148231070044,706.9481240097067,0.913786768999103,353
2674000,10696.000000344064,-830456.3458641404,162754.97976992943,-667701.366094211,301.412366221062,706.9481240097067,0.913786768999103,353
2675000,10700.000000344879,-832504.5556461504,163732.63580256383,-668771.9198435865,303.2229259874248,706.9481240097067,0.913786768999103,353
2676000,10704.000000345693,-832503.2856076835,161619.12781488115,-670884.1577928023,299.30883718660857,706.9481240097067,0.913786768999103,353
2677000,10708.000000346508,-832793.7595388256,162648.59561580943,-670145.1639230162,301.21534921017195,706.9481240097067,0.913786768999103,353
2678000,10712.000000347323,-831675.7951620314,163091.85321660672,-668583.9419454248,302.0362354435188,706.9481240097067,0.913786768999103,353
2679000,10716.000000348138,-831270.9596916279,163045.9474840623,-668225.0122075656,301.9512208068614,706.9481240097067,0.913786768999103,353
2680000,10720.000000348953,-831853.2650053157,162867.50226868282,-668985.7627366328,301.6207510744797,706.9481240097067,0.913786768999103,353
2681000,10724.000000349768,-833938.3956812844,162194.7474928042,-671743.6481884802,300.3748499710496,706.9481240097067,0.913786768999103,353
2682000,10728.000000350583,-830952.0168156745,161012.97290077677,-669939.0439148977,298.18627499394944,706.9481240097067,0.913786768999103,353
2683000,10732.000000351398,-832407.7912066365,162597.38473156048,-669810.406475076,301.1205097538335,706.9481240097067,0.913786768999103,353
2684000,10736.000000352213,-832952.3061647741,164215.33716677778,-668736.9689979963,304.1168596819362,706.9481240097067,0.913786768999103,353
2685000,10740.000000353028,-832439.2133755982,163287.624418321,-669151.5889572771,302.39879185334456,706.9481240097067,0.913786768999103,353
2686000,10744.000000353843,-833269.1257030154,161844.51881729945,-671424.6068857159,299.7262476735864,706.9481240097067,0.913786768999103,353
2687000,10748.000000354657,-833056.2087065475,161934.61682104753,-671121.5918855,299.89310372026404,706.9481240097067,0.913786768999103,353
2688000,10752.000000355472,-830517.7044557538,162822.17697160097,-667695.5274841528,301.53681136914827,706.9481240097067,0.913786768999103,353
2689000,10756.000000356287,-831514.900138719,161832.657091439,-669682.24304728,299.7042804756296,706.9481240097067,0.913786768999103,353
2690000,10760.000000357102,-833579.9442395912,163204.80235266895,-670375.1418869223,302.24541040339574,706.9481240097067,0.913786768999103,353
2691000,10764.000000357917,-832432.916227513,162249.2401699017,-670183.6760576114,300.47576710900074,706.9481240097067,0.913786768999103,353
2692000,10768.000000358732,-832084.386466465,162896.80711907818,-669187.5793473867,301.67502188273335,706.9481240097067,0.913786768999103,353
2693000,10772.000000359547,-832786.601490587,162410.0964865185,-670376.5050040685,300.7736632660438,706.9481240097067,0.913786768999103,353
2694000,10776.000000360362,-834326.5695293639,162352.48245089827,-671974.0870784656,300.66696556113556,706.9481240097067,0.913786768999103,353
2695000,10780.000000361177,-834124.7493714243,163418.96635839576,-670705.7830130286,302.64202917239896,706.9481240097067,0.913786768999103,353
2696000,10784.000000361992,-831759.0923310844,163549.44970038565,-668209.6426306987,302.8836764197963,706.9481240097067,0.913786768999103,353
2697000,10788.000000362807,-833563.554459013,162755.22654603,-670808.327912983,301.4128232354557,706.9481240097067,0.913786768999103,353
2698000,10792.000000363621,-831931.7331873216,162998.3679849404,-668933.3652023812,301.8631064558645,706.9481240097067,0.913786768999103,353
2699000,10796.000000364436,-830484.1050467975,161147.4491530414,-669336.6558937561,298.4353168693681,706.9481240097067,0.913786768999103,353
2700000,10800.000000365251,-832113.5621243939,162151.03838626939,-669962.5237381245,300.2939033527361,706.9481240097067,0.913786768999103,353
2701000,10804.000000366066,-832080.4784718547,161726.6938774407,-670353.784594414,299.5080430203532,706.9481240097067,0.913786768999103,353
2702000,10808.000000366881,-831591.5568351336,163053.41883842737,-668538.1379967062,301.9650573026862,706.9481240097067,0.913786768999103,353
2703000,10812.000000367696,-833115.4758887189,161842.5418879413,-671272.9340007775,299.7225865201365,706.9481240097067,0.913786768999103,353
2704000,10816.00000036851,-832944.9694862198,162896.48368459614,-670048.4858016237,301.67442290165957,706.9481240097067,0.913786768999103,353
2705000,10820.000000369326,-832558.6359841553,163218.3421689277,-669340.2938152277,302.2704853231463,706.9481240097067,0.913786768999103,353
2706000,10824.00000037014,-834265.5270493692,161870.97426094924,-672394.5527884199,299.7752415531051,706.9481240097067,0.913786768999103,353
2707000,10828.000000370956,-832274.08158076,162595.75938044558,-669678.3222003144,301.1174997019987,706.9481240097067,0.913786768999103,353
2708000,10832.00000037177,-831828.5527406847,161931.02564934175,-669897.527091343,299.8864530877434,706.9481240097067,0.913786768999103,353
2709000,10836.000000372585,-833183.3065856025,162484.87354830687,-670698.4330372956,300.91214585603615,706.9481240097067,0.913786768999103,353
2710000,10840.0000003734,-833797.1165536968,161819.7154454915,-671977.4011082053,299.6803133310707,706.9481240097067,0.913786768999103,353
2711000,10844.000000374215,-831658.3462895444,163004.55150472408,-668653.7947848203,301.8745579600348,706.9481240097067,0.913786768999103,353
2712000,10848.00000037503,-832652.3211862203,163378.8035441622,-669273.5176420581,302.56765007266665,706.9481240097067,0.913786768999103,353
2713000,10852.000000375845,-831783.1335924035,163237.44113540283,-668545.6924570007,302.30585545243997,706.9481240097067,0.913786768999103,353
2714000,10856.00000037666,-832193.6796932127,162638.07690936362,-669555.6027838491,301.1958692028389,706.9481240097067,0.913786768999103,353
2715000,10860.000000377475,-832124.8193376493,163067.04340485012,-669057.7759327991,301.99028917460817,706.9481240097067,0.913786768999103,353
2716000,10864.00000037829,-834123.2528652148,162926.47405578327,-671196.7788094316,301.72996325290495,706.9481240097067,0.913786768999103,353
2717000,10868.000000379105,-832776.7812463064,163890.1342486529,-668886.6469976534,303.51460357160045,706.9481240097067,0.913786768999103,353
2718000,10872.00000037992,-833234.3019505143,162605.09839425876,-670629.2035562556,301.13479499001744,706.9481240097067,0.913786768999103,353
2719000,10876.000000380734,-832554.4068117961,162711.64379045053,-669842.7630213456,301.3321106114597,706.9481240097067,0.913786768999103,353
2720000,10880.00000038155,-832765.1289154822,163425.1066602104,-669340.0222552718,302.65340063950794,706.9481240097067,0.913786768999103,353
2721000,10884.000000382364,-832663.4053930929,162694.71634688127,-669968.6890462117,301.30076201108204,706.9481240097067,0.913786768999103,353
2722000,10888.00000038318,-831026.4797997624,162406.60602803202,-668619.8737717303,300.76719914830625,706.9481240097067,0.913786768999103,353
2723000,10892.000000383994,-830833.2820719397,162109.0850701478,-668724.1970017919,300.2162083519385,706.9481240097067,0.913786768999103,353
2724000,10896.000000384809,-832443.9829536295,162612.9821675491,-669831.0007860804,301.1493952607161,706.9481240097067,0.913786768999103,353
2725000,10900.000000385624,-833710.0626293039,161834.3893712403,-671875.6732580636,299.7074885529161,706.9481240097067,0.913786768999103,353
2726000,10904.000000386439,-832959.8964071525,162985.30868353116,-669974.5877236214,301.83892142051553,706.9481240097067,0.913786768999103,353
2727000,10908.000000387254,-831563.0601751143,162475.4903129742,-669087.5698621401,300.8947686724414,706.9481240097067,0.913786768999103,353
2728000,10912.000000388069,-832300.4562651459,162983.40902389554,-669317.0472412504,301.83540336591227,706.9481240097067,0.913786768999103,353
2729000,10916.000000388884,-833255.7205746295,162693.3713269343,-670562.3492476952,301.2982711155936,706.9481240097067,0.913786768999103,353
2730000,10920.000000389698,-833124.6567438133,163507.76327537035,-669616.893468443,302.8064756851649,706.9481240097067,0.913786768999103,353
2731000,10924.000000390513,-832973.0118741188,163552.30709839694,-669420.7047757219,302.8889681478714,706.9481240097067,0.913786768999103,353
2732000,10928.000000391328,-832640.5821905732,161878.55615531316,-670762.0260352601,299.7892827623135,706.9481240097067,0.913786768999103,353
2733000,10932.000000392143,-833078.5080847377,162673.24462297815,-670405.2634617595,301.26099767872404,706.9481240097067,0.913786768999103,353
2734000,10936.000000392958,-831373.6572149852,161536.878412614,-669836.7788023712,299.15651627456856,706.9481240097067,0.913786768999103,353
2735000,10940.000000393773,-833090.3248277651,162384.03473191528,-670706.2900958499,300.7253984747978,706.9481240097067,0.913786768999103,353
2736000,10944.000000394588,-831734.6213447107,162908.594557187,-668826.0267875236,301.69685150427296,706.9481240097067,0.913786768999103,353
2737000,10948.000000395403,-834360.309438115,163221.2636572558,-671139.0457808592,302.275895742607,706.9481240097067,0.913786768999103,353
2738000,10952.000000396218,-833418.1089990791,161564.30644290353,-671853.8025561755,299.2073113256449,706.9481240097067,0.913786768999103,353
2739000,10956.000000397033,-833062.153799287,162701.31889054668,-670360.8349087404,301.31298952210557,706.9481240097067,0.913786768999103,353
2740000,10960.000000397848,-831017.0365146911,162046.40007153738,-668970.6364431537,300.100119530666,706.9481240097067,0.913786768999103,353
2741000,10964.000000398662,-833414.4924697792,162478.68199170637,-670935.8104780728,300.90067946816777,706.9481240097067,0.913786768999103,353
2742000,10968.000000399477,-831383.8469061032,163218.6923212218,-668165.1545848814,302.27113378399014,706.9481240097067,0.913786768999103,353
2743000,10972.000000400292,-834143.9822902139,162569.56856315472,-671574.4137270593,301.06899589447124,706.9481240097067,0.913786768999103,353
2744000,10976.000000401107,-834744.2476428775,162953.08554601256,-671791.162096865,301.77924612123877,706.9481240097067,0.913786768999103,353
2745000,10980.000000401922,-833985.6068938561,161750.076237252,-672235.5306566041,299.55134573470656,706.9481240097067,0.913786768999103,353
2746000,10984.000000402737,-832713.8228674643,163004.79069059063,-669709.0321768736,301.87500091777474,706.9481240097067,0.913786768999103,353
2747000,10988.000000403552,-832366.9713917375,160936.90514664474,-671430.0662450928,298.04540211989996,706.9481240097067,0.913786768999103,353
2748000,10992.000000404367,-830714.6530472673,162349.75754695863,-668364.8955003087,300.66191920405737,706.9481240097067,0.913786768999103,353
2749000,10996.000000405182,-832202.6275457395,163379.17395193057,-668823.4535938089,302.5683360454221,706.9481240097067,0.913786768999103,353
2750000,11000.000000405997,-831104.1070912536,162557.9542213097,-668546.152869944,301.0474868367296,706.9481240097067,0.913786768999103,353
2751000,11004.000000406812,-832860.8428589022,163246.11849816004,-669614.7243607421,302.32192540277214,706.9481240097067,0.913786768999103,353
2752000,11008.000000407626,-830804.9813274853,162591.51237148792,-668213.4689559974,301.10963449860463,706.9481240097067,0.913786768999103,353
2753000,11012.000000408441,-831460.8993859738,162465.96981667815,-668994.9295692956,300.8771372898548,706.9481240097067,0.913786768999103,353
2754000,11016.000000409256,-832710.8823376512,162539.10987543385,-670171.7724622174,301.0125882493662,706.9481240097067,0.913786768999103,353
2755000,11020.000000410071,-831814.334121176,163622.10352415236,-668192.2305970236,303.0182269015541,706.9481240097067,0.913786768999103,353
2756000,11024.000000410886,-833362.7506533321,162601.87318028597,-670760.8774730461,301.1288220890562,706.9481240097067,0.913786768999103,353
2757000,11028.000000411701,-831871.5441951258,161789.7064475761,-670081.8377475496,299.6247384842526,706.9481240097067,0.913786768999103,353
2758000,11032.000000412516,-832068.3337708646,163208.94726854307,-668859.3865023216,302.2530865365818,706.9481240097067,0.913786768999103,353
2759000,11036.00000041333,-831279.4660964962,163525.55533167755,-667753.9107648187,302.83942549597293,706.9481240097067,0.913786768999103,353
2760000,11040.000000414146,-833435.9522414198,162325.68123793777,-671110.271003482,300.61733133779296,706.9481240097067,0.913786768999103,353
2761000,11044.00000041496,-832250.2062687641,162165.9677181348,-670084.2385506292,300.3215515712423,706.9481240097067,0.913786768999103,353
2762000,11048.000000415776,-831696.7086975444,163136.81012561737,-668559.8985719271,302.1194929164517,706.9481240097067,0.913786768999103,353
2763000,11052.00000041659,-831892.6306493366,162593.42051279038,-669299.2101365463,301.1131682607413,706.9481240097067,0.913786768999103,353
2764000,11056.000000417405,-833161.6530950926,162255.34868058458,-670906.304414508,300.48707970085894,706.9481240097067,0.913786768999103,353
2765000,11060.00000041822,-833307.5002023,163186.65198737214,-670120.8482149278,302.2117970260378,706.9481240097067,0.913786768999103,353
2766000,11064.000000419035,-833926.6385130603,163092.91736691335,-670833.721146147,302.03820618544256,706.9481240097067,0.913786768999103,353
2767000,11068.00000041985,-832722.8295546342,161620.30446446763,-671102.5250901666,299.3110162703858,706.9481240097067,0.913786768999103,353
2768000,11072.000000420665,-833383.0166581273,163219.9341093098,-670163.0825488175,302.27343350032737,706.9481240097067,0.913786768999103,353
2769000,11076.00000042148,-833396.3822439406,162583.75929481073,-670812.6229491299,301.0952762701187,706.9481240097067,0.913786768999103,353
2770000,11080.000000422295,-833266.1406033793,161651.33565865178,-671614.8049447276,299.3684841627902,706.9481240097067,0.913786768999103,353
2771000,11084.00000042311,-833631.2267652042,163069.09269454674,-670562.1340706574,301.99408433502293,706.9481240097067,0.913786768999103,353
2772000,11088.000000423925,-831876.726189726,162238.03617423834,-669638.6900154877,300.45501798753736,706.9481240097067,0.913786768999103,353
2773000,11092.00000042474,-832683.6423208071,161611.5500446651,-671072.092276142,299.2948036150723,706.9481240097067,0.913786768999103,353
2774000,11096.000000425554,-831648.1914970186,162014.1480557741,-669634.0434412444,300.04039075062894,706.9481240097067,0.913786768999103,353
2775000,11100.00000042637,-832832.9587864447,162692.0983586763,-670140.8604277684,301.2959136554697,706.9481240097067,0.913786768999103,353
2776000,11104.000000427184,-832971.9637473887,162320.52340725483,-670651.4403401338,300.6077793477223,706.9481240097067,0.913786768999103,353
2777000,11108.000000428,-831720.5386828529,161745.46432712278,-669975.0743557301,299.5428047564408,706.9481240097067,0.913786768999103,353
2778000,11112.000000428814,-832356.7627788316,163293.7021391717,-669063.0606396599,302.4100474242981,706.9481240097067,0.913786768999103,353
2779000,11116.000000429629,-831990.6043064864,162814.1413251463,-669176.4629813401,301.52192983854667,706.9481240097067,0.913786768999103,353
2780000,11120.000000430444,-831840.7737139929,161562.42871383607,-670278.3450001569,299.2038338851258,706.9481240097067,0.913786768999103,353
2781000,11124.000000431259,-833341.3030671859,163224.24316112767,-670117.0599060582,302.28141360334126,706.9481240097067,0.913786768999103,353
2782000,11128.000000432074,-832515.2774294093,163610.94358373003,-668904.3338456793,302.9975593677291,706.9481240097067,0.913786768999103,353
2783000,11132.000000432889,-832137.3366060993,161467.61181567993,-670669.7247904193,299.028238731777,706.9481240097067,0.913786768999103,353
2784000,11136.000000433703,-833397.5354662137,162498.43249232543,-670899.1029738883,300.9372561992396,706.9481240097067,0.913786768999103,353
2785000,11140.000000434518,-833196.6450874014,163384.91762940912,-669811.7274579923,302.5789729882798,706.9481240097067,0.913786768999103,353
2786000,11144.000000435333,-832629.7523661116,163835.1960392338,-668794.5563268778,303.41286133477075,706.9481240097067,0.913786768999103,353
2787000,11148.000000436148,-832021.0514806313,162980.2824658503,-669040.7690147811,301.82961316975434,706.9481240097067,0.913786768999103,353
2788000,11152.000000436963,-831873.1786559364,162344.83810183321,-669528.3405541031,300.6528086896028,706.9481240097067,0.913786768999103,353
2789000,11156.000000437778,-832653.5852599414,162616.18666416896,-670037.3985957725,301.1553297943943,706.9481240097067,0.913786768999103,353
2790000,11160.000000438593,-832599.2424981333,162214.86952502327,-670384.3729731101,300.412114756145,706.9481240097067,0.913786768999103,353
2791000,11164.000000439408,-830776.74662349,162086.93753820553,-668689.8090852845,300.1751924640185,706.9481240097067,0.913786768999103,353
2792000,11168.000000440223,-832630.0421088301,162735.3062266698,-669894.7358821603,301.3759320103594,706.9481240097067,0.913786768999103,353
2793000,11172.000000441038,-832383.7019351199,162630.2074194311,-669753.4945156889,301.1812953840539,706.9481240097067,0.913786768999103,353
2794000,11176.000000441853,-831414.5679628802,162688.23912387714,-668726.3288390031,301.28876658633385,706.9481240097067,0.913786768999103,353
2795000,11180.000000442667,-831353.4308204185,162100.93927235383,-669252.4915480646,300.2011228277272,706.9481240097067,0.913786768999103,353
2796000,11184.000000443482,-832788.5517028393,162770.5809228071,-670017.9707800322,301.4412586113979,706.9481240097067,0.913786768999103,353
2797000,11188.000000444297,-834304.3995239697,162483.40216233753,-671820.9973616322,300.9094209383269,706.9481240097067,0.913786768999103,353
2798000,11192.000000445112,-834062.3104936918,162428.3871065744,-671633.9233871175,300.80753638672184,706.9481240097067,0.913786768999103,353
2799000,11196.000000445927,-830754.6266536294,162683.05757622072,-668071.5690774086,301.2791706738646,706.9481240097067,0.913786768999103,353
2800000,11200.000000446742,-831361.1921136463,162423.0905079837,-668938.1016056626,300.79772740688963,706.9481240097067,0.913786768999103,353
2801000,11204.000000447557,-832488.7229423672,163127.13350249885,-669361.5894398683,302.10157239644485,706.9481240097067,0.913786768999103,353
2802000,11208.000000448372,-833035.4480285272,162416.68510234653,-670618.7629261806,300.78586498355594,706.9481240097067,0.913786768999103,353
2803000,11212.000000449187,-832765.3164946353,162973.72100883035,-669791.595485805,301.81746174871006,706.9481240097067,0.913786768999103,353
2804000,11216.000000450002,-832692.1207606439,162280.21023411333,-670411.9105265306,300.5331217923981,706.9481240097067,0.913786768999103,353
2805000,11220.000000450817,-832873.1044820603,162972.88608363067,-669900.2183984297,301.8159155178027,706.9481240097067,0.913786768999103,353
2806000,11224.000000451631,-832322.2870387938,162525.70303838752,-669796.5840004063,300.98775959906385,706.9481240097067,0.913786768999103,353
2807000,11228.000000452446,-831578.7174815666,164237.62895877892,-667341.0885227877,304.15814273074903,706.9481240097067,0.913786768999103,353
2808000,11232.000000453261,-832119.5386587419,163230.27239986946,-668889.2662588723,302.2925793883652,706.9481240097067,0.913786768999103,353
2809000,11236.000000454076,-831530.3448321763,163559.14125309838,-667971.203579078,302.9016245885075,706.9481240097067,0.913786768999103,353
2810000,11240.000000454891,-830954.6086308407,162444.0114588407,-668510.597172,300.8364717409206,706.9481240097067,0.913786768999103,353
2811000,11244.000000455706,-833830.2427850012,162947.28990356857,-670882.9528814326,301.7685129424121,706.9481240097067,0.913786768999103,353
2812000,11248.00000045652,-832500.9794195825,162389.1622375215,-670111.817182061,300.7348943046629,706.9481240097067,0.913786768999103,353
2813000,11252.000000457336,-833548.1526044002,162382.1113870154,-671166.0412173847,300.7218365565196,706.9481240097067,0.913786768999103,353
2814000,11256.00000045815,-833605.8294602633,162202.69978876453,-671403.1296714987,300.38957714158346,706.9481240097067,0.913786768999103,353
2815000,11260.000000458966,-834565.6253708061,163193.18545730843,-671372.4399134977,302.223896616698,706.9481240097067,0.913786768999103,353
2816000,11264.00000045978,-832720.3203197569,163545.53369857912,-669174.7866211778,302.87642422160053,706.9481240097067,0.913786768999103,353
2817000,11268.000000460595,-833181.9396196883,162474.22132335347,-670707.7182963348,300.89241858051275,706.9481240097067,0.913786768999103,353
2818000,11272.00000046141,-832867.0996160079,163051.1964952161,-669815.9031207918,301.9609416576423,706.9481240097067,0.913786768999103,353
2819000,11276.000000462225,-831857.7982731434,162000.71145988477,-669857.0868132586,300.01550698875155,706.9481240097067,0.913786768999103,353
2820000,11280.00000046304,-831301.3583164066,162930.8443656864,-668370.5139507202,301.73805680218305,706.9481240097067,0.913786768999103,353
2821000,11284.000000463855,-831984.9807204567,162905.0991772071,-669079.8815432496,301.6903782722277,706.9481240097067,0.913786768999103,353
2822000,11288.00000046467,-832936.4652049867,161955.961319456,-670980.5038855308,299.9326324387105,706.9481240097067,0.913786768999103,353
2823000,11292.000000465485,-832674.3267616276,162432.57063534402,-670241.7561262836,300.815284028652,706.9481240097067,0.913786768999103,353
2824000,11296.0000004663,-832846.1389829321,162720.55734679603,-670125.581636136,301.34861797801364,706.9481240097067,0.913786768999103,353
2825000,11300.000000467115,-831562.3097771611,161436.44077083468,-670125.8690063264,298.97051184441744,706.9481240097067,0.913786768999103,353
2826000,11304.00000046793,-832197.1740834033,163106.17066166148,-669091.0034217418,302.0627504847071,706.9481240097067,0.913786768999103,353
2827000,11308.000000468744,-831347.5647571525,162477.98327002267,-668869.5814871298,300.8993854779236,706.9481240097067,0.913786768999103,353
2828000,11312.00000046956,-834033.2834871514,162892.22793255435,-671141.055554597,301.66654150660315,706.9481240097067,0.913786768999103,353
2829000,11316.000000470374,-832587.1820130898,162976.2656736895,-669610.9163394002,301.82217431392627,706.9481240097067,0.913786768999103,353
2830000,11320.00000047119,-831847.9801403675,162416.66472585505,-669431.3154145125,300.7858272475277,706.9481240097067,0.913786768999103,353
2831000,11324.000000472004,-830929.9716158481,161855.01270771225,-669074.9589081359,299.7456817231292,706.9481240097067,0.913786768999103,353
2832000,11328.000000472819,-832343.4093465935,162943.2996622259,-669400.1096843677,301.7611232570913,706.9481240097067,0.913786768999103,353
2833000,11332.000000473634,-833632.3022497566,161972.80132101686,-671659.5009287398,299.9638191017841,706.9481240097067,0.913786768999103,353
2834000,11336.000000474449,-833602.3437618949,162430.0336951082,-671172.3100667866,300.8105857689703,706.9481240097067,0.913786768999103,353
2835000,11340.000000475264,-833355.3634161558,162738.10694778667,-670617.2564683692,301.38111877625835,706.9481240097067,0.913786768999103,353
2836000,11344.000000476079,-831885.3534652079,163749.05164125175,-668136.3018239561,303.2533271265446,706.9481240097067,0.913786768999103,353
2837000,11348.000000476894,-831851.9442483457,162159.6159084991,-669692.3283398466,300.30978840445755,706.9481240097067,0.913786768999103,353
2838000,11352.000000477708,-833055.405415955,162511.73568717734,-670543.6697287776,300.9618929104744,706.9481240097067,0.913786768999103,353
2839000,11356.000000478523,-832184.951049054,162857.21303375124,-669327.7380153028,301.6016960344944,706.9481240097067,0.913786768999103,353
2840000,11360.000000479338,-831924.88877388,162900.98851072526,-669023.9002631546,301.68276556684197,706.9481240097067,0.913786768999103,353
2841000,11364.000000480153,-830870.2183952881,162415.40079156443,-668454.8176037236,300.78348651776435,706.9481240097067,0.913786768999103,353
2842000,11368.000000480968,-833696.816570296,163263.32383663935,-670433.4927336567,302.35378864769416,706.9481240097067,0.913786768999103,353
2843000,11372.000000481783,-833204.7773604896,163133.6542692421,-670071.1230912475,302.11364846156084,706.9481240097067,0.913786768999103,353
2844000,11376.000000482598,-832288.4822388683,163003.51121184498,-669284.9710270233,301.87263140062197,706.9481240097067,0.913786768999103,353
2845000,11380.000000483413,-832540.0505163586,162845.56723216007,-669694.4832841984,301.58012871520805,706.9481240097067,0.913786768999103,353
2846000,11384.000000484228,-831260.046773891,163108.24575824005,-668151.8010156509,302.0665934379044,706.9481240097067,0.913786768999103,353
2847000,11388.000000485043,-831891.87425452,163597.80406629585,-668294.0701882242,302.97322577715977,706.9481240097067,0.913786768999103,353
2848000,11392.000000485858,-832207.9953735741,162972.89987620278,-669235.0954973713,301.8159410608109,706.9481240097067,0.913786768999103,353
2849000,11396.000000486672,-830535.4507701648,162110.39140466886,-668425.059365496,300.21862760436096,706.9481240097067,0.913786768999103,353
2850000,11400.000000487487,-832262.4263915941,162398.25004931135,-669864.1763422828,300.751724381747,706.9481240097067,0.913786768999103,353
2851000,11404.000000488302,-831078.695417136,163222.56471455307,-667856.1307025829,302.2783052219305,706.9481240097067,0.913786768999103,353
2852000,11408.000000489117,-833752.4514681417,161720.85417515947,-672031.5972929823,299.4972282453761,706.9481240097067,0.913786768999103,353
2853000,11412.000000489932,-831200.6408347283,162484.9705207649,-668715.6703139633,300.91232544315585,706.9481240097067,0.913786768999103,353
2854000,11416.000000490747,-832190.6180698425,161454.60908621293,-670736.0089836295,299.00415846423914,706.9481240097067,0.913786768999103,353
2855000,11420.000000491562,-832033.9873948498,162432.64891808794,-669601.3384767618,300.81542900355294,706.9481240097067,0.913786768999103,353
2856000,11424.000000492377,-832135.550607401,162570.20608134317,-669565.3445260578,301.07017653954864,706.9481240097067,0.913786768999103,353
2857000,11428.000000493192,-832183.5465753684,162304.65805284143,-669878.888522527,300.578397672142,706.9481240097067,0.913786768999103,353
2858000,11432.000000494007,-832388.2019520989,163278.55667753238,-669109.6452745665,302.3819989465392,706.9481240097067,0.913786768999103,353
2859000,11436.000000494822,-831470.3144101547,162264.79067725144,-669205.5237329033,300.5045657068861,706.9481240097067,0.913786768999103,353
2860000,11440.000000495636,-832020.2756609991,162573.7688126074,-669446.5068483917,301.0767745020938,706.9481240097067,0.913786768999103,353
2861000,11444.000000496451,-833403.5857512159,161545.80393557157,-671857.7818156444,299.17304580256337,706.9481240097067,0.913786768999103,353
2862000,11448.000000497266,-831036.4474652745,162354.2216857546,-668682.2257795199,300.6701865187628,706.9481240097067,0.913786768999103,353
2863000,11452.000000498081,-832818.8567092298,161933.95036905003,-670884.9063401797,299.89186949152446,706.9481240097067,0.913786768999103,353
2864000,11456.000000498896,-831764.2547104321,162208.7954279912,-669555.459282441,300.40086589628413,706.9481240097067,0.913786768999103,353
2865000,11460.000000499711,-833607.3064389201,162108.5954040166,-671498.7110349035,300.2153015199174,706.9481240097067,0.913786768999103,353
2866000,11464.000000500526,-833310.6216688342,163270.76559698285,-670039.8560718514,302.36757033718317,706.9481240097067,0.913786768999103,353
2867000,11468.00000050134,-833060.2819713438,163073.48728416045,-669986.7946871833,302.0022228488547,706.9481240097067,0.913786768999103,353
2868000,11472.000000502156,-832522.6126539651,162376.92580236134,-670145.6868516038,300.71223316777514,706.9481240097067,0.913786768999103,353
2869000,11476.00000050297,-833861.1402014764,162499.71172872442,-671361.428472752,300.93962526758094,706.9481240097067,0.913786768999103,353
2870000,11480.000000503785,-833302.8125562975,162707.42487384,-670595.3876824575,301.3242974333912,706.9481240097067,0.913786768999103,353
2871000,11484.0000005046,-833225.1368942335,162237.24568415538,-670987.8912100781,300.4535540477752,706.9481240097067,0.913786768999103,353
2872000,11488.000000505415,-832628.0989431441,161523.89834068087,-671104.2006024632,299.13247796741126,706.9481240097067,0.913786768999103,353
2873000,11492.00000050623,-833108.7470362457,162583.7176379091,-670525.0293983365,301.0951991240596,706.9481240097067,0.913786768999103,353
2874000,11496.000000507045,-833514.8063275721,161962.99913185806,-671551.807195714,299.9456660410748,706.9481240097067,0.913786768999103,353
2875000,11500.00000050786,-833641.1412276626,162487.19727936876,-671153.9439482938,300.9164492652394,706.9481240097067,0.913786768999103,353
2876000,11504.000000508675,-831875.7042891141,162522.90578861325,-669352.7985005009,300.98257926188114,706.9481240097067,0.913786768999103,353
2877000,11508.00000050949,-832775.7346438896,160908.88715694429,-671866.8474869453,297.993514499722,706.9481240097067,0.913786768999103,353
2878000,11512.000000510305,-833589.5728976624,163756.4629546469,-669833.1099430155,303.2670524301292,706.9481240097067,0.913786768999103,353
2879000,11516.00000051112,-833669.4795369841,163735.73623972695,-669933.7432972572,303.22866780929087,706.9481240097067,0.913786768999103,353
2880000,11520.000000511935,-833218.3740971172,163659.75405562157,-669558.6200414957,303.0879534057487,706.9481240097067,0.913786768999103,353
2881000,11524.00000051275,-834386.6792976381,162151.6836547245,-672234.9956429136,300.29509835083803,706.9481240097067,0.913786768999103,353
2882000,11528.000000513564,-833355.5115953302,162662.03671732824,-670693.474878002,301.2402413162023,706.9481240097067,0.913786768999103,353
2883000,11532.00000051438,-832693.3379161209,163030.82566518552,-669662.5122509354,301.92321611406703,706.9481240097067,0.913786768999103,353
2884000,11536.000000515194,-833197.4822024051,161283.69001672778,-671913.7921856773,298.68762669827623,706.9481240097067,0.913786768999103,353
2885000,11540.00000051601,-834309.1530727549,161962.3815732519,-672346.7714995029,299.94452235993515,706.9481240097067,0.913786768999103,353
2886000,11544.000000516824,-833150.6193109956,161840.53667111008,-671310.0826398855,299.71887297999933,706.9481240097067,0.913786768999103,353
2887000,11548.000000517639,-830728.8641355848,162549.90202261013,-668178.9621129746,301.03257465237283,706.9481240097067,0.913786768999103,353
2888000,11552.000000518454,-831426.9207425285,161859.1927924211,-669567.7279501074,299.75342298686735,706.9481240097067,0.913786768999103,353
2889000,11556.000000519269,-832817.4384846352,163370.4386844764,-669446.9998001588,302.55215885909786,706.9481240097067,0.913786768999103,353
2890000,11560.000000520084,-832050.9896316361,162806.47083670017,-669244.5187949359,301.5077245584631,706.9481240097067,0.913786768999103,353
2891000,11564.000000520899,-833374.5959531916,161758.46696648665,-671616.128986705,299.5668848571131,706.9481240097067,0.913786768999103,353
2892000,11568.000000521713,-831699.282298049,161169.66151501331,-670529.6207830356,298.476452818577,706.9481240097067,0.913786768999103,353
2893000,11572.000000522528,-832179.1717146384,162695.00288725656,-669484.1688273818,301.3012926665044,706.9481240097067,0.913786768999103,353
2894000,11576.000000523343,-831589.8100210251,162239.58050339905,-669350.2295176261,300.4578779916197,706.9481240097067,0.913786768999103,353
2895000,11580.000000524158,-834302.8753424408,163179.3286880491,-671123.5466543917,302.19823471918477,706.9481240097067,0.913786768999103,353
2896000,11584.000000524973,-833173.1494849836,162894.88765126962,-670278.2618337141,301.67146714459335,706.9481240097067,0.913786768999103,353
2897000,11588.000000525788,-832884.3853379479,162571.99804492667,-670312.3872930212,301.0734951475854,706.9481240097067,0.913786768999103,353
2898000,11592.000000526603,-831896.8216164373,162398.87902964058,-669497.9425867967,300.7528892152262,706.9481240097067,0.913786768999103,353
2899000,11596.000000527418,-831749.7792045139,162270.3508894612,-669479.4283150526,300.51486288317653,706.9481240097067,0.913786768999103,353
2900000,11600.000000528233,-832159.3942324053,162769.07544347201,-669390.3187889333,301.43847055484,706.9481240097067,0.913786768999103,353
2901000,11604.000000529048,-832953.2956568487,162691.4793725541,-670261.8162842946,301.2947673306567,706.9481240097067,0.913786768999103,353
2902000,11608.000000529863,-833552.7967893779,162626.50485836633,-670926.2919310116,301.17443846518614,706.9481240097067,0.913786768999103,353
2903000,11612.000000530677,-833116.6725370595,162686.2410863735,-670430.431450686,301.28506634187676,706.9481240097067,0.913786768999103,353
2904000,11616.000000531492,-832740.3070749296,162118.4379843715,-670621.869090558,300.2335293826758,706.9481240097067,0.913786768999103,353
2905000,11620.000000532307,-832707.3378872946,162438.82637114287,-670268.5115161517,300.82686927250904,706.9481240097067,0.913786768999103,353
2906000,11624.000000533122,-832134.0165740885,163253.30472047458,-668880.7118536138,302.3352338513067,706.9481240097067,0.913786768999103,353
2907000,11628.000000533937,-832017.8807311021,161939.26456050982,-670078.6161705923,299.9017110522847,706.9481240097067,0.913786768999103,353
2908000,11632.000000534752,-832021.7480210438,162482.18901467454,-669539.5590063693,300.90717426232226,706.9481240097067,0.913786768999103,353
2909000,11636.000000535567,-832579.1318517923,162223.91757436225,-670355.2142774301,300.4288711955781,706.9481240097067,0.913786768999103,353
2910000,11640.000000536382,-833292.9849335495,163881.83350855752,-669411.151424992,303.49923110363005,706.9481240097067,0.913786768999103,353
2911000,11644.000000537197,-830344.2305174423,162252.9963273733,-668091.234190069,300.4827232851682,706.9481240097067,0.913786768999103,353
2912000,11648.000000538012,-832384.1860124962,163342.88878249185,-669041.2972300043,302.50113810902275,706.9481240097067,0.913786768999103,353
2913000,11652.000000538826,-833448.504293439,162921.22733048804,-670527.276962951,301.7202466353957,706.9481240097067,0.913786768999103,353
2914000,11656.000000539641,-832062.2426064517,162906.7464673916,-669155.4961390601,301.69342895389076,706.9481240097067,0.913786768999103,353
2915000,11660.000000540456,-834379.4982413072,162417.48372693395,-671962.0145143733,300.7873439879278,706.9481240097067,0.913786768999103,353
2916000,11664.000000541271,-833040.814371123,162287.25925805798,-670753.555113065,300.5461761578603,706.9481240097067,0.913786768999103,353
2917000,11668.000000542086,-832621.0234770123,162511.10030883452,-670109.9231681777,300.9607162282615,706.9481240097067,0.913786768999103,353
2918000,11672.000000542901,-831496.7316160724,162110.907478782,-669385.8241372904,300.21958334236547,706.9481240097067,0.913786768999103,353
2919000,11676.000000543716,-832057.1710825907,163297.5987253086,-668759.572357282,302.4172636658494,706.9481240097067,0.913786768999103,353
2920000,11680.00000054453,-832792.6572681488,163132.1937900646,-669660.4634780842,302.1109437425696,706.9481240097067,0.913786768999103,353
2921000,11684.000000545346,-831510.2535511516,162424.73559729743,-669085.5179538542,300.8007740126734,706.9481240097067,0.913786768999103,353
2922000,11688.00000054616,-831304.8261009976,162749.32757360867,-668555.498527389,301.40189869576847,706.9481240097067,0.913786768999103,353
2923000,11692.000000546976,-831885.0552024432,162616.8424407016,-669268.2127617416,301.15654425281946,706.9481240097067,0.913786768999103,353
2924000,11696.00000054779,-832078.4727419298,162522.46826074607,-669556.0044811837,300.98176898676746,706.9481240097067,0.913786768999103,353
2925000,11700.000000548605,-831542.0856088689,162213.8324441276,-669328.2531647412,300.41019414513096,706.9481240097067,0.913786768999103,353
2926000,11704.00000054942,-832254.2243903577,163098.68037635752,-669155.5440140002,302.04887892992986,706.9481240097067,0.913786768999103,353
2927000,11708.000000550235,-834210.7562087998,162881.09584829962,-671329.6603605002,301.64592556071364,706.9481240097067,0.913786768999103,353
2928000,11712.00000055105,-832717.7027055426,163358.8899482602,-669358.8127572823,302.5307712990078,706.9481240097067,0.913786768999103,353
2929000,11716.000000551865,-833836.771127346,162727.24114034005,-671109.529987006,301.36099595889186,706.9481240097067,0.913786768999103,353
2930000,11720.00000055268,-834481.1569540678,163026.11555210606,-671455.0414019617,301.9144932698846,706.9481240097067,0.913786768999103,353
2931000,11724.000000553495,-834213.6296530021,162106.03717793222,-672107.5924750699,300.2105638401332,706.9481240097067,0.913786768999103,353
2932000,11728.00000055431,-834002.9162793122,161878.91545375658,-672124.0008255556,299.7899481612719,706.9481240097067,0.913786768999103,353
2933000,11732.000000555125,-833129.1056839926,161496.2849010832,-671632.8207829094,299.0813395495245,706.9481240097067,0.913786768999103,353
2934000,11736.00000055594,-832977.5858177245,162124.65804063634,-670852.9277770881,300.24504855019654,706.9481240097067,0.913786768999103,353
2935000,11740.000000556754,-832923.5686272858,162839.94916617777,-670083.619461108,301.56972439723444,706.9481240097067,0.913786768999103,353
2936000,11744.00000055757,-834030.9212789219,162165.41525060363,-671865.5060283183,300.3205284348316,706.9481240097067,0.913786768999103,353
2937000,11748.000000558384,-833193.5532791419,162029.55682228628,-671163.9964568557,300.0689268530668,706.9481240097067,0.913786768999103,353
2938000,11752.0000005592,-832807.6828165967,162798.67734333363,-670009.0054732631,301.4932914807161,706.9481240097067,0.913786768999103,353
2939000,11756.000000560014,-831369.5977989305,163411.02351113746,-667958.574287793,302.62731950028916,706.9481240097067,0.913786768999103,353
2940000,11760.000000560829,-831502.7376833381,162594.31473400746,-668908.4229493306,301.11482430428197,706.9481240097067,0.913786768999103,353
2941000,11764.000000561644,-832156.5324485749,162805.43819527683,-669351.0942532981,301.505812169083,706.9481240097067,0.913786768999103,353
2942000,11768.000000562459,-831402.900919647,163490.38951763368,-667912.5114020132,302.7743005379776,706.9481240097067,0.913786768999103,353
2943000,11772.000000563274,-834374.7779978719,160940.099494399,-673434.6785034728,298.05131785849363,706.9481240097067,0.913786768999103,353
2944000,11776.000000564089,-832021.4405083815,162711.94792377684,-669309.4925846047,301.3326738479619,706.9481240097067,0.913786768999103,353
2945000,11780.000000564904,-833094.7738869041,162356.6014707844,-670738.1724161197,300.6745937365201,706.9481240097067,0.913786768999103,353
2946000,11784.000000565718,-832970.4314784966,162595.84953781613,-670374.5819406805,301.1176666679891,706.9481240097067,0.913786768999103,353
2947000,11788.000000566533,-831571.6655908171,163298.57744538982,-668273.0881454273,302.4190761961693,706.9481240097067,0.913786768999103,353
2948000,11792.000000567348,-832841.4088095464,162131.92797920294,-670709.4808303434,300.25851203616014,706.9481240097067,0.913786768999103,353
2949000,11796.000000568163,-833780.2882417906,162356.17335181413,-671424.1148899765,300.67380088611367,706.9481240097067,0.913786768999103,353
2950000,11800.000000568978,-832018.3187346468,164172.19620197173,-667846.122532675,304.03696522769815,706.9481240097067,0.913786768999103,353
2951000,11804.000000569793,-832063.5989465918,162121.6298183352,-669941.9691282567,300.23944046588156,706.9481240097067,0.913786768999103,353
2952000,11808.000000570608,-831949.3738105381,162225.5089067606,-669723.8649037775,300.43181824681,706.9481240097067,0.913786768999103,353
2953000,11812.000000571423,-830332.4646960786,162424.83297786833,-667907.6317182102,300.8009543555934,706.9481240097067,0.913786768999103,353
2954000,11816.000000572238,-831942.5882781707,162227.85028678592,-669714.7379913847,300.43615434082477,706.9481240097067,0.913786768999103,353
2955000,11820.000000573053,-832234.7546534743,162045.8269051463,-670188.9277483281,300.0990580612202,706.9481240097067,0.913786768999103,353
2956000,11824.000000573868,-830688.9012033967,162237.21340547834,-668451.6877979185,300.45349426962,706.9481240097067,0.913786768999103,353
2957000,11828.000000574682,-833603.7461445257,161907.3097080284,-671696.4364364974,299.84253260064975,706.9481240097067,0.913786768999103,353
2958000,11832.000000575497,-832010.6296635065,162706.63996915414,-669303.9896943524,301.3228438374462,706.9481240097067,0.913786768999103,353
2959000,11836.000000576312,-833149.7309767054,162822.17311977042,-670327.5578569351,301.53680423579135,706.9481240097067,0.913786768999103,353
2960000,11840.000000577127,-833353.1613919605,163841.85494214046,-669511.30644982,303.42519321969604,706.9481240097067,0.913786768999103,353
2961000,11844.000000577942,-832804.2867736965,162406.41643539345,-670397.870338303,300.76684803422114,706.9481240097067,0.913786768999103,353
2962000,11848.000000578757,-833432.5846663248,161931.36302179983,-671501.221644525,299.8870778811048,706.9481240097067,0.913786768999103,353
2963000,11852.000000579572,-833252.4978774693,162420.89976810123,-670831.598109368,300.7936702892968,706.9481240097067,0.913786768999103,353
2964000,11856.000000580387,-831976.2242517034,162830.50887225498,-669145.7153794484,301.5522415445862,706.9481240097067,0.913786768999103,353
2965000,11860.000000581202,-831553.1125219176,162058.59010956227,-669494.5224123553,300.122694742869,706.9481240097067,0.913786768999103,353
2966000,11864.000000582017,-832628.3117153002,162664.66190039116,-669963.6498149091,301.24510299625587,706.9481240097067,0.913786768999103,353
2967000,11868.000000582831,-832910.4631197536,163116.83378479863,-669793.629334955,302.0824979430068,706.9481240097067,0.913786768999103,353
2968000,11872.000000583646,-833337.0808045287,162171.86354848254,-671165.2172560461,300.33247029199947,706.9481240097067,0.913786768999103,353
2969000,11876.000000584461,-834581.1117482092,162102.27615620533,-672478.8355920039,300.20359865565956,706.9481240097067,0.913786768999103,353
2970000,11880.000000585276,-834306.083154792,162887.8094185256,-671418.2737362664,301.6583586862036,706.9481240097067,0.913786768999103,353
2971000,11884.000000586091,-831913.2273370028,162519.4697449524,-669393.7575920504,300.9762159171053,706.9481240097067,0.913786768999103,353
2972000,11888.000000586906,-832043.249032829,162430.9937943324,-669612.2552384966,300.8123638145907,706.9481240097067,0.913786768999103,353
2973000,11892.000000587721,-834205.178885201,161826.90158040938,-672378.2773047916,299.69362161775194,706.9481240097067,0.913786768999103,353
2974000,11896.000000588536,-834729.7874886962,161388.55089947535,-673341.2365892208,298.88182270283266,706.9481240097067,0.913786768999103,353
2975000,11900.00000058935,-832749.642403055,162835.72362585203,-669913.918777203,301.56189895244654,706.9481240097067,0.913786768999103,353
2976000,11904.000000590166,-832995.9276565537,163357.46738347347,-669638.4602730803,302.5281367951722,706.9481240097067,0.913786768999103,353
2977000,11908.00000059098,-832366.7301966157,162539.89829489123,-669826.8319017245,301.0140483544552,706.9481240097067,0.913786768999103,353
2978000,11912.000000591795,-831212.0028439527,163535.5811059071,-667676.4217380456,302.8579926226931,706.9481240097067,0.913786768999103,353
2979000,11916.00000059261,-831042.934303131,162546.63697325718,-668496.2973298738,301.02652797869996,706.9481240097067,0.913786768999103,353
2980000,11920.000000593425,-832713.5321734669,163627.72437670612,-669085.8077967607,303.02863638008927,706.9481240097067,0.913786768999103,353
2981000,11924.00000059424,-832933.3349215714,162396.3958385409,-670536.9390830306,300.7482904956897,706.9481240097067,0.913786768999103,353
2982000,11928.000000595055,-832805.2578388555,163248.98339157837,-669556.2744472772,302.3272310118872,706.9481240097067,0.913786768999103,353
2983000,11932.00000059587,-832576.4792936984,162790.12489060516,-669786.3544030932,301.4774528561927,706.9481240097067,0.913786768999103,353
2984000,11936.000000596685,-832341.5216822745,162659.68051741458,-669681.84116486,301.2358777766518,706.9481240097067,0.913786768999103,353
2985000,11940.0000005975,-833492.8565223655,162361.73169839464,-671131.1248239708,300.6840946073717,706.9481240097067,0.913786768999103,353
2986000,11944.000000598315,-831967.1456622258,162290.8120906584,-669676.3335715674,300.5527557886796,706.9481240097067,0.913786768999103,353
2987000,11948.00000059913,-833165.7926730998,161805.1533981252,-671360.6392749746,299.65334530121436,706.9481240097067,0.913786768999103,353
2988000,11952.000000599945,-832975.7818765016,162826.9567270741,-670148.8251494275,301.5456631868263,706.9481240097067,0.913786768999103,353
2989000,11956.00000060076,-831906.4774155999,162634.15045596723,-669272.3269596326,301.1885976489317,706.9481240097067,0.913786768999103,353
2990000,11960.000000601574,-832475.355235572,162570.00773598586,-669905.3474995862,301.06980921595857,706.9481240097067,0.913786768999103,353
2991000,11964.00000060239,-833350.8057850637,163386.19740474143,-669964.6083803222,302.5813430546931,706.9481240097067,0.913786768999103,353
2992000,11968.000000603204,-831501.3076812327,162811.89616365495,-668689.4115175777,301.51777193542983,706.9481240097067,0.913786768999103,353
2993000,11972.000000604019,-832175.3098789724,162367.59694106964,-669807.7129379027,300.6949566816114,706.9481240097067,0.913786768999103,353
2994000,11976.000000604834,-832970.3289564606,162696.3878430851,-670273.9411133755,301.303857520827,706.9481240097067,0.913786768999103,353
2995000,11980.000000605649,-833268.4289382212,162653.20856938756,-670615.2203688336,301.2238921208418,706.9481240097067,0.913786768999103,353
2996000,11984.000000606464,-830994.6551899901,163150.56763635518,-667844.0875536349,302.14497099319414,706.9481240097067,0.913786768999103,353
2997000,11988.000000607279,-831178.347593653,161771.42401991255,-669406.9235737405,299.59088053538903,706.9481240097067,0.913786768999103,353
2998000,11992.000000608094,-832818.2647616528,162385.54833227623,-670432.7164293765,300.7282015710039,706.9481240097067,0.913786768999103,353
2999000,11996.000000608909,-833800.0059761042,161697.96540905497,-672102.0405670492,299.4548396366761,706.9481240097067,0.913786768999103,353
3000000,12000.000000609723,-831587.9153096583,163418.87272790447,-668169.0425817538,302.6418557743993,706.9481240097067,0.913786768999103,353
3001000,12004.000000610538,-833331.7262149751,163469.5203079491,-669862.2059070261,302.7356520254646,706.9481240097067,0.913786768999103,353
3002000,12008.000000611353,-833751.9767339062,162405.23977899126,-671346.7369549149,300.76466893782174,706.9481240097067,0.913786768999103,353
3003000,12012.000000612168,-834071.4635654762,161493.34138356062,-672578.1221819157,299.0758883333298,706.9481240097067,0.913786768999103,353
3004000,12016.000000612983,-833176.2380095199,162613.34373001417,-670562.8942795057,301.15006485250547,706.9481240097067,0.913786768999103,353
3005000,12020.000000613798,-832292.741740752,162589.05683590358,-669703.6849048485,301.10508699540776,706.9481240097067,0.913786768999103,353
3006000,12024.000000614613,-830969.8059755126,162767.01595402334,-668202.7900214893,301.4346565051021,706.9481240097067,0.913786768999103,353
3007000,12028.000000615428,-832470.5179206049,162673.26107657398,-669797.2568440309,301.26102814978714,706.9481240097067,0.913786768999103,353
3008000,12032.000000616243,-832398.8664802397,160806.2858764218,-671592.5806038178,297.8035031416468,706.9481240097067,0.913786768999103,353
3009000,12036.000000617058,-833026.7602601238,161789.75430706027,-671237.0059530635,299.6248271171189,706.9481240097067,0.913786768999103,353
3010000,12040.000000617873,-833272.4842985868,164072.80330189486,-669199.680996692,303.85289559591115,706.9481240097067,0.913786768999103,353
3011000,12044.000000618687,-832877.8631501729,161986.9511588827,-670890.9119912902,299.99002374460866,706.9481240097067,0.913786768999103,353
3012000,12048.000000619502,-830595.9617484072,163412.77186953422,-667183.1898788731,302.63055735416077,706.9481240097067,0.913786768999103,353
3013000,12052.000000620317,-832249.9870809419,161088.71653814687,-671161.2705427951,298.32654762338404,706.9481240097067,0.913786768999103,353
3014000,12056.000000621132,-833255.0610207804,162199.96852955816,-671055.0924912222,300.38451901493613,706.9481240097067,0.913786768999103,353
3015000,12060.000000621947,-832944.8493349655,162283.93605895163,-670660.9132760138,300.54002179436566,706.9481240097067,0.913786768999103,353
3016000,12064.000000622762,-832159.1195368934,162933.80202239798,-669225.3175144955,301.7435342032996,706.9481240097067,0.913786768999103,353
3017000,12068.000000623577,-832423.1516837906,162104.9561203479,-670318.1955634428,300.20856178695504,706.9481240097067,0.913786768999103,353
3018000,12072.000000624392,-832592.041460841,163450.24241673894,-669141.799044102,302.6999505383972,706.9481240097067,0.913786768999103,353
3019000,12076.000000625207,-831671.579106451,162087.6999021717,-669583.8792042793,300.1766043159157,706.9481240097067,0.913786768999103,353
3020000,12080.000000626022,-831816.1068394296,162944.8572116159,-668871.2496278137,301.76400774423763,706.9481240097067,0.913786768999103,353
3021000,12084.000000626836,-830390.9844336119,162937.0516078815,-667453.9328257304,301.74955223882273,706.9481240097067,0.913786768999103,353
3022000,12088.000000627651,-832254.7380578145,163606.7270667075,-668648.010991107,302.9897506335523,706.9481240097067,0.913786768999103,353
3023000,12092.000000628466,-832772.1636251267,162892.63088811364,-669879.5327370131,301.66728775589627,706.9481240097067,0.913786768999103,353
3024000,12096.000000629281,-833917.1845651232,162656.71373931132,-671260.4708258118,301.2303834832703,706.9481240097067,0.913786768999103,353
3025000,12100.000000630096,-833888.3330551777,162650.64760462096,-671237.6854505567,301.2191493691841,706.9481240097067,0.913786768999103,353
3026000,12104.000000630911,-834483.1701633129,162415.51198652378,-672067.6581767892,300.7836924440952,706.9481240097067,0.913786768999103,353
3027000,12108.000000631726,-833219.5572742419,163855.98577467247,-669363.5714995695,303.4513626657933,706.9481240097067,0.913786768999103,353
3028000,12112.00000063254,-832982.0268677324,162103.20014882297,-670878.8267189094,300.20530983403114,706.9481240097067,0.913786768999103,353
3029000,12116.000000633356,-831588.7999478234,163169.00693626053,-668419.7930115629,302.17911945994945,706.9481240097067,0.913786768999103,353
3030000,12120.00000063417,-833102.4289053017,162278.97573963978,-670823.453165662,300.5308355833931,706.9481240097067,0.913786768999103,353
3031000,12124.000000634986,-832291.6871077269,162756.47331788635,-669535.2137898406,301.4151321814301,706.9481240097067,0.913786768999103,353
3032000,12128.0000006358,-832491.8182142256,162331.82210594165,-670159.996108284,300.62870385345,706.9481240097067,0.913786768999103,353
3033000,12132.000000636615,-832474.0236753765,162125.80717258214,-670348.2165027944,300.2471766729696,706.9481240097067,0.913786768999103,353
3034000,12136.00000063743,-833684.683957804,162393.53136750346,-671291.1525903005,300.74298566879844,706.9481240097067,0.913786768999103,353
3035000,12140.000000638245,-832755.4230766576,163401.3187386142,-669354.1043380434,302.6093468492894,706.9481240097067,0.913786768999103,353
3036000,12144.00000063906,-831714.7311984692,162689.92542584223,-669024.805772627,301.2918895154521,706.9481240097067,0.913786768999103,353
3037000,12148.000000639875,-833517.9257644173,162278.69626912352,-671239.2294952937,300.5303180209216,706.9481240097067,0.913786768999103,353
3038000,12152.00000064069,-832870.8134689508,162384.68905597637,-670486.1244129745,300.7266102433337,706.9481240097067,0.913786768999103,353
3039000,12156.000000641505,-833272.8677653428,163040.00135428057,-670232.8664110622,301.94020893459856,706.9481240097067,0.913786768999103,353
3040000,12160.00000064232,-831591.9559392752,161867.12850490818,-669724.827434367,299.768119445813,706.9481240097067,0.913786768999103,353
3041000,12164.000000643135,-832556.2737290906,162065.35732205934,-670490.9164070312,300.13522721059655,706.9481240097067,0.913786768999103,353
3042000,12168.00000064395,-830536.9279783918,163017.78134533582,-667519.146633056,301.89905882365906,706.9481240097067,0.913786768999103,353
3043000,12172.000000644764,-831415.7519608857,161452.26397551672,-669963.487985369,298.99981546124775,706.9481240097067,0.913786768999103,353
3044000,12176.00000064558,-831700.4476284245,162609.99756214285,-669090.4500662817,301.1438679522491,706.9481240097067,0.913786768999103,353
3045000,12180.000000646394,-830116.5104768798,162587.8674374129,-667528.6430394668,301.1028843014321,706.9481240097067,0.913786768999103,353
3046000,12184.00000064721,-831802.1696671396,162313.0315477082,-669489.1381194314,300.5939048775431,706.9481240097067,0.913786768999103,353
3047000,12188.000000648024,-831364.4128829828,161581.87810282508,-669782.5347801577,299.23985297569385,706.9481240097067,0.913786768999103,353
3048000,12192.000000648839,-831902.3988888264,161884.6737469547,-670017.7251418717,299.8006121715572,706.9481240097067,0.913786768999103,353
3049000,12196.000000649654,-832648.1810473427,162658.1707465723,-669990.0103007704,301.2330817724824,706.9481240097067,0.913786768999103,353
3050000,12200.000000650469,-832766.6092972439,162586.47929968988,-670180.129997554,301.1003135544335,706.9481240097067,0.913786768999103,353
3051000,12204.000000651284,-830732.2100559929,163057.22190396092,-667674.988152032,301.9721003497437,706.9481240097067,0.913786768999103,353
3052000,12208.000000652099,-832493.6069681346,162548.2554058876,-669945.351562247,301.0295252179205,706.9481240097067,0.913786768999103,353
3053000,12212.000000652914,-832814.6385912132,163674.9696347597,-669139.6689564534,303.1161317368691,706.9481240097067,0.913786768999103,353
3054000,12216.000000653728,-831866.1621391857,162595.78885342588,-669270.3732857598,301.1175542841734,706.9481240097067,0.913786768999103,353
3055000,12220.000000654543,-830936.2993978988,162863.9178126217,-668072.3815852772,301.61411287892633,706.9481240097067,0.913786768999103,353
3056000,12224.000000655358,-831418.6487721335,162411.00752496463,-669007.6412471689,300.77535045407427,706.9481240097067,0.913786768999103,353
3057000,12228.000000656173,-831224.676041875,163364.57303188753,-667860.1030099875,302.54129602572254,706.9481240097067,0.913786768999103,353
3058000,12232.000000656988,-831959.9160569906,162605.6243789309,-669354.2916780597,301.135769081777,706.9481240097067,0.913786768999103,353
3059000,12236.000000657803,-832979.595386656,162843.25720047846,-670136.3381861775,301.57585067642736,706.9481240097067,0.913786768999103,353
3060000,12240.000000658618,-831700.9734358741,161317.8787703416,-670383.0946655325,298.7509421995252,706.9481240097067,0.913786768999103,353
3061000,12244.000000659433,-831770.5297207395,163347.10014958837,-668423.429571151,302.50893730584846,706.9481240097067,0.913786768999103,353
3062000,12248.000000660248,-831436.4752044436,162026.92621897225,-669409.5489854713,300.0640551350365,706.9481240097067,0.913786768999103,353
3063000,12252.000000661063,-830278.3487462727,162126.06722324245,-668152.2815230303,300.2476582710441,706.9481240097067,0.913786768999103,353
3064000,12256.000000661877,-832782.2914126785,162451.62306852668,-670330.6683441519,300.850567981106,706.9481240097067,0.913786768999103,353
3065000,12260.000000662692,-831070.8770076139,161974.68354706233,-669096.1934605516,299.9673048704342,706.9481240097067,0.913786768999103,353
3066000,12264.000000663507,-832719.2374769682,162522.47612042428,-670196.761356544,300.98178354241554,706.9481240097067,0.913786768999103,353
3067000,12268.000000664322,-830992.1421704357,162131.972252773,-668860.1699176627,300.25859402813074,706.9481240097067,0.913786768999103,353
3068000,12272.000000665137,-832180.9910529219,163004.91069871676,-669176.0803542051,301.87522316555675,706.9481240097067,0.913786768999103,353
3069000,12276.000000665952,-832681.3840592364,162726.41631433973,-669954.9677448967,301.35946843109014,706.9481240097067,0.913786768999103,353
3070000,12280.000000666767,-832875.3572324459,162105.89557090995,-670769.4616615359,300.21030159250364,706.9481240097067,0.913786768999103,353
3071000,12284.000000667582,-831645.4030802138,162260.95507126278,-669384.448008951,300.49746239687636,706.9481240097067,0.913786768999103,353
3072000,12288.000000668397,-831943.4661001144,162671.3877446031,-669272.0783555113,301.25755885242455,706.9481240097067,0.913786768999103,353
3073000,12292.000000669212,-832049.2099091373,164023.48078114737,-668025.72912799,303.76155327441967,706.9481240097067,0.913786768999103,353
3074000,12296.000000670027,-831833.4876137143,161951.4820551264,-669882.0055585878,299.92433711243285,706.9481240097067,0.913786768999103,353
3075000,12300.000000670841,-831745.7900251308,163003.95888904552,-668741.8311360853,301.8734604716864,706.9481240097067,0.913786768999103,353
3076000,12304.000000671656,-832522.5649523409,162366.11111119547,-670156.4538411454,300.6922050146651,706.9481240097067,0.913786768999103,353
3077000,12308.000000672471,-833134.8972438108,163498.43787496217,-669636.4593688487,302.78920560834774,706.9481240097067,0.913786768999103,353
3078000,12312.000000673286,-831510.3181226524,162778.91673554902,-668731.4013871034,301.4566960317858,706.9481240097067,0.913786768999103,353
3079000,12316.000000674101,-830664.7319949474,162958.47107000632,-667706.2609249412,301.78921978553217,706.9481240097067,0.913786768999103,353
3080000,12320.000000674916,-831559.935835273,162082.68400107065,-669477.2518342023,300.16731517083554,706.9481240097067,0.913786768999103,353
3081000,12324.000000675731,-831673.5388573622,163113.46693290892,-668560.0719244534,302.076262737201,706.9481240097067,0.913786768999103,353
3082000,12328.000000676546,-832017.531449182,162266.09751730622,-669751.4339318757,300.5069858955263,706.9481240097067,0.913786768999103,353
3083000,12332.00000067736,-834599.3054338526,162246.93928600784,-672352.3661478448,300.47150601136906,706.9481240097067,0.913786768999103,353
3084000,12336.000000678176,-832840.3589402614,162848.18711057282,-669992.1718296886,301.5849805713707,706.9481240097067,0.913786768999103,353
3085000,12340.00000067899,-832115.1444389448,163616.10970392567,-668499.0347350191,303.00712670947524,706.9481240097067,0.913786768999103,353
3086000,12344.000000679805,-832276.3612129269,162700.84052637662,-669575.5206865503,301.31210362063194,706.9481240097067,0.913786768999103,353
3087000,12348.00000068062,-831789.765099545,162893.67634884873,-668896.0887506963,301.66922388586545,706.9481240097067,0.913786768999103,353
3088000,12352.000000681435,-832982.8269906277,163261.25460917025,-669721.5723814574,302.3499565637321,706.9481240097067,0.913786768999103,353
3089000,12356.00000068225,-832600.7152458429,163095.898016064,-669504.817229779,302.04372616716387,706.9481240097067,0.913786768999103,353
3090000,12360.000000683065,-834380.5118880495,162903.62834277726,-671476.8835452723,301.6876543759361,706.9481240097067,0.913786768999103,353
3091000,12364.00000068388,-832996.55966195,162051.10244704442,-670945.4572149055,300.10882804533287,706.9481240097067,0.913786768999103,353
3092000,12368.000000684695,-832168.0287100524,161583.55290554717,-670584.4758045052,299.24295460891045,706.9481240097067,0.913786768999103,353
3093000,12372.00000068551,-832370.9927474558,161396.87562811852,-670974.1171193373,298.8972395961408,706.9481240097067,0.913786768999103,353
3094000,12376.000000686325,-831901.7271254221,162157.41448103738,-669744.3126443847,300.30571149411514,706.9481240097067,0.913786768999103,353
3095000,12380.00000068714,-833441.8871915331,161940.08044679917,-671501.8067447339,299.9032220242832,706.9481240097067,0.913786768999103,353
3096000,12384.000000687955,-833442.5241624657,162721.49823776179,-670721.0259247039,301.3503604511026,706.9481240097067,0.913786768999103,353
3097000,12388.00000068877,-833021.7514270246,163485.2045100155,-669536.5469170092,302.76469821786867,706.9481240097067,0.913786768999103,353
3098000,12392.000000689584,-833695.6345414184,161707.73316253582,-671987.9013788826,299.47292892459524,706.9481240097067,0.913786768999103,353
3099000,12396.0000006904,-832065.0748567004,162279.5353867961,-669785.5394699043,300.53187201603487,706.9481240097067,0.913786768999103,353
3100000,12400.000000691214,-834130.0093607036,162703.63561946643,-671426.3737412372,301.3172799637656,706.9481240097067,0.913786768999103,353
3101000,12404.000000692029,-834450.3827256626,163666.70784689527,-670783.6748787672,303.10083140607145,706.9481240097067,0.913786768999103,353
3102000,12408.000000692844,-834424.2347384524,163060.2960925477,-671363.9386459047,301.977793560836,706.9481240097067,0.913786768999103,353
3103000,12412.000000693659,-832981.3695611348,162554.8724757682,-670426.4970853666,301.0417796306148,706.9481240097067,0.913786768999103,353
3104000,12416.000000694474,-833235.732531473,162001.65304609353,-671234.0794853795,300.01725074938844,706.9481240097067,0.913786768999103,353
3105000,12420.000000695289,-831726.1649929266,161491.4293264539,-670234.7356664727,299.07234731936074,706.9481240097067,0.913786768999103,353
3106000,12424.000000696104,-832038.3843540698,162738.35790695302,-669300.0264471169,301.38158353743654,706.9481240097067,0.913786768999103,353
3107000,12428.000000696919,-832838.5203381116,162498.4383107185,-670340.082027393,300.9372669745512,706.9481240097067,0.913786768999103,353
3108000,12432.000000697733,-832555.340356579,162357.99949473617,-670197.3408618429,300.67718279221555,706.9481240097067,0.913786768999103,353
3109000,12436.000000698548,-833263.1579861864,162114.35722185625,-671148.8007643302,300.22597205762526,706.9481240097067,0.913786768999103,353
3110000,12440.000000699363,-832873.8353680298,161524.8290266731,-671349.0063413567,299.1342015415073,706.9481240097067,0.913786768999103,353
3111000,12444.000000700178,-834484.3741113301,162653.9888692057,-671830.3852421244,301.2253371888507,706.9481240097067,0.913786768999103,353
3112000,12448.000000700993,-833021.880758862,162417.35945025357,-670604.5213086085,300.7871138350418,706.9481240097067,0.913786768999103,353
3113000,12452.000000701808,-834574.5652609793,162404.9170677826,-672169.6481931967,300.7640712962064,706.9481240097067,0.913786768999103,353
3114000,12456.000000702623,-833651.9365275139,163331.81543555483,-670320.1210919591,302.4806309410885,706.9481240097067,0.913786768999103,353
3115000,12460.000000703438,-834268.4591684081,162528.44939076432,-671740.0097776437,300.9928456773488,706.9481240097067,0.913786768999103,353
3116000,12464.000000704253,-832940.0370970257,162329.84777533368,-670610.189321692,300.62504751272803,706.9481240097067,0.913786768999103,353
3117000,12468.000000705068,-830718.149813531,162836.33167246287,-667881.8181410681,301.56302501794704,706.9481240097067,0.913786768999103,353
3118000,12472.000000705882,-832441.6881158305,163069.7423082799,-669371.9458075506,301.99528738031665,706.9481240097067,0.913786768999103,353
3119000,12476.000000706697,-832744.262755028,161926.89848250232,-670817.3642725257,299.87880982469477,706.9481240097067,0.913786768999103,353
3120000,12480.000000707512,-833456.5238023251,162776.33840217072,-670680.1854001544,301.451921114511,706.9481240097067,0.913786768999103,353
3121000,12484.000000708327,-833560.2575887805,163081.66034226422,-670478.5972465163,302.0173588575089,706.9481240097067,0.913786768999103,353
3122000,12488.000000709142,-832706.7627209518,163209.1335142546,-669497.6292066972,302.2534314523606,706.9481240097067,0.913786768999103,353
3123000,12492.000000709957,-833312.3917920534,162037.39187149674,-671274.9999205566,300.08343688972025,706.9481240097067,0.913786768999103,353
3124000,12496.000000710772,-831720.4186328324,163936.06695524935,-667784.3516775831,303.59966816256866,706.9481240097067,0.913786768999103,353
3125000,12500.000000711587,-833042.1393807279,162504.03587054013,-670538.1035101877,300.94763331635704,706.9481240097067,0.913786768999103,353
3126000,12504.000000712402,-832319.9559560772,162694.60954799587,-669625.3464080814,301.30056422601393,706.9481240097067,0.913786768999103,353
3127000,12508.000000713217,-833026.7951097311,162902.6675790802,-670124.1275306509,301.6858750997523,706.9481240097067,0.913786768999103,353
3128000,12512.000000714032,-832652.3656486683,162502.17045592627,-670150.1951927419,300.94417868146024,706.9481240097067,0.913786768999103,353
3129000,12516.000000714846,-832679.2800446087,162328.76797506184,-670350.5120695469,300.6230477880164,706.9481240097067,0.913786768999103,353
3130000,12520.000000715661,-832670.7912046444,162655.14833571517,-670015.6428689292,301.2274844506099,706.9481240097067,0.913786768999103,353
3131000,12524.000000716476,-832750.4516719766,163233.13357049238,-669517.3181014842,302.2978781030886,706.9481240097067,0.913786768999103,353
3132000,12528.000000717291,-832991.5190805197,162772.84045244253,-670218.6786280771,301.4454431234474,706.9481240097067,0.913786768999103,353
3133000,12532.000000718106,-833888.2631653277,162259.46025307622,-671628.8029122516,300.4946940841198,706.9481240097067,0.913786768999103,353
3134000,12536.000000718921,-831385.325159058,164207.96534902928,-667177.3598100287,304.10320752189745,706.9481240097067,0.913786768999103,353
3135000,12540.000000719736,-832505.3455013074,162470.81421537462,-670034.5312859328,300.8861088228677,706.9481240097067,0.913786768999103,353
3136000,12544.00000072055,-833245.4804736357,163240.12128669143,-670005.3591869443,302.31081893031865,706.9481240097067,0.913786768999103,353
3137000,12548.000000721366,-831799.7099015117,161667.4427654543,-670132.2671360574,299.39831354915486,706.9481240097067,0.913786768999103,353
3138000,12552.00000072218,-830623.8491187226,162417.2416270083,-668206.6074917143,300.78689563352685,706.9481240097067,0.913786768999103,353
3139000,12556.000000722996,-830993.4416088201,163042.30056378228,-667951.1410450379,301.9444669313574,706.9481240097067,0.913786768999103,353
3140000,12560.00000072381,-831204.3884802088,162302.3623308047,-668902.0261494041,300.57414613395713,706.9481240097067,0.913786768999103,353
3141000,12564.000000724625,-831183.2136961101,162411.8485336433,-668771.3651624668,300.7769079512163,706.9481240097067,0.913786768999103,353
3142000,12568.00000072544,-831748.2384931576,163083.4644542812,-668664.7740388764,302.0206999637088,706.9481240097067,0.913786768999103,353
3143000,12572.000000726255,-832100.0272752205,163986.10478343468,-668113.9224917858,303.69233519011664,706.9481240097067,0.913786768999103,353
3144000,12576.00000072707,-831343.7476113252,163346.81975532044,-667996.9278560048,302.5084180326447,706.9481240097067,0.913786768999103,353
3145000,12580.000000727885,-829840.3169344617,163285.82239995006,-666554.4945345116,302.3954546244504,706.9481240097067,0.913786768999103,353
3146000,12584.0000007287,-831036.5749032749,162802.9005409722,-668233.6743623028,301.50111258698917,706.9481240097067,0.913786768999103,353
3147000,12588.000000729515,-832387.5805428,163279.92072170327,-669107.6598210968,302.38452507373825,706.9481240097067,0.913786768999103,353
3148000,12592.00000073033,-831397.2535710819,162485.19997702702,-668912.0535940549,300.91275038225757,706.9481240097067,0.913786768999103,353
3149000,12596.000000731145,-831122.6621085303,160692.15423175914,-670430.5078767712,297.59213824745365,706.9481240097067,0.913786768999103,353
3150000,12600.00000073196,-832584.4385241577,162518.7252698253,-670065.7132543324,300.9748371942548,706.9481240097067,0.913786768999103,353
3151000,12604.000000732774,-832370.4753323412,162582.6927732611,-669787.78255908,301.0933011367965,706.9481240097067,0.913786768999103,353
3152000,12608.00000073359,-832814.9332880005,162427.47509870073,-670387.4581892998,300.8058474033703,706.9481240097067,0.913786768999103,353
3153000,12612.000000734404,-833049.0746037168,162554.3526659656,-670494.7219377513,301.04081697433963,706.9481240097067,0.913786768999103,353
3154000,12616.00000073522,-832745.6170747019,163429.27807228826,-669316.3390024137,302.66112584205865,706.9481240097067,0.913786768999103,353
3155000,12620.000000736034,-831608.8940551924,162097.82840673806,-669511.0656484542,300.19536169299835,706.9481240097067,0.913786768999103,353
3156000,12624.000000736849,-832496.2620773036,163149.57765221718,-669346.6844250865,302.1431376025232,706.9481240097067,0.913786768999103,353
3157000,12628.000000737664,-832518.4898013202,162894.30950592132,-669624.1802953989,301.67039645442037,706.9481240097067,0.913786768999103,353
3158000,12632.000000738479,-832850.664958654,162697.05632096308,-670153.6086376909,301.3050955013745,706.9481240097067,0.913786768999103,353
3159000,12636.000000739294,-833533.1841895645,161952.85159201443,-671580.3325975501,299.9268734118114,706.9481240097067,0.913786768999103,353
3160000,12640.000000740109,-833349.6747556971,161978.5183641027,-671371.1563915944,299.9744067193595,706.9481240097067,0.913786768999103,353
3161000,12644.000000740923,-831987.680754941,161930.38831739195,-670057.292437549,299.88527278756874,706.9481240097067,0.913786768999103,353
3162000,12648.000000741738,-833207.7140167896,162233.9296447424,-670973.7843720472,300.44741294359903,706.9481240097067,0.913786768999103,353
3163000,12652.000000742553,-832496.3143941592,162401.84508874273,-670094.4693054166,300.7583821770612,706.9481240097067,0.913786768999103,353
3164000,12656.000000743368,-832698.0581833711,161757.2427571323,-670940.8154262388,299.56461769552607,706.9481240097067,0.913786768999103,353
3165000,12660.000000744183,-833632.3096294291,161157.13226683057,-672475.1773625986,298.45324940970386,706.9481240097067,0.913786768999103,353
3166000,12664.000000744998,-831680.9675109172,162547.2093236382,-669133.758187279,301.0275879369445,706.9481240097067,0.913786768999103,353
3167000,12668.000000745813,-832986.6439677989,161606.75955226133,-671379.8844155376,299.2859319132489,706.9481240097067,0.913786768999103,353
3168000,12672.000000746628,-832010.5424101027,162256.91928261906,-669753.6231274836,300.48998836071235,706.9481240097067,0.913786768999103,353
3169000,12676.000000747443,-833935.096923463,162677.37052347694,-671257.7263999861,301.2686385965865,706.9481240097067,0.913786768999103,353
3170000,12680.000000748258,-833831.0746127907,162577.61416362808,-671253.4604491626,301.08389585931275,706.9481240097067,0.913786768999103,353
3171000,12684.000000749073,-832513.6990564028,163361.91690958693,-669151.7821468159,302.5363770480745,706.9481240097067,0.913786768999103,353
3172000,12688.000000749887,-833829.7496718569,161817.6536393055,-672012.0960325514,299.67649499087554,706.9481240097067,0.913786768999103,353
3173000,12692.000000750702,-832087.4009666629,163391.52280343557,-668695.8781632273,302.5912053705727,706.9481240097067,0.913786768999103,353
3174000,12696.000000751517,-833630.4592339266,162320.96328614125,-671309.4959477853,300.60859397678126,706.9481240097067,0.913786768999103,353
3175000,12700.000000752332,-833889.7286956292,161909.45837968602,-671980.2703159432,299.8465118104378,706.9481240097067,0.913786768999103,353
3176000,12704.000000753147,-834044.2523336234,162647.68171804032,-671396.5706155831,301.21365672684846,706.9481240097067,0.913786768999103,353
3177000,12708.000000753962,-832981.8247642843,162586.9655023409,-670394.8592619434,301.10121397229915,706.9481240097067,0.913786768999103,353
3178000,12712.000000754777,-832287.5323399436,161732.6903535014,-670554.8419864422,299.51914813087575,706.9481240097067,0.913786768999103,353
3179000,12716.000000755592,-833877.5133597115,162192.56492938643,-671684.9484303251,300.37080799577427,706.9481240097067,0.913786768999103,353
3180000,12720.000000756407,-833863.8316992959,161716.26131326915,-672147.5703860268,299.4887225432953,706.9481240097067,0.913786768999103,353
3181000,12724.000000757222,-832015.4419922838,161556.33002646494,-670459.1119658188,299.19253948544616,706.9481240097067,0.913786768999103,353
3182000,12728.000000758037,-833839.9893874954,161963.0600418526,-671876.9293456429,299.94577884269603,706.9481240097067,0.913786768999103,353
3183000,12732.000000758851,-833902.86701167,160938.89026837365,-672963.9767432964,298.04907844512445,706.9481240097067,0.913786768999103,353
3184000,12736.000000759666,-833019.2445207648,162502.7237524324,-670516.5207683324,300.9452033530823,706.9481240097067,0.913786768999103,353
3185000,12740.000000760481,-834137.4373436421,162143.83661386382,-671993.6007297783,300.2805661063746,706.9481240097067,0.913786768999103,353
3186000,12744.000000761296,-834252.5820691343,162425.31275618257,-671827.2693129517,300.8018428759764,706.9481240097067,0.913786768999103,353
3187000,12748.000000762111,-831928.7442589086,163228.47941997112,-668700.2648389374,302.28925889817486,706.9481240097067,0.913786768999103,353
3188000,12752.000000762926,-834157.6184775019,162748.65642248612,-671408.9620550158,301.4006557645339,706.9481240097067,0.913786768999103,353
3189000,12756.00000076374,-831565.1393356044,162318.41375791444,-669246.7255776899,300.60387240490263,706.9481240097067,0.913786768999103,353
3190000,12760.000000764556,-834031.6555142049,161601.40120459604,-672430.2543096088,299.2760085778701,706.9481240097067,0.913786768999103,353
3191000,12764.00000076537,-832656.7808951493,162751.14896384825,-669905.6319313011,301.40527180019023,706.9481240097067,0.913786768999103,353
3192000,12768.000000766186,-832654.364546245,162815.2196396872,-669839.1449065577,301.52392681177446,706.9481240097067,0.913786768999103,353
3193000,12772.000000767,-833471.5956292227,162797.50227253593,-670674.0933566868,301.49111532076006,706.9481240097067,0.913786768999103,353
3194000,12776.000000767815,-832723.6546925651,163797.01460009557,-668926.6400924695,303.3421516217245,706.9481240097067,0.913786768999103,353
3195000,12780.00000076863,-832741.4311765749,162500.70174407546,-670240.7294324995,300.94145871605656,706.9481240097067,0.913786768999103,353
3196000,12784.000000769445,-832343.7496059313,163565.34987938788,-668778.3997265435,302.9131225884061,706.9481240097067,0.913786768999103,353
3197000,12788.00000077026,-831791.8022569241,162008.62232673215,-669783.179930192,300.03015743507706,706.9481240097067,0.913786768999103,353
3198000,12792.000000771075,-832324.7618595008,162799.9005338003,-669524.8613257005,301.49555675538494,706.9481240097067,0.913786768999103,353
3199000,12796.00000077189,-831693.7358083846,163258.92563609802,-668434.8101722866,302.3456434466431,706.9481240097067,0.913786768999103,353
3200000,12800.000000772705,-832665.1130198557,163069.95063273737,-669595.1623871183,301.9956731845959,706.9481240097067,0.913786768999103,353
3201000,12804.00000077352,-832737.8830159847,163114.32896244852,-669623.5540535362,302.07785916370443,706.9481240097067,0.913786768999103,353
3202000,12808.000000774335,-830932.9619199373,162688.05761316943,-668244.9043067679,301.2884304394953,706.9481240097067,0.913786768999103,353
3203000,12812.00000077515,-832098.2682617055,161949.35966223048,-670148.908599475,299.92040656932005,706.9481240097067,0.913786768999103,353
3204000,12816.000000775965,-833766.6400718158,162963.4429446325,-670803.1971271833,301.79842739624706,706.9481240097067,0.913786768999103,353
3205000,12820.00000077678,-831156.4909311133,162042.58230222977,-669113.9086288835,300.09304925310937,706.9481240097067,0.913786768999103,353
3206000,12824.000000777594,-831910.570416702,162074.20692554698,-669836.363491155,300.1516161403307,706.9481240097067,0.913786768999103,353
3207000,12828.00000077841,-832284.9731112458,163208.42175443238,-669076.5513568134,302.2521133162735,706.9481240097067,0.913786768999103,353
3208000,12832.000000779224,-833947.6333750281,162027.88484097522,-671919.7485340529,300.0658304449326,706.9481240097067,0.913786768999103,353
3209000,12836.000000780039,-831466.5789417401,161920.08632452926,-669546.4926172108,299.86619412066756,706.9481240097067,0.913786768999103,353
3210000,12840.000000780854,-832904.314609251,162898.9116341957,-670005.4029750553,301.67891931728326,706.9481240097067,0.913786768999103,353
3211000,12844.000000781669,-831648.018845235,163058.33966433257,-668589.6791809024,301.97417037426135,706.9481240097067,0.913786768999103,353
3212000,12848.000000782484,-831365.1342319045,162877.66748960613,-668487.4667422983,301.63957644803196,706.9481240097067,0.913786768999103,353
3213000,12852.000000783299,-832691.2424913589,163217.83614768012,-669473.4063436787,302.2695482024401,706.9481240097067,0.913786768999103,353
3214000,12856.000000784114,-832775.9942349549,163141.08600813683,-669634.9082268181,302.1274115919337,706.9481240097067,0.913786768999103,353
3215000,12860.000000784928,-832783.9534565946,163390.2427203632,-669393.7107362314,302.58883473424345,706.9481240097067,0.913786768999103,353
3216000,12864.000000785743,-832886.5033100788,161570.55354514846,-671315.9497649303,299.218880580683,706.9481240097067,0.913786768999103,353
3217000,12868.000000786558,-832710.1395212663,162776.6599026994,-669933.4796185669,301.45251651402026,706.9481240097067,0.913786768999103,353
3218000,12872.000000787373,-834351.0044537559,161813.21753507742,-672537.7869186786,299.6682795944921,706.9481240097067,0.913786768999103,353
3219000,12876.000000788188,-832097.7455680622,161780.8059654514,-670316.9396026108,299.60825533036376,706.9481240097067,0.913786768999103,353
3220000,12880.000000789003,-831483.7674110727,162934.96860701835,-668548.7988040544,301.7456946473691,706.9481240097067,0.913786768999103,353
3221000,12884.000000789818,-832356.3980866661,161786.28512887505,-670570.1129577911,299.61840240921055,706.9481240097067,0.913786768999103,353
3222000,12888.000000790633,-831592.8227444906,161686.58613648592,-669906.2366080047,299.43376591299796,706.9481240097067,0.913786768999103,353
3223000,12892.000000791448,-831859.9394827057,161863.91765122325,-669996.0218314824,299.76217313923524,706.9481240097067,0.913786768999103,353
3224000,12896.000000792263,-832199.4023235831,161995.3565873112,-670204.0457362719,300.0055900890321,706.9481240097067,0.913786768999103,353
3225000,12900.000000793078,-832827.5037313048,161997.79557141569,-670829.7081598891,300.0101069398907,706.9481240097067,0.913786768999103,353
3226000,12904.000000793892,-834528.2618529554,163380.7327250127,-671147.5291279427,302.5712227987721,706.9481240097067,0.913786768999103,353
3227000,12908.000000794707,-833398.4415523652,162217.9874647759,-671180.4540875893,300.4178889917469,706.9481240097067,0.913786768999103,353
3228000,12912.000000795522,-832820.7689384287,162630.23735979013,-670190.5315786386,301.1813508317857,706.9481240097067,0.913786768999103,353
3229000,12916.000000796337,-832827.3716513161,162260.77866178,-670566.592989536,300.49713569719745,706.9481240097067,0.913786768999103,353
3230000,12920.000000797152,-834616.347627636,162724.28741449525,-671892.0602131408,301.3555258375026,706.9481240097067,0.913786768999103,353
3231000,12924.000000797967,-832332.2499626633,162534.2392833543,-669798.010679309,301.0035682077941,706.9481240097067,0.913786768999103,353
3232000,12928.000000798782,-834005.1706833122,162249.18408143736,-671755.9866018749,300.4756632365615,706.9481240097067,0.913786768999103,353
3233000,12932.000000799597,-833875.6595955985,161795.36802605452,-672080.291569544,299.6352233847339,706.9481240097067,0.913786768999103,353
3234000,12936.000000800412,-834383.9018702619,162529.47214420652,-671854.4297260554,300.99473975478656,706.9481240097067,0.913786768999103,353
3235000,12940.000000801227,-831825.768849927,162680.54569124832,-669145.2231586787,301.2745188150135,706.9481240097067,0.913786768999103,353
3236000,12944.000000802042,-832474.2046808759,162314.39942597653,-670159.8052548993,300.59643810525836,706.9481240097067,0.913786768999103,353
3237000,12948.000000802856,-833467.2739283564,162582.32943143512,-670884.9444969213,301.0926282497385,706.9481240097067,0.913786768999103,353
3238000,12952.000000803671,-834018.9744658824,161808.65766825405,-672210.3167976283,299.6598349972772,706.9481240097067,0.913786768999103,353
3239000,12956.000000804486,-834790.5908024171,162779.30416074896,-672011.2866416682,301.4574135197939,706.9481240097067,0.913786768999103,353
3240000,12960.000000805301,-832376.3298437493,161741.10681481118,-670635.223028938,299.53473490752725,706.9481240097067,0.913786768999103,353
3241000,12964.000000806116,-833047.3784653349,162121.12666818284,-670926.251797152,300.2385086622698,706.9481240097067,0.913786768999103,353
3242000,12968.000000806931,-833095.7619722495,162862.05914161727,-670233.7028306322,301.6106707327858,706.9481240097067,0.913786768999103,353
3243000,12972.000000807746,-832361.8195456471,162847.150257562,-669514.6692880851,301.5830603823856,706.9481240097067,0.913786768999103,353
3244000,12976.00000080856,-833335.7820349038,162738.798524888,-670596.9835100158,301.38239953516864,706.9481240097067,0.913786768999103,353
3245000,12980.000000809376,-833453.4419960175,162560.96039529785,-670892.4816007196,301.05305408890416,706.9481240097067,0.913786768999103,353
3246000,12984.00000081019,-833613.8842006968,160958.25862353737,-672655.6255771595,298.08494746595545,706.9481240097067,0.913786768999103,353
3247000,12988.000000811006,-834436.4763119165,163483.1964185469,-670953.2798933696,302.7609793540773,706.9481240097067,0.913786768999103,353
3248000,12992.00000081182,-832713.461317827,162880.4039795705,-669833.0573382565,301.6446442617263,706.9481240097067,0.913786768999103,353
3249000,12996.000000812635,-832289.2497703722,162510.10022572463,-669779.1495446475,300.9588641349062,706.9481240097067,0.913786768999103,353
3250000,13000.00000081345,-832367.4680005191,162490.64860454097,-669876.8193959781,300.9228409104488,706.9481240097067,0.913786768999103,353
3251000,13004.000000814265,-832369.7586500095,162907.884337353,-669461.8743126565,301.69553622015076,706.9481240097067,0.913786768999103,353
3252000,13008.00000081508,-832735.4501556586,163141.06365724793,-669594.3864984107,302.127370199441,706.9481240097067,0.913786768999103,353
3253000,13012.000000815895,-830870.8466572091,163201.3262189989,-667669.5204382102,302.2389728143507,706.9481240097067,0.913786768999103,353
3254000,13016.00000081671,-830542.1820094865,162824.73919825768,-667717.4428112288,301.5415564577501,706.9481240097067,0.913786768999103,353
3255000,13020.000000817525,-831851.6871580249,163655.6385115703,-668196.0486464546,303.0803316673998,706.9481240097067,0.913786768999103,353
3256000,13024.00000081834,-832131.4535845648,162614.44355330913,-669517.0100312557,301.1521016586433,706.9481240097067,0.913786768999103,353
3257000,13028.000000819155,-831592.4070256716,161980.20621750248,-669612.2008081691,299.9775325216408,706.9481240097067,0.913786768999103,353
3258000,13032.00000081997,-833137.5409854017,161754.9939575015,-671382.5470279002,299.5604530547953,706.9481240097067,0.913786768999103,353
3259000,13036.000000820784,-833011.1116192052,162392.43322717294,-670618.6783920323,300.7409519794088,706.9481240097067,0.913786768999103,353
3260000,13040.0000008216,-833219.863991607,162886.1952481122,-670333.6687434948,301.6553693403509,706.9481240097067,0.913786768999103,353
3261000,13044.000000822414,-832897.7524807956,161483.10397904128,-671414.6485017543,299.05692928012905,706.9481240097067,0.913786768999103,353
3262000,13048.00000082323,-830518.0922971228,161401.8582314329,-669116.2340656898,298.90646707573654,706.9481240097067,0.913786768999103,353
3263000,13052.000000824044,-832320.3989262171,161677.2146619397,-670643.1842642773,299.4164105096675,706.9481240097067,0.913786768999103,353
3264000,13056.000000824859,-832196.6832658537,161424.78064397036,-670771.9026218833,298.94891799559275,706.9481240097067,0.913786768999103,353
3265000,13060.000000825674,-831981.7353684977,163095.13362197712,-668886.6017465205,302.04231055560604,706.9481240097067,0.913786768999103,353
3266000,13064.000000826489,-833506.5381205203,162365.11762440758,-671141.4204961127,300.69036513729867,706.9481240097067,0.913786768999103,353
3267000,13068.000000827304,-833476.3521006769,161790.01432320377,-671686.337777473,299.6253086512703,706.9481240097067,0.913786768999103,353
3268000,13072.000000828119,-833296.3356137872,161405.87098985177,-671890.4646239354,298.9138984613188,706.9481240097067,0.913786768999103,353
3269000,13076.000000828933,-833233.5442606583,160695.6715825674,-672537.8726780909,297.5986521681425,706.9481240097067,0.913786768999103,353
3270000,13080.000000829748,-833397.6593745705,162110.5362558103,-671287.1231187602,300.21889585990283,706.9481240097067,0.913786768999103,353
3271000,13084.000000830563,-833827.6325530587,162115.8833262868,-671711.7492267719,300.22879831061096,706.9481240097067,0.913786768999103,353
3272000,13088.000000831378,-833129.8682708507,161937.60476639977,-671192.2635044509,299.89863721410876,706.9481240097067,0.913786768999103,353
3273000,13092.000000832193,-831703.1438814253,162733.14598968028,-668969.997891745,301.371931382277,706.9481240097067,0.913786768999103,353
3274000,13096.000000833008,-832535.858031597,162966.61749512557,-669569.2405364714,301.80430647151195,706.9481240097067,0.913786768999103,353
3275000,13100.000000833823,-831295.7082374953,163153.1751605724,-668142.5330769229,302.14979997013484,706.9481240097067,0.913786768999103,353
3276000,13104.000000834638,-830814.6834055027,162333.37748212612,-668481.3059233766,300.63158431595133,706.9481240097067,0.913786768999103,353
3277000,13108.000000835453,-831844.4028427424,162906.1741725523,-668938.2286701901,301.6923690985061,706.9481240097067,0.913786768999103,353
3278000,13112.000000836268,-831020.3682882898,162190.6935492144,-668829.6747390754,300.36734231302495,706.9481240097067,0.913786768999103,353
3279000,13116.000000837083,-832429.1689768238,162729.5632205794,-669699.6057562444,301.3652963108718,706.9481240097067,0.913786768999103,353
3280000,13120.000000837897,-833466.0567866703,162204.62414155464,-671261.4326451158,300.39314092641337,706.9481240097067,0.913786768999103,353
3281000,13124.000000838712,-833373.7695898237,163288.718736995,-670085.0508528287,302.4008184652577,706.9481240097067,0.913786768999103,353
3282000,13128.000000839527,-831983.8749552909,162272.34790225833,-669711.5270530325,300.5185612299392,706.9481240097067,0.913786768999103,353
3283000,13132.000000840342,-832362.1436084574,162819.77721060943,-669542.366397848,301.53236715711955,706.9481240097067,0.913786768999103,353
3284000,13136.000000841157,-832300.5050737904,162135.8660735872,-670164.6390002032,300.26580514847194,706.9481240097067,0.913786768999103,353
3285000,13140.000000841972,-832672.6739003165,162932.67234596115,-669740.0015543553,301.74144211095086,706.9481240097067,0.913786768999103,353
3286000,13144.000000842787,-833640.6735330122,160777.80831281762,-672862.8652201946,297.75076441843055,706.9481240097067,0.913786768999103,353
3287000,13148.000000843602,-831429.0400509341,163278.20356475306,-668150.836486181,302.38134500305614,706.9481240097067,0.913786768999103,353
3288000,13152.000000844417,-831965.3551868172,162240.76771893527,-669724.587467882,300.46007664289584,706.9481240097067,0.913786768999103,353
3289000,13156.000000845232,-833028.9152300889,162713.1317560074,-670315.7834740814,301.33486623356106,706.9481240097067,0.913786768999103,353
3290000,13160.000000846047,-833795.0015580803,162691.8387935761,-671103.1627645042,301.2954329566232,706.9481240097067,0.913786768999103,353
3291000,13164.000000846861,-833516.0007902738,162637.5175231476,-670878.4832671261,301.19483325344277,706.9481240097067,0.913786768999103,353
3292000,13168.000000847676,-831716.2699339157,162177.3928252817,-669538.877108634,300.3427101777829,706.9481240097067,0.913786768999103,353
3293000,13172.000000848491,-832457.7431107638,163246.3362396108,-669211.406871153,302.3223286467527,706.9481240097067,0.913786768999103,353
3294000,13176.000000849306,-833512.8164727865,161932.09048083925,-671580.7259919472,299.88842509119144,706.9481240097067,0.913786768999103,353
3295000,13180.000000850121,-833611.663752594,161827.55873110832,-671784.1050214857,299.6948386210498,706.9481240097067,0.913786768999103,353
3296000,13184.000000850936,-833469.1023996351,162270.39127066458,-671198.7111289706,300.51493766671973,706.9481240097067,0.913786768999103,353
3297000,13188.00000085175,-832212.1027514618,162675.2974042166,-669536.8053472452,301.26479930526284,706.9481240097067,0.913786768999103,353
3298000,13192.000000852566,-833606.3066342324,163345.76688853573,-670260.5397456967,302.50646818712016,706.9481240097067,0.913786768999103,353
3299000,13196.00000085338,-832308.8711634157,162886.70612397284,-669422.165039443,301.65631545150654,706.9481240097067,0.913786768999103,353
3300000,13200.000000854196,-832333.7994570332,162742.8905051881,-669590.908951845,301.3899776348773,706.9481240097067,0.913786768999103,353
3301000,13204.00000085501,-831453.4131976841,162764.5902256,-668688.8229720842,301.43016420296226,706.9481240097067,0.913786768999103,353
3302000,13208.000000855825,-833540.0317364661,162248.9367836722,-671291.0949527939,300.47520525607655,706.9481240097067,0.913786768999103,353
3303000,13212.00000085664,-832269.2265084758,162323.0250500266,-669946.2014584492,300.6124122386381,706.9481240097067,0.913786768999103,353
3304000,13216.000000857455,-831874.0653623063,163402.20491222432,-668471.860450082,302.61098798914935,706.9481240097067,0.913786768999103,353
3305000,13220.00000085827,-832502.1334664254,162295.78271523188,-670206.3507511935,300.56196108437257,706.9481240097067,0.913786768999103,353
3306000,13224.000000859085,-832577.9567741817,163057.72031226073,-669520.2364619209,301.97302337173176,706.9481240097067,0.913786768999103,353
3307000,13228.0000008599,-832939.7669358291,162520.21807041363,-670419.5488654154,300.9776017705416,706.9481240097067,0.913786768999103,353
3308000,13232.000000860715,-834128.0006550644,162833.17205988662,-671294.8285951777,301.55717360679944,706.9481240097067,0.913786768999103,353
3309000,13236.00000086153,-832472.6437357105,161463.62754845817,-671009.0161872524,299.0208601101664,706.9481240097067,0.913786768999103,353
3310000,13240.000000862345,-832149.3619587626,163549.32698116516,-668600.0349775974,302.8834491512317,706.9481240097067,0.913786768999103,353
3311000,13244.00000086316,-832453.4987254003,161670.14555645152,-670783.3531689488,299.40331895440283,706.9481240097067,0.913786768999103,353
3312000,13248.000000863974,-832253.8320881771,162675.02632666004,-669578.805761517,301.2642972860444,706.9481240097067,0.913786768999103,353
3313000,13252.00000086479,-831554.613749369,162166.51470139518,-669388.0990479739,300.32256455111565,706.9481240097067,0.913786768999103,353
3314000,13256.000000865604,-831745.0014181351,162781.45461487398,-668963.5468032612,301.4613960306036,706.9481240097067,0.913786768999103,353
3315000,13260.00000086642,-833075.5116853649,163298.47419434838,-669777.0374910166,302.41888498149336,706.9481240097067,0.913786768999103,353
3316000,13264.000000867234,-833295.240378215,164218.1983221941,-669077.0420560208,304.12215836849794,706.9481240097067,0.913786768999103,353
3317000,13268.000000868049,-831657.7141439067,162020.05882546987,-669637.6553184369,300.05133713815394,706.9481240097067,0.913786768999103,353
3318000,13272.000000868864,-834311.6312900307,162065.000786499,-672246.6305035317,300.13456692833034,706.9481240097067,0.913786768999103,353
3319000,13276.000000869679,-833720.8701703651,162852.88782881747,-670867.9823415476,301.593686016888,706.9481240097067,0.913786768999103,353
3320000,13280.000000870494,-831883.5476917867,163183.50655156313,-668700.0411402235,302.2059718694046,706.9481240097067,0.913786768999103,353
3321000,13284.000000871309,-833459.8186449129,163663.24983379236,-669796.5688111206,303.0944273752194,706.9481240097067,0.913786768999103,353
3322000,13288.000000872124,-833005.7259758543,161262.11923595602,-671743.6067398983,298.6476789185964,706.9481240097067,0.913786768999103,353
3323000,13292.000000872938,-831527.9997090334,162336.9671324335,-669191.0325765999,300.6382321309342,706.9481240097067,0.913786768999103,353
3324000,13296.000000873753,-833574.5890458664,162042.416812922,-671532.1722329444,300.0927427769333,706.9481240097067,0.913786768999103,353
3325000,13300.000000874568,-833691.0456408802,161783.1875329034,-671907.8581079768,299.612665849059,706.9481240097067,0.913786768999103,353
3326000,13304.000000875383,-833193.1119324174,162735.2817033605,-670457.8302290569,301.37588659467565,706.9481240097067,0.913786768999103,353
3327000,13308.000000876198,-832957.0664568078,163783.32522767643,-669173.7412291314,303.3167997330218,706.9481240097067,0.913786768999103,353
3328000,13312.000000877013,-832356.4984067762,163271.20850907196,-669085.2898977043,302.3683905835498,706.9481240097067,0.913786768999103,353
3329000,13316.000000877828,-834132.8083694251,162128.88726086734,-672003.9211085578,300.25288080994613,706.9481240097067,0.913786768999103,353
3330000,13320.000000878643,-833079.6956987418,162986.89382163854,-670092.8018771033,301.8418570002957,706.9481240097067,0.913786768999103,353
3331000,13324.000000879458,-833780.988457175,163402.3301271149,-670378.6583300601,302.6112198795438,706.9481240097067,0.913786768999103,353
3332000,13328.000000880273,-832866.1646934524,163334.59200002626,-669531.5726934262,302.4857729703431,706.9481240097067,0.913786768999103,353
3333000,13332.000000881088,-832023.2898779996,162102.89424898615,-669920.3956290134,300.2047433260584,706.9481240097067,0.913786768999103,353
3334000,13336.000000881902,-834242.8915818846,161593.77793868945,-672649.1136431951,299.26189075107004,706.9481240097067,0.913786768999103,353
3335000,13340.000000882717,-831837.8099988438,162122.191883969,-669715.6181148748,300.24048137739715,706.9481240097067,0.913786768999103,353
3336000,13344.000000883532,-833453.0202070074,161549.2290172857,-671903.7911897218,299.17938884647765,706.9481240097067,0.913786768999103,353
3337000,13348.000000884347,-833980.8106042016,162271.5927091737,-671709.217895028,300.51716265808045,706.9481240097067,0.913786768999103,353
3338000,13352.000000885162,-831633.3489554394,163533.07718401804,-668100.2717714214,302.85335551099007,706.9481240097067,0.913786768999103,353
3339000,13356.000000885977,-832404.3543621218,161928.18040516006,-670476.1739569617,299.8811838678247,706.9481240097067,0.913786768999103,353
3340000,13360.000000886792,-833642.0092095248,162394.4442173406,-671247.5649921843,300.74467621141537,706.9481240097067,0.913786768999103,353
3341000,13364.000000887607,-832295.4758308595,161674.89897723016,-670620.5768536293,299.41212200182144,706.9481240097067,0.913786768999103,353
3342000,13368.000000888422,-833215.6732687037,162720.30200926657,-670495.3712594372,301.3481451083721,706.9481240097067,0.913786768999103,353
3343000,13372.000000889237,-832747.4577973783,162711.72405425995,-670035.7337431184,301.33225925517405,706.9481240097067,0.913786768999103,353
3344000,13376.000000890052,-833361.9507593764,162331.80586499715,-671030.1448943792,300.6286737762044,706.9481240097067,0.913786768999103,353
3345000,13380.000000890866,-832170.5173410662,162579.0880040397,-669591.4293370264,301.0866253225004,706.9481240097067,0.913786768999103,353
3346000,13384.000000891681,-832263.3290958358,162074.60301759062,-670188.7260782452,300.1523496788085,706.9481240097067,0.913786768999103,353
3347000,13388.000000892496,-832581.9822747996,162455.45486392465,-670126.527410875,300.8576642341325,706.9481240097067,0.913786768999103,353
3348000,13392.000000893311,-831562.0674999347,162340.07923871325,-669221.9882612214,300.6439955632976,706.9481240097067,0.913786768999103,353
3349000,13396.000000894126,-831538.7853255766,162761.77636057977,-668777.0089649968,301.42495309535025,706.9481240097067,0.913786768999103,353
3350000,13400.000000894941,-831743.1882031765,162472.93972663477,-669270.2484765417,300.8900451410022,706.9481240097067,0.913786768999103,353
3351000,13404.000000895756,-832570.9679587521,162483.39782268115,-670087.570136071,300.90941290154603,706.9481240097067,0.913786768999103,353
3352000,13408.00000089657,-833181.6364921415,162703.23960574518,-670478.3968863963,301.3165465703362,706.9481240097067,0.913786768999103,353
3353000,13412.000000897386,-832487.1979612,162566.1991873516,-669920.9987738484,301.0627560145306,706.9481240097067,0.913786768999103,353
3354000,13416.0000008982,-830860.6436872948,163117.58361751353,-667743.0600697813,302.0838865877855,706.9481240097067,0.913786768999103,353
3355000,13420.000000899016,-830573.7715163305,161942.74269319244,-668631.0288231381,299.90815234338004,706.9481240097067,0.913786768999103,353
3356000,13424.00000089983,-832131.6906763697,162467.78393375804,-669663.9067426117,300.8804969248252,706.9481240097067,0.913786768999103,353
3357000,13428.000000900645,-830692.2314349888,161620.91819664085,-669071.3132383479,299.3121528652035,706.9481240097067,0.913786768999103,353
3358000,13432.00000090146,-831568.3781831283,162946.20054621412,-668622.1776369142,301.7664955185623,706.9481240097067,0.913786768999103,353
3359000,13436.000000902275,-832415.4022889305,161419.77919285215,-670995.6230960784,298.9396556110057,706.9481240097067,0.913786768999103,353
3360000,13440.00000090309,-833196.0916644791,161719.66098823262,-671476.4306762465,299.49501853544604,706.9481240097067,0.913786768999103,353
3361000,13444.000000903905,-832935.2843495952,162258.25668091746,-670677.0276686777,300.49246514136917,706.9481240097067,0.913786768999103,353
3362000,13448.00000090472,-834139.1991763031,162759.87201217085,-671379.3271641323,301.4214263574228,706.9481240097067,0.913786768999103,353
3363000,13452.000000905535,-834508.1270741681,162678.1863725218,-671829.9407016463,301.27014949961045,706.9481240097067,0.913786768999103,353
3364000,13456.00000090635,-831031.5599702131,162139.0404941038,-668892.5194761093,300.27168398302825,706.9481240097067,0.913786768999103,353
3365000,13460.000000907165,-833692.7809695173,162450.08910700562,-671242.6918625117,300.8477271772645,706.9481240097067,0.913786768999103,353
3366000,13464.00000090798,-831979.2121639047,162225.38050611987,-669753.8316577848,300.4315804565992,706.9481240097067,0.913786768999103,353
3367000,13468.000000908794,-832537.597408168,162743.94285450978,-669793.6545536582,301.39192652209164,706.9481240097067,0.913786768999103,353
3368000,13472.00000090961,-832186.5198952891,162151.0869217231,-670035.432973566,300.2939932374571,706.9481240097067,0.913786768999103,353
3369000,13476.000000910424,-832071.2936424715,163628.50460804428,-668442.7890344273,303.0300813212774,706.9481240097067,0.913786768999103,353
3370000,13480.00000091124,-832666.9113394078,162934.41654819227,-669732.4947912155,301.7446722678554,706.9481240097067,0.913786768999103,353
3371000,13484.000000912054,-832188.7839341899,162949.9261306075,-669238.8578035824,301.77339507524033,706.9481240097067,0.913786768999103,353
3372000,13488.000000912869,-830542.7723230049,161874.582969877,-668668.189353128,299.7819246634987,706.9481240097067,0.913786768999103,353
3373000,13492.000000913684,-831470.1482641269,162552.4881455769,-668917.66011855,301.0373639954937,706.9481240097067,0.913786768999103,353
3374000,13496.000000914499,-831279.7370943855,161898.87317920115,-669380.8639151844,299.82690866017117,706.9481240097067,0.913786768999103,353
3375000,13500.000000915314,-833298.7431955133,162761.19860085507,-670537.5445946582,301.42388311932876,706.9481240097067,0.913786768999103,353
3376000,13504.000000916129,-831955.05702921,162471.55895015574,-669483.4980790543,300.88748802658176,706.9481240097067,0.913786768999103,353
3377000,13508.000000916943,-833265.7572674807,161289.4363165468,-671976.320950934,298.69826849754975,706.9481240097067,0.913786768999103,353
3378000,13512.000000917758,-832970.3698133081,162864.10465691972,-670106.2651563884,301.6144589032511,706.9481240097067,0.913786768999103,353
3379000,13516.000000918573,-829554.247174982,162059.91461474437,-667494.3325602376,300.1251476462553,706.9481240097067,0.913786768999103,353
3380000,13520.000000919388,-830777.0923893023,162821.48016248655,-667955.6122268158,301.5355209208666,706.9481240097067,0.913786768999103,353
3381000,13524.000000920203,-832126.9879032103,162231.24507704773,-669895.7428261626,300.4424412868038,706.9481240097067,0.913786768999103,353
3382000,13528.000000921018,-832307.1848654533,162106.62696764147,-670200.5578978118,300.2116560949576,706.9481240097067,0.913786768999103,353
3383000,13532.000000921833,-831343.3675316777,162880.48024530523,-668462.8872863725,301.6447855012484,706.9481240097067,0.913786768999103,353
3384000,13536.000000922648,-832674.3721865676,163234.63457310322,-669439.7376134645,302.30065786902435,706.9481240097067,0.913786768999103,353
3385000,13540.000000923463,-832367.6642133342,162831.58474388724,-669536.079469447,301.55423399369516,706.9481240097067,0.913786768999103,353
3386000,13544.000000924278,-833593.1474602241,161821.24055631034,-671771.9069039137,299.68313774394767,706.9481240097067,0.913786768999103,353
3387000,13548.000000925093,-832785.1423077025,162397.44318925292,-670387.6991184496,300.7502301257816,706.9481240097067,0.913786768999103,353
3388000,13552.000000925907,-832710.6965849269,163398.56145606225,-669312.1351288647,302.6042405289821,706.9481240097067,0.913786768999103,353
3389000,13556.000000926722,-832615.735864765,162635.79179221985,-669979.9440725452,301.1916373042735,706.9481240097067,0.913786768999103,353
3390000,13560.000000927537,-833228.2973270202,162734.0935053907,-670494.2038216295,301.3736861239919,706.9481240097067,0.913786768999103,353
3391000,13564.000000928352,-833123.8256962644,163298.2992327334,-669825.526463531,302.418560963178,706.9481240097067,0.913786768999103,353
3392000,13568.000000929167,-835125.7436274132,163637.14339603356,-671488.6002313796,303.04607983347535,706.9481240097067,0.913786768999103,353
3393000,13572.000000929982,-833642.0157978097,162861.39272014803,-670780.6230776617,301.6094365605827,706.9481240097067,0.913786768999103,353
3394000,13576.000000930797,-833778.2776711527,163520.7010956484,-670257.5765755044,302.83043574481565,706.9481240097067,0.913786768999103,353
3395000,13580.000000931612,-832477.0645515146,162265.7011148634,-670211.3634366512,300.50625178220804,706.9481240097067,0.913786768999103,353
3396000,13584.000000932427,-833913.092830115,162219.1628330297,-671693.9299970854,300.4200657025736,706.9481240097067,0.913786768999103,353
3397000,13588.000000933242,-832475.8768508835,162782.27726716342,-669693.5995837201,301.46291953282446,706.9481240097067,0.913786768999103,353
3398000,13592.000000934057,-831527.4779437585,161944.664769326,-669582.8131744325,299.9117119119799,706.9481240097067,0.913786768999103,353
3399000,13596.000000934871,-832044.4278478734,163574.0806142743,-668470.347233599,302.9292913806894,706.9481240097067,0.913786768999103,353
3400000,13600.000000935686,-832440.5573050128,162196.16196677825,-670244.3953382346,300.37746949119014,706.9481240097067,0.913786768999103,353
3401000,13604.000000936501,-832266.7024546294,161803.214432035,-670463.4880225944,299.64975445343754,706.9481240097067,0.913786768999103,353
3402000,13608.000000937316,-832200.5937676439,162175.8573471997,-670024.7364204442,300.3398665653624,706.9481240097067,0.913786768999103,353
3403000,13612.000000938131,-832404.8617929481,162736.16905001737,-669668.6927429307,301.3775299069472,706.9481240097067,0.913786768999103,353
3404000,13616.000000938946,-834335.7402298469,163541.9895415125,-670793.7506883345,302.8698606573445,706.9481240097067,0.913786768999103,353
3405000,13620.00000093976,-833336.5192079339,163930.18940989513,-669406.3297980388,303.58878330451216,706.9481240097067,0.913786768999103,353
3406000,13624.000000940576,-831006.8646212369,163173.19074836362,-667833.6738728733,302.18686762659604,706.9481240097067,0.913786768999103,353
3407000,13628.00000094139,-832891.4918282842,163189.94172778004,-669701.5501005042,302.21788942604917,706.9481240097067,0.913786768999103,353
3408000,13632.000000942206,-833713.1816455461,163133.95220890397,-670579.2294366421,302.1142002277716,706.9481240097067,0.913786768999103,353
3409000,13636.00000094302,-833641.1363533977,163787.7111604833,-669853.4251929144,303.32492221497154,706.9481240097067,0.913786768999103,353
3410000,13640.000000943835,-833527.4848619401,161427.72325546993,-672099.7616064702,298.9543675338877,706.9481240097067,0.913786768999103,353
3411000,13644.00000094465,-833404.5064649535,162754.37739371823,-670650.1290712353,301.41125065679825,706.9481240097067,0.913786768999103,353
3412000,13648.000000945465,-833132.9677434573,161987.4750834168,-671145.4926600405,299.99099402111733,706.9481240097067,0.913786768999103,353
3413000,13652.00000094628,-832886.1940601114,163014.93025250983,-669871.2638076015,301.89377877240526,706.9481240097067,0.913786768999103,353
3414000,13656.000000947095,-834151.9969256287,163066.13762662426,-671085.8592990045,301.9886117281871,706.9481240097067,0.913786768999103,353
3415000,13660.00000094791,-833299.4041911056,162275.78036262665,-671023.623828479,300.5249179386743,706.9481240097067,0.913786768999103,353
3416000,13664.000000948725,-831912.5239566397,161929.7306101216,-669982.7933465181,299.88405475353426,706.9481240097067,0.913786768999103,353
3417000,13668.00000094954,-832446.401281747,162472.52360111114,-669973.8776806359,300.8892745017327,706.9481240097067,0.913786768999103,353
3418000,13672.000000950355,-834155.9440972386,164225.91092191177,-669930.0331753269,304.1364416361061,706.9481240097067,0.913786768999103,353
3419000,13676.00000095117,-832663.0165515235,163334.67853125167,-669328.3380202719,302.4859332209323,706.9481240097067,0.913786768999103,353
3420000,13680.000000951984,-834603.4401256051,162590.9791428555,-672012.4609827496,301.10864699146936,706.9481240097067,0.913786768999103,353
3421000,13684.0000009528,-835865.5123249348,163120.83784199535,-672744.6744829395,302.08991321445257,706.9481240097067,0.913786768999103,353
3422000,13688.000000953614,-833115.9198635034,162826.12501929328,-670289.7948442101,301.54412291438376,706.9481240097067,0.913786768999103,353
3423000,13692.00000095443,-832693.6810400672,163234.33927651928,-669459.341763548,302.3001109976338,706.9481240097067,0.913786768999103,353
3424000,13696.000000955244,-832260.2013188889,162641.83994618818,-669618.3613727008,301.2028381191514,706.9481240097067,0.913786768999103,353
3425000,13700.000000956059,-831555.9169010147,162040.78268918337,-669515.1342118314,300.0897164787306,706.9481240097067,0.913786768999103,353
3426000,13704.000000956874,-833764.660680294,162963.05581344536,-670801.6048668487,301.7977104527329,706.9481240097067,0.913786768999103,353
3427000,13708.000000957689,-832060.223132507,163531.1004286094,-668529.1227038975,302.84969467968403,706.9481240097067,0.913786768999103,353
3428000,13712.000000958504,-832730.4843959557,162917.45351007208,-669813.0308858836,301.713257748525,706.9481240097067,0.913786768999103,353
3429000,13716.000000959319,-832517.458512675,162339.73318137717,-670177.7253312978,300.64335468606816,706.9481240097067,0.913786768999103,353
3430000,13720.000000960134,-830935.130293889,163365.48789083512,-667569.6424030538,302.54299028909037,706.9481240097067,0.913786768999103,353
3431000,13724.000000960948,-833418.7433633925,162809.75929720543,-670608.9840661872,301.5138145881723,706.9481240097067,0.913786768999103,353
3432000,13728.000000961763,-835540.4996506982,161683.86451613193,-673856.6351345662,299.42872563692157,706.9481240097067,0.913786768999103,353
3433000,13732.000000962578,-832396.8199732611,162543.85450948565,-669852.9654637754,301.0213750242989,706.9481240097067,0.913786768999103,353
3434000,13736.000000963393,-832831.6518061729,162603.11575542134,-670228.5360507516,301.1311232629576,706.9481240097067,0.913786768999103,353
3435000,13740.000000964208,-832215.149393715,162146.8759868679,-670068.273406847,300.2861948411162,706.9481240097067,0.913786768999103,353
3436000,13744.000000965023,-833210.0314319842,162884.4230365079,-670325.6083954762,301.6520873117835,706.9481240097067,0.913786768999103,353
3437000,13748.000000965838,-833000.2728811707,162979.36400483776,-670020.9088763329,301.8279122355804,706.9481240097067,0.913786768999103,353
3438000,13752.000000966653,-832610.1176818153,162022.5128242718,-670587.6048575435,300.05588179532293,706.9481240097067,0.913786768999103,353
3439000,13756.000000967468,-831712.6423326926,162364.4554078834,-669348.1869248092,300.6891387523992,706.9481240097067,0.913786768999103,353
3440000,13760.000000968283,-833064.2283069603,162655.34254178533,-670408.885765175,301.22784410849084,706.9481240097067,0.913786768999103,353
3441000,13764.000000969098,-832888.8170255814,161235.13603223348,-671653.6809933479,298.5977076593838,706.9481240097067,0.913786768999103,353
3442000,13768.000000969912,-831924.9007718647,162598.86184919614,-669326.0389226686,301.12324528624174,706.9481240097067,0.913786768999103,353
3443000,13772.000000970727,-833036.8643280566,162267.51122168553,-670769.353106371,300.50960399042395,706.9481240097067,0.913786768999103,353
3444000,13776.000000971542,-832347.2301132781,162416.15610267932,-669931.0740105988,300.78488530820806,706.9481240097067,0.913786768999103,353
3445000,13780.000000972357,-833650.9591673184,162712.9047273519,-670938.0544399666,301.3344457902397,706.9481240097067,0.913786768999103,353
3446000,13784.000000973172,-834014.862720524,162308.2406591964,-671706.6220613276,300.5850324421516,706.9481240097067,0.913786768999103,353
3447000,13788.000000973987,-832583.9103041133,162379.2326098641,-670204.6776942492,300.7165052355718,706.9481240097067,0.913786768999103,353
3448000,13792.000000974802,-832757.4502112633,162108.721022918,-670648.7291883453,300.21553415851537,706.9481240097067,0.913786768999103,353
3449000,13796.000000975617,-832856.4440142969,162351.65923284902,-670504.7847814478,300.66544101116176,706.9481240097067,0.913786768999103,353
3450000,13800.000000976432,-832572.2046597619,162267.8666112002,-670304.3380485617,300.5102621502831,706.9481240097067,0.913786768999103,353
3451000,13804.000000977247,-833565.6325978152,162113.3474513195,-671452.2851464958,300.2241020237421,706.9481240097067,0.913786768999103,353
3452000,13808.000000978062,-832613.8184491191,162324.07518249063,-670289.7432666285,300.6143570203663,706.9481240097067,0.913786768999103,353
3453000,13812.000000978876,-832152.623906971,163146.0470586648,-669006.5768483062,302.13659915707416,706.9481240097067,0.913786768999103,353
3454000,13816.000000979691,-832438.9852907788,162664.64867661847,-669774.3366141603,301.2450785066296,706.9481240097067,0.913786768999103,353
3455000,13820.000000980506,-833646.373326458,162359.51583108527,-671286.8574953728,300.6799909553059,706.9481240097067,0.913786768999103,353
3456000,13824.000000981321,-832276.5064512119,164028.43742797774,-668248.0690232341,303.7707326841789,706.9481240097067,0.913786768999103,353
3457000,13828.000000982136,-834078.838540189,162543.721244578,-671535.117295611,301.0211282257603,706.9481240097067,0.913786768999103,353
3458000,13832.000000982951,-832328.8286609268,163817.4433217488,-668511.3853391779,303.3799843770791,706.9481240097067,0.913786768999103,353
3459000,13836.000000983766,-833449.1842890633,162838.62163443177,-670610.5626546316,301.56726588883515,706.9481240097067,0.913786768999103,353
3460000,13840.00000098458,-832276.5510623613,162845.1098560458,-669431.4412063155,301.57928168234275,706.9481240097067,0.913786768999103,353
3461000,13844.000000985396,-833793.9457565751,162206.83101768774,-671587.1147388874,300.39722792736524,706.9481240097067,0.913786768999103,353
3462000,13848.00000098621,-833085.8549965154,163642.938883245,-669442.9161132704,303.0568127248208,706.9481240097067,0.913786768999103,353
3463000,13852.000000987025,-834285.2111268528,161960.0683087879,-672325.1428180649,299.9402383342372,706.9481240097067,0.913786768999103,353
3464000,13856.00000098784,-833436.8647885276,163078.86588170083,-670357.9989068268,302.0121836857758,706.9481240097067,0.913786768999103,353
3465000,13860.000000988655,-833256.2261392642,161712.54489798914,-671543.681241275,299.48183996725993,706.9481240097067,0.913786768999103,353
3466000,13864.00000098947,-834612.9901526337,162563.1891732011,-672049.8009794326,301.05718165060796,706.9481240097067,0.913786768999103,353
3467000,13868.000000990285,-833194.2740871916,162123.6424193104,-671070.6316678812,300.2431676810061,706.9481240097067,0.913786768999103,353
3468000,13872.0000009911,-833885.0304104462,163069.24079382006,-670815.7896166262,301.9943586059084,706.9481240097067,0.913786768999103,353
3469000,13876.000000991915,-833813.390999184,162696.28873868808,-671117.1022604959,301.30367398548543,706.9481240097067,0.913786768999103,353
3470000,13880.00000099273,-832451.3215427585,162121.5064919464,-670329.8150508121,300.23921207287805,706.9481240097067,0.913786768999103,353
3471000,13884.000000993545,-832600.5916262632,163104.97398035234,-669495.6176459109,302.0605343033926,706.9481240097067,0.913786768999103,353
3472000,13888.00000099436,-832722.5469979076,162275.47478843236,-670447.0722094752,300.52435203377183,706.9481240097067,0.913786768999103,353
3473000,13892.000000995175,-832770.8580264887,162807.72593007993,-669963.1320964087,301.510048915395,706.9481240097067,0.913786768999103,353
3474000,13896.00000099599,-832989.2424516603,162207.6037914281,-670781.6386602323,300.39865905753385,706.9481240097067,0.913786768999103,353
3475000,13900.000000996804,-832731.1960021434,162418.28563994775,-670312.9103621957,300.7888290822661,706.9481240097067,0.913786768999103,353
3476000,13904.00000099762,-833479.5019472707,162053.04411546834,-671426.4578318023,300.11242389766807,706.9481240097067,0.913786768999103,353
3477000,13908.000000998434,-831980.2876705108,162422.83700258064,-669557.4506679302,300.79725793023533,706.9481240097067,0.913786768999103,353
3478000,13912.00000099925,-832558.2233253336,162628.57761659275,-669929.6457087408,301.17827708789684,706.9481240097067,0.913786768999103,353
3479000,13916.000001000064,-833990.8151551122,163489.95405201998,-670500.8611030922,302.77349408203247,706.9481240097067,0.913786768999103,353
3480000,13920.000001000879,-833327.8233188335,163731.38032636564,-669596.4429924679,303.2206009215364,706.9481240097067,0.913786768999103,353
3481000,13924.000001001694,-831132.1051950417,164371.3352627604,-666760.7699322813,304.40575870857475,706.9481240097067,0.913786768999103,353
3482000,13928.000001002509,-832931.2751747807,162386.0478749434,-670545.2272998374,300.7291266937716,706.9481240097067,0.913786768999103,353
3483000,13932.000001003324,-832919.7991907736,163290.4703064324,-669629.3288843413,302.4040622657821,706.9481240097067,0.913786768999103,353
3484000,13936.000001004139,-832419.4057847783,162606.87334772697,-669812.5324370513,301.1380820963508,706.9481240097067,0.913786768999103,353
3485000,13940.000001004953,-834321.4113201685,162224.53585107916,-672096.8754690894,300.43001620661545,706.9481240097067,0.913786768999103,353
3486000,13944.000001005768,-831806.0831726212,160816.92594840028,-670989.1572242209,297.8232079105966,706.9481240097067,0.913786768999103,353
3487000,13948.000001006583,-833345.1395242149,162488.02944595506,-670857.1100782598,300.91799038736195,706.9481240097067,0.913786768999103,353
3488000,13952.000001007398,-832617.6628262559,162169.469309767,-670448.1935164889,300.32803630689153,706.9481240097067,0.913786768999103,353
3489000,13956.000001008213,-832719.1509299418,163394.86148281823,-669324.2894471235,302.5973884026016,706.9481240097067,0.913786768999103,353
3490000,13960.000001009028,-833836.3519438514,162214.06600919156,-671622.2859346599,300.41062669348497,706.9481240097067,0.913786768999103,353
3491000,13964.000001009843,-832577.550958083,162683.41535536235,-669894.1356027207,301.2798332591681,706.9481240097067,0.913786768999103,353
3492000,13968.000001010658,-831409.673733783,163131.25766334948,-668278.4160704334,302.1092100925843,706.9481240097067,0.913786768999103,353
3493000,13972.000001011473,-833845.4695033403,163337.8828258597,-670507.5866774806,302.49186738049684,706.9481240097067,0.913786768999103,353
3494000,13976.000001012288,-833044.5473879287,162738.67875858222,-670305.8686293465,301.3821777352233,706.9481240097067,0.913786768999103,353
3495000,13980.000001013103,-832511.8375637336,162695.77242036577,-669816.0651433677,301.30271779522036,706.9481240097067,0.913786768999103,353
3496000,13984.000001013917,-832023.0027143434,162339.48534458026,-669683.5173697631,300.64289570732905,706.9481240097067,0.913786768999103,353
3497000,13988.000001014732,-831990.651791878,163275.20452315244,-668715.4472687256,302.3757909596314,706.9481240097067,0.913786768999103,353
3498000,13992.000001015547,-833265.7261402467,162233.26358321513,-671032.4625570315,300.4461794379867,706.9481240097067,0.913786768999103,353
3499000,13996.000001016362,-831630.0250712242,163120.1436576763,-668509.8814135479,302.08862762713295,706.9481240097067,0.913786768999103,353
3500000,14000.000001017177,-832461.3169815727,163298.45702796878,-669162.8599536039,302.41885319039795,706.9481240097067,0.913786768999103,353
3501000,14004.000001017992,-831946.8401460033,162954.3425766742,-668992.4975693291,301.78157406589935,706.9481240097067,0.913786768999103,353
3502000,14008.000001018807,-832475.634746152,161698.94071235333,-670776.6940337986,299.45664583932114,706.9481240097067,0.913786768999103,353
3503000,14012.000001019622,-834335.1356175384,162513.75803963738,-671821.377577901,300.9656381847583,706.9481240097067,0.913786768999103,353
3504000,14016.000001020437,-832181.3279701127,161787.85483373143,-670393.4731363812,299.6213094075445,706.9481240097067,0.913786768999103,353
3505000,14020.000001021252,-833270.2583374456,163767.1900389421,-669503.0682985035,303.2869183406201,706.9481240097067,0.913786768999103,353
3506000,14024.000001022066,-831881.6254042117,162293.91761859227,-669587.7077856194,300.55850703834477,706.9481240097067,0.913786768999103,353
3507000,14028.000001022881,-832092.9048288362,163697.42559015378,-668395.4792386824,303.157718806344,706.9481240097067,0.913786768999103,353
3508000,14032.000001023696,-832398.1500045285,162204.1093313147,-670194.0406732138,300.3921875290256,706.9481240097067,0.913786768999103,353
3509000,14036.000001024511,-832759.7585971858,163839.85484149796,-668919.9037556879,303.4214891544306,706.9481240097067,0.913786768999103,353
3510000,14040.000001025326,-830495.8075051056,163575.22156379477,-666920.5859413109,302.9314043501063,706.9481240097067,0.913786768999103,353
3511000,14044.000001026141,-833598.9688630188,162517.0721839556,-671081.8966790632,300.9717757793337,706.9481240097067,0.913786768999103,353
3512000,14048.000001026956,-833535.6379530746,162127.67224291817,-671407.9657101565,300.2506306702848,706.9481240097067,0.913786768999103,353
3513000,14052.00000102777,-832579.128927635,162722.62795855268,-669856.5009690823,301.3524526255923,706.9481240097067,0.913786768999103,353
3514000,14056.000001028586,-833090.5988844596,162543.9077422138,-670546.6911422458,301.02147360808766,706.9481240097067,0.913786768999103,353
3515000,14060.0000010294,-832523.6058280468,162791.18338834695,-669732.4224396999,301.4794131299087,706.9481240097067,0.913786768999103,353
3516000,14064.000001030216,-831485.2470613783,161912.17561475115,-669573.0714466271,299.85154396522483,706.9481240097067,0.913786768999103,353
3517000,14068.00000103103,-832213.9047527639,162272.01484279637,-669941.8899099675,300.51794442398557,706.9481240097067,0.913786768999103,353
3518000,14072.000001031845,-833184.6271488806,163448.70968163986,-669735.9174672407,302.6971120058149,706.9481240097067,0.913786768999103,353
3519000,14076.00000103266,-831906.6153413476,163470.68035879172,-668435.9349825559,302.73780036937336,706.9481240097067,0.913786768999103,353
3520000,14080.000001033475,-834803.5767415809,162852.5379801238,-671951.0387614571,301.5930381182939,706.9481240097067,0.913786768999103,353
3521000,14084.00000103429,-834675.0723776035,163337.62883123686,-671337.4435463666,302.491396997837,706.9481240097067,0.913786768999103,353
3522000,14088.000001035105,-833979.0294168238,162644.40668401011,-671334.6227328137,301.20759156215803,706.9481240097067,0.913786768999103,353
3523000,14092.00000103592,-833395.070968789,162232.53295343407,-671162.538015355,300.44482635587855,706.9481240097067,0.913786768999103,353
3524000,14096.000001036735,-832602.7755735898,161777.83151858512,-670824.9440550047,299.6027468348976,706.9481240097067,0.913786768999103,353
3525000,14100.00000103755,-832231.6426155362,162118.88082492756,-670112.7617906086,300.2343494965675,706.9481240097067,0.913786768999103,353
3526000,14104.000001038365,-832103.4976598816,162619.3155006778,-669484.1821592038,301.16112421012883,706.9481240097067,0.913786768999103,353
3527000,14108.00000103918,-832295.4821463767,163543.79986744968,-668751.6822789271,302.8732132713483,706.9481240097067,0.913786768999103,353
3528000,14112.000001039994,-832949.5040451623,161939.97312041954,-671009.5309247428,299.90302326232774,706.9481240097067,0.913786768999103,353
3529000,14116.00000104081,-832566.980550521,161802.42364962515,-670764.5569008959,299.6482899723037,706.9481240097067,0.913786768999103,353
3530000,14120.000001041624,-832095.8006091174,163005.61836897608,-669090.1822401413,301.87653372802106,706.9481240097067,0.913786768999103,353
3531000,14124.00000104244,-833030.9285201216,162845.8339099864,-670185.0946101352,301.5806225863926,706.9481240097067,0.913786768999103,353
3532000,14128.000001043254,-831839.0941903172,162783.33417288156,-669055.7600174356,301.4648768582091,706.9481240097067,0.913786768999103,353
3533000,14132.000001044069,-833078.4766589152,163322.675917247,-669755.8007416682,302.4637051066644,706.9481240097067,0.913786768999103,353
3534000,14136.000001044884,-831861.3478262676,162341.43689602258,-669519.910930245,300.6465098624159,706.9481240097067,0.913786768999103,353
3535000,14140.000001045699,-832639.2360733273,161362.20374895024,-671277.032324377,298.83302937562274,706.9481240097067,0.913786768999103,353
3536000,14144.000001046514,-833086.0168896541,162331.90015391773,-670754.1167357364,300.62884839357525,706.9481240097067,0.913786768999103,353
3537000,14148.000001047329,-833811.0295621483,162895.70366821496,-670915.3258939333,301.6729783585588,706.9481240097067,0.913786768999103,353
3538000,14152.000001048144,-831074.965884543,163265.1418947439,-667809.8239897991,302.3571555812036,706.9481240097067,0.913786768999103,353
3539000,14156.000001048958,-832480.973631354,162526.23624512425,-669954.7373862298,300.9887470656497,706.9481240097067,0.913786768999103,353
3540000,14160.000001049773,-832347.7966228677,161317.39927458524,-671030.3973482824,298.7500542024223,706.9481240097067,0.913786768999103,353
3541000,14164.000001050588,-833432.84181342,162501.66164567322,-670931.1801677467,300.9432363956847,706.9481240097067,0.913786768999103,353
3542000,14168.000001051403,-832558.078161248,162241.60303429473,-670316.4751269533,300.4616235963556,706.9481240097067,0.913786768999103,353
3543000,14172.000001052218,-831882.9211065294,162448.81615757884,-669434.1049489506,300.84536975201485,706.9481240097067,0.913786768999103,353
3544000,14176.000001053033,-831729.6820275523,163804.4680947995,-667925.2139327528,303.3559550425384,706.9481240097067,0.913786768999103,353
3545000,14180.000001053848,-832441.6719516125,162755.68915054903,-669685.9828010635,301.41367995100995,706.9481240097067,0.913786768999103,353
3546000,14184.000001054663,-831472.324167042,161665.238432752,-669807.0857342901,299.3942312584829,706.9481240097067,0.913786768999103,353
3547000,14188.000001055478,-832495.5324214222,162408.99628789537,-670086.5361335268,300.7716257648209,706.9481240097067,0.913786768999103,353
3548000,14192.000001056293,-832640.1198368073,162507.57672041055,-670132.5431163968,300.95419075588603,706.9481240097067,0.913786768999103,353
3549000,14196.000001057108,-833659.5642559398,162797.87973066745,-670861.6845252723,301.4918143503611,706.9481240097067,0.913786768999103,353
3550000,14200.000001057922,-833118.4261532258,162218.63593673386,-670899.790216492,300.4190899225421,706.9481240097067,0.913786768999103,353
3551000,14204.000001058737,-832393.698056805,163352.04420040455,-669041.6538564004,302.51809338855224,706.9481240097067,0.913786768999103,353
3552000,14208.000001059552,-831818.839434172,162778.67702789034,-669040.1624062817,301.45625210771834,706.9481240097067,0.913786768999103,353
3553000,14212.000001060367,-833953.5125847561,162231.08490900276,-671722.4276757534,300.44214466528416,706.9481240097067,0.913786768999103,353
3554000,14216.000001061182,-831754.8879596433,163492.59038722,-668262.2975724232,302.7783764151685,706.9481240097067,0.913786768999103,353
3555000,14220.000001061997,-832885.0519864857,162742.37801876562,-670142.6739677201,301.3890285410587,706.9481240097067,0.913786768999103,353
3556000,14224.000001062812,-831800.6649929956,161933.5903346988,-669867.0746582968,299.8912027297094,706.9481240097067,0.913786768999103,353
3557000,14228.000001063627,-833220.409466614,161582.57728752246,-671637.8321790915,299.2411478234113,706.9481240097067,0.913786768999103,353
3558000,14232.000001064442,-833534.9982232722,162231.80783059826,-671303.190392674,300.4434834722995,706.9481240097067,0.913786768999103,353
3559000,14236.000001065257,-831679.0055879802,163435.75450729684,-668243.2510806833,302.6731198074867,706.9481240097067,0.913786768999103,353
3560000,14240.000001066071,-831825.5068353051,162528.9399015794,-669296.5669337257,300.99375407367336,706.9481240097067,0.913786768999103,353
3561000,14244.000001066886,-832531.9286091393,162867.5612241855,-669664.3673849538,301.6208602565004,706.9481240097067,0.913786768999103,353
3562000,14248.000001067701,-831352.4480093708,163470.64274660553,-667881.8052627653,302.7377307138823,706.9481240097067,0.913786768999103,353
3563000,14252.000001068516,-831438.3057778655,162282.69883065898,-669155.6069472064,300.53773052249323,706.9481240097067,0.913786768999103,353
3564000,14256.000001069331,-831895.6175867012,163103.3828947536,-668792.2346919476,302.05758770921864,706.9481240097067,0.913786768999103,353
3565000,14260.000001070146,-831067.0591853391,162228.7920590068,-668838.2671263323,300.4378984459449,706.9481240097067,0.913786768999103,353
3566000,14264.000001070961,-831622.9314724794,161925.75730221116,-669697.1741702682,299.87669642790456,706.9481240097067,0.913786768999103,353
3567000,14268.000001071776,-833469.1423258213,163001.34564061358,-670467.7966852078,301.86862089384675,706.9481240097067,0.913786768999103,353
3568000,14272.00000107259,-832228.5868294667,162687.30207496282,-669541.284754504,301.2870312284915,706.9481240097067,0.913786768999103,353
3569000,14276.000001073406,-833264.2548976252,161697.34516928688,-671566.9097283382,299.4536909901869,706.9481240097067,0.913786768999103,353
3570000,14280.00000107422,-833413.5202488201,161770.1239538014,-671643.3962950187,299.58847289168216,706.9481240097067,0.913786768999103,353
3571000,14284.000001075035,-832426.1684605693,161934.48423812859,-670491.6842224407,299.8928581847273,706.9481240097067,0.913786768999103,353
3572000,14288.00000107585,-832689.2829710227,163459.31361674707,-669229.9693542756,302.71674985146757,706.9481240097067,0.913786768999103,353
3573000,14292.000001076665,-832576.3888647165,162781.3692953413,-669795.0195693752,301.461238023996,706.9481240097067,0.913786768999103,353
3574000,14296.00000107748,-831790.4254169529,162888.06547348946,-668902.3599434635,301.6588328844902,706.9481240097067,0.913786768999103,353
3575000,14300.000001078295,-831885.4399494212,162009.9226869313,-669875.5172624899,300.03256562341704,706.9481240097067,0.913786768999103,353
3576000,14304.00000107911,-834734.6534611788,162960.043117468,-671774.6103437108,301.7921311222293,706.9481240097067,0.913786768999103,353
3577000,14308.000001079925,-831723.924435541,162193.59900225356,-669530.3254332875,300.37272303610155,706.9481240097067,0.913786768999103,353
3578000,14312.00000108074,-832649.9090865981,162435.0853832324,-670214.8237033656,300.8199411894501,706.9481240097067,0.913786768999103,353
3579000,14316.000001081555,-832716.0281528579,162353.9622101035,-670362.0659427544,300.6697059855706,706.9481240097067,0.913786768999103,353
3580000,14320.00000108237,-832130.2478196891,163065.90456228706,-669064.3432574021,301.98818010714876,706.9481240097067,0.913786768999103,353
3581000,14324.000001083185,-833808.2691883761,162011.76535678786,-671796.5038315883,300.03597813640084,706.9481240097067,0.913786768999103,353
3582000,14328.000001084,-832458.0799435992,162909.38237597022,-669548.6975676289,301.69831049694983,706.9481240097067,0.913786768999103,353
3583000,14332.000001084814,-832947.6232023267,162659.51940094054,-670288.1038013862,301.235579398699,706.9481240097067,0.913786768999103,353
3584000,14336.00000108563,-832608.5905485218,162253.49738079373,-670355.093167728,300.48365120575954,706.9481240097067,0.913786768999103,353
3585000,14340.000001086444,-832991.5829816014,162951.64660127624,-670039.9363803251,301.7765812827285,706.9481240097067,0.913786768999103,353
3586000,14344.000001087259,-831035.351087668,162215.6876383135,-668819.6634493545,300.4136298524142,706.9481240097067,0.913786768999103,353
3587000,14348.000001088074,-831513.934354105,162462.24781582755,-669051.6865382774,300.8702443696809,706.9481240097067,0.913786768999103,353
3588000,14352.000001088889,-832427.3696122067,162107.40747625183,-670319.9621359549,300.213101549637,706.9481240097067,0.913786768999103,353
3589000,14356.000001089704,-832327.7894010954,161521.02887747367,-670806.7605236217,299.127163895324,706.9481240097067,0.913786768999103,353
3590000,14360.000001090519,-834300.0483072726,162205.51842512417,-672094.5298821484,300.3947970854271,706.9481240097067,0.913786768999103,353
3591000,14364.000001091334,-832897.1649085553,162148.44079177006,-670748.7241167852,300.2890927650316,706.9481240097067,0.913786768999103,353
3592000,14368.000001092149,-833434.3562460449,162257.8503894264,-671176.5058566185,300.49171271413246,706.9481240097067,0.913786768999103,353
3593000,14372.000001092963,-833952.9899888895,162852.7310463456,-671100.258942544,301.5933956652447,706.9481240097067,0.913786768999103,353
3594000,14376.000001093778,-832153.4402919346,162158.75348744192,-669994.6868044927,300.30819125288724,706.9481240097067,0.913786768999103,353
3595000,14380.000001094593,-831610.4407833135,161955.9877854858,-669654.4529978277,299.93268145219497,706.9481240097067,0.913786768999103,353
3596000,14384.000001095408,-831084.1982074715,163966.16964291903,-667118.0285645525,303.65541651713795,706.9481240097067,0.913786768999103,353
3597000,14388.000001096223,-832075.351066866,160927.96314679994,-671147.387920066,298.0288420777078,706.9481240097067,0.913786768999103,353
3598000,14392.000001097038,-832412.7314755786,162679.5572508507,-669733.1742247279,301.2726882832563,706.9481240097067,0.913786768999103,353
3599000,14396.000001097853,-831979.156829183,162755.3555448699,-669223.8012843131,301.4130621334951,706.9481240097067,0.913786768999103,353
3600000,14400.000001098668,-832848.7644555485,162637.57256116386,-670211.1918943846,301.1949351805158,706.9481240097067,0.913786768999103,353
3601000,14404.000001099483,-832056.4735772563,162280.46844209396,-669776.0051351624,300.5335999779414,706.9481240097067,0.913786768999103,353
3602000,14408.000001100298,-832273.8967471514,163567.92384248285,-668705.9729046685,302.91788941218084,706.9481240097067,0.913786768999103,353
3603000,14412.000001101113,-832113.1706512813,163115.79038704134,-668997.3802642399,302.0805656335476,706.9481240097067,0.913786768999103,353
3604000,14416.000001101927,-831533.5514602652,162358.2749265693,-669175.2765336959,300.6776928752906,706.9481240097067,0.913786768999103,353
3605000,14420.000001102742,-831405.888456489,161819.42515927984,-669586.4632972091,299.67977573858616,706.9481240097067,0.913786768999103,353
3606000,14424.000001103557,-831563.6491572643,162833.6162414603,-668730.032915804,301.55799620417463,706.9481240097067,0.913786768999103,353
3607000,14428.000001104372,-832075.4120760253,162076.09021231337,-669999.3218637119,300.1551038733717,706.9481240097067,0.913786768999103,353
3608000,14432.000001105187,-832213.7320848694,163139.49714981148,-669074.2349350579,302.1244691225351,706.9481240097067,0.913786768999103,353
3609000,14436.000001106002,-833473.7583336523,162977.5624086171,-670496.1959250352,301.82457578848295,706.9481240097067,0.913786768999103,353
3610000,14440.000001106817,-834405.0392961539,161420.50892107317,-672984.5303750808,298.9410070234793,706.9481240097067,0.913786768999103,353
3611000,14444.000001107632,-833943.1695395252,161992.18247621797,-671950.9870633072,299.99971182750915,706.9481240097067,0.913786768999103,353
3612000,14448.000001108447,-834878.4391303565,161846.6281523503,-673031.8109780062,299.73015403436096,706.9481240097067,0.913786768999103,353
3613000,14452.000001109262,-831877.8039876195,162467.07032272327,-669410.7336648962,300.8791753604046,706.9481240097067,0.913786768999103,353
3614000,14456.000001110076,-832904.3480936801,161553.85110014165,-671350.4969935385,299.1879486640172,706.9481240097067,0.913786768999103,353
3615000,14460.000001110891,-832699.6676919432,162299.46279123146,-670400.2049007118,300.56877636226125,706.9481240097067,0.913786768999103,353
3616000,14464.000001111706,-832437.5888156984,162742.24441961694,-669695.3443960815,301.388781123526,706.9481240097067,0.913786768999103,353
3617000,14468.000001112521,-831829.8686005417,163099.29347533913,-668730.5751252025,302.05001435211506,706.9481240097067,0.913786768999103,353
3618000,14472.000001113336,-831660.3425430497,163610.65533839492,-668049.6872046548,302.9970255548244,706.9481240097067,0.913786768999103,353
3619000,14476.000001114151,-831459.8203931209,162128.96558859054,-669330.8548045303,300.253025868146,706.9481240097067,0.913786768999103,353
3620000,14480.000001114966,-831713.4748988198,161512.68180239922,-670200.7930964206,299.1117056177784,706.9481240097067,0.913786768999103,353
3621000,14484.00000111578,-833608.1984698297,163651.78207496228,-669956.4163948675,303.07318978034453,706.9481240097067,0.913786768999103,353
3622000,14488.000001116596,-834528.0058060568,162362.86246852725,-672165.1433375295,300.6861887251788,706.9481240097067,0.913786768999103,353
3623000,14492.00000111741,-832792.7350742118,162581.9652096281,-670210.7698645837,301.09195373300884,706.9481240097067,0.913786768999103,353
3624000,14496.000001118226,-833370.8730361359,162190.06772796472,-671180.8053081712,300.3661833299698,706.9481240097067,0.913786768999103,353
3625000,14500.00000111904,-831885.7268549995,162688.80899445014,-669196.9178605494,301.28982195212416,706.9481240097067,0.913786768999103,353
3626000,14504.000001119855,-831679.5254865261,162149.09608485072,-669530.4294016754,300.290306328133,706.9481240097067,0.913786768999103,353
3627000,14508.00000112067,-831111.0170737626,163217.3724430757,-667893.6446306868,302.26868944959426,706.9481240097067,0.913786768999103,353
3628000,14512.000001121485,-831003.7914522868,162365.03724657907,-668638.7542057077,300.6902162824279,706.9481240097067,0.913786768999103,353
3629000,14516.0000011223,-833346.6200843314,163149.65234093336,-670196.967743398,302.14327592150255,706.9481240097067,0.913786768999103,353
3630000,14520.000001123115,-832166.0366425486,162151.60477642302,-670014.4318661257,300.29495227300043,706.9481240097067,0.913786768999103,353
3631000,14524.00000112393,-833766.744482398,162482.62029479374,-671284.1241876043,300.9079729669851,706.9481240097067,0.913786768999103,353
3632000,14528.000001124745,-832170.0656592846,163296.6951703594,-668873.3704889251,302.4155903368021,706.9481240097067,0.913786768999103,353
3633000,14532.00000112556,-832976.2688592607,162439.25482506395,-670537.0140341967,300.82766274322404,706.9481240097067,0.913786768999103,353
3634000,14536.000001126375,-830833.60507992,163201.9186370344,-667631.6864428857,302.2400699366761,706.9481240097067,0.913786768999103,353
3635000,14540.00000112719,-831883.4337966656,162602.97517429013,-669280.4586223755,301.1308629152161,706.9481240097067,0.913786768999103,353
3636000,14544.000001128004,-832637.4867264936,163842.58416694764,-668794.9025595459,303.4265436998776,706.9481240097067,0.913786768999103,353
3637000,14548.00000112882,-832870.4459884893,162905.37743206817,-669965.0685564212,301.6908935833795,706.9481240097067,0.913786768999103,353
3638000,14552.000001129634,-833682.0639604824,163977.94320894562,-669704.1207515367,303.6772204484214,706.9481240097067,0.913786768999103,353
3639000,14556.00000113045,-832520.0626927521,162362.78510436747,-670157.2775883847,300.68604545143995,706.9481240097067,0.913786768999103,353
3640000,14560.000001131264,-834672.3522358639,161948.2236911386,-672724.1285447252,299.91830281965144,706.9481240097067,0.913786768999103,353
3641000,14564.000001132079,-832675.6603863826,162173.1919241391,-670502.4684622434,300.3349303632701,706.9481240097067,0.913786768999103,353
3642000,14568.000001132894,-834469.8292971384,163192.62076306625,-671277.2085340722,302.22285083715894,706.9481240097067,0.913786768999103,353
3643000,14572.000001133709,-832364.8455141028,162696.62023627525,-669668.2252778276,301.30428789894165,706.9481240097067,0.913786768999103,353
3644000,14576.000001134524,-830632.5259563345,162265.24821022677,-668367.2777461078,300.5054130302485,706.9481240097067,0.913786768999103,353
3645000,14580.000001135339,-833739.9228382818,162255.79662566262,-671484.1262126192,300.4879092680162,706.9481240097067,0.913786768999103,353
3646000,14584.000001136154,-832586.7600680925,162352.64020178968,-670234.1198663028,300.66725770623316,706.9481240097067,0.913786768999103,353
3647000,14588.000001136968,-833334.5735118939,162728.58767194132,-670605.9858399525,301.36348965387253,706.9481240097067,0.913786768999103,353
3648000,14592.000001137783,-834867.5927726859,163017.7378701589,-671849.8549025271,301.89897831026417,706.9481240097067,0.913786768999103,353
3649000,14596.000001138598,-832599.2720614867,162736.89204862725,-669862.3800128595,301.37886885658844,706.9481240097067,0.913786768999103,353
3650000,14600.000001139413,-832715.6197584644,162124.45059516904,-670591.1691632953,300.24466437375384,706.9481240097067,0.913786768999103,353
3651000,14604.000001140228,-833638.9152028412,162970.31371581194,-670668.6014870292,301.8111516483829,706.9481240097067,0.913786768999103,353
3652000,14608.000001141043,-834568.3342125416,163007.1790134327,-671561.1551991089,301.87942394704334,706.9481240097067,0.913786768999103,353
3653000,14612.000001141858,-832429.4142343383,162442.6715768685,-669986.7426574698,300.83399036065026,706.9481240097067,0.913786768999103,353
3654000,14616.000001142673,-834613.2520250212,162385.86909461697,-672227.3829304043,300.72879560343387,706.9481240097067,0.913786768999103,353
3655000,14620.000001143488,-832263.072275077,163348.30451604977,-668914.7677590272,302.51116771959954,706.9481240097067,0.913786768999103,353
3656000,14624.000001144303,-832753.0966624711,162879.09533432074,-669874.0013281503,301.64222072997427,706.9481240097067,0.913786768999103,353
3657000,14628.000001145117,-831475.8684092313,163073.38439372773,-668402.4840155035,302.00203230200424,706.9481240097067,0.913786768999103,353
3658000,14632.000001145932,-833258.7226763945,162607.69616640694,-670651.0265099875,301.13960590671684,706.9481240097067,0.913786768999103,353
3659000,14636.000001146747,-832880.9849022478,162363.5312222778,-670517.45367997,300.68742721662557,706.9481240097067,0.913786768999103,353
3660000,14640.000001147562,-831766.5743210502,162370.03921955923,-669396.535101491,300.6994796334716,706.9481240097067,0.913786768999103,353
3661000,14644.000001148377,-831431.7195338104,162243.56851674573,-669188.1510170647,300.46526355082676,706.9481240097067,0.913786768999103,353
3662000,14648.000001149192,-831717.3201179923,161910.89336611948,-669806.4267518729,299.84916931841093,706.9481240097067,0.913786768999103,353
3663000,14652.000001150007,-833226.7779014409,162490.72660834115,-670736.0512930998,300.92298536876297,706.9481240097067,0.913786768999103,353
3664000,14656.000001150822,-833005.8478841819,162852.73672173754,-670153.1111624443,301.5934061757269,706.9481240097067,0.913786768999103,353
3665000,14660.000001151637,-831267.6639060285,162565.72533558242,-668701.9385704461,301.0618784697502,706.9481240097067,0.913786768999103,353
3666000,14664.000001152452,-832874.7281745886,162631.75198106043,-670242.9761935282,301.184155818654,706.9481240097067,0.913786768999103,353
3667000,14668.000001153267,-832446.0368180089,163542.50296001765,-668903.5338579912,302.8708114773238,706.9481240097067,0.913786768999103,353
3668000,14672.000001154081,-831063.9351333492,161421.15211558074,-669642.7830177684,298.94219818075595,706.9481240097067,0.913786768999103,353
3669000,14676.000001154896,-832700.6906277919,161356.76023919263,-671343.9303885993,298.8229483252063,706.9481240097067,0.913786768999103,353
3670000,14680.000001155711,-833840.2442676295,161735.52497930592,-672104.7192883235,299.52439768620303,706.9481240097067,0.913786768999103,353
3671000,14684.000001156526,-833968.2512283642,162700.81238076248,-671267.4388476016,301.312051496659,706.9481240097067,0.913786768999103,353
3672000,14688.000001157341,-833325.9087315062,162215.5065525082,-671110.402178998,300.41329449246916,706.9481240097067,0.913786768999103,353
3673000,14692.000001158156,-832704.4415172162,162906.61261267812,-669797.8289045381,301.6931810630675,706.9481240097067,0.913786768999103,353
3674000,14696.000001158971,-831615.6984540699,162311.4931824276,-669304.2052716423,300.59105591820554,706.9481240097067,0.913786768999103,353
3675000,14700.000001159786,-832746.9864864908,161944.1515549065,-670802.8349315843,299.91076146995493,706.9481240097067,0.913786768999103,353
3676000,14704.0000011606,-833474.8717099391,162383.877789526,-671090.9939204131,300.72510782699726,706.9481240097067,0.913786768999103,353
3677000,14708.000001161416,-832323.7311762674,162317.76888051,-670005.9622957574,300.60267813100285,706.9481240097067,0.913786768999103,353
3678000,14712.00000116223,-831416.0169366086,161670.09654755937,-669745.9203890492,299.4032281929025,706.9481240097067,0.913786768999103,353
3679000,14716.000001163045,-832096.6701463023,163465.20992019057,-668631.4602261118,302.72766944836945,706.9481240097067,0.913786768999103,353
3680000,14720.00000116386,-832269.6600658474,162933.05042571464,-669336.6096401329,301.7421422917581,706.9481240097067,0.913786768999103,353
3681000,14724.000001164675,-832756.5640032208,164282.2816002497,-668474.2824029711,304.2408367186242,706.9481240097067,0.913786768999103,353
3682000,14728.00000116549,-831683.4600580884,161622.4331275368,-670061.0269305516,299.3149584254797,706.9481240097067,0.913786768999103,353
3683000,14732.000001166305,-832408.6393223517,163361.25955794015,-669047.3797644115,302.53515967263337,706.9481240097067,0.913786768999103,353
3684000,14736.00000116712,-832945.5990558732,162961.23681003985,-669984.3622458334,301.7943417685832,706.9481240097067,0.913786768999103,353
3685000,14740.000001167935,-833672.0599033879,162014.07591769542,-671657.9839856925,300.04025715527587,706.9481240097067,0.913786768999103,353
3686000,14744.00000116875,-834059.5527343452,162137.0150030345,-671922.5377313107,300.26793289623004,706.9481240097067,0.913786768999103,353
3687000,14748.000001169565,-832278.263879871,162936.1088354379,-669342.1550444331,301.7478062813507,706.9481240097067,0.913786768999103,353
3688000,14752.00000117038,-832371.0990461502,162730.86143931095,-669640.2376068393,301.36770053334357,706.9481240097067,0.913786768999103,353
3689000,14756.000001171195,-833612.1260970561,163555.36391424696,-670056.7621828092,302.8946291857073,706.9481240097067,0.913786768999103,353
3690000,14760.00000117201,-832791.3082233435,163456.75836135267,-669334.5498619908,302.71201767322134,706.9481240097067,0.913786768999103,353
3691000,14764.000001172824,-832338.2604423091,162196.61743049615,-670141.6430118129,300.3783129824132,706.9481240097067,0.913786768999103,353
3692000,14768.00000117364,-833306.8352893526,164179.29705613432,-669127.5382332182,304.0501155795851,706.9481240097067,0.913786768999103,353
3693000,14772.000001174454,-832969.0878464049,163954.21173024474,-669014.8761161601,303.63327118702693,706.9481240097067,0.913786768999103,353
3694000,14776.000001175269,-834131.4500551764,162204.79888019856,-671926.6511749779,300.39346453179996,706.9481240097067,0.913786768999103,353
3695000,14780.000001176084,-833627.2637780141,162139.9237077817,-671487.3400702324,300.2733196412731,706.9481240097067,0.913786768999103,353
3696000,14784.000001176899,-832634.3113825805,162282.06743609975,-670352.2439464808,300.53656121800634,706.9481240097067,0.913786768999103,353
3697000,14788.000001177714,-833406.1670198198,161286.4365083901,-672119.7305114297,298.6927130345095,706.9481240097067,0.913786768999103,353
3698000,14792.000001178529,-832538.3477855837,162499.03991751117,-670039.3078680725,300.93838111389834,706.9481240097067,0.913786768999103,353
3699000,14796.000001179344,-833297.8244887544,161786.56204814778,-671511.2624406066,299.6189152469336,706.9481240097067,0.913786768999103,353
3700000,14800.000001180159,-834596.0170813678,163305.4445632834,-671290.5725180844,302.43179368264106,706.9481240097067,0.913786768999103,353
3701000,14804.000001180973,-831466.071669207,162838.78878524597,-668627.282883961,301.5675754420205,706.9481240097067,0.913786768999103,353
3702000,14808.000001181788,-833342.1350081423,163775.805493398,-669566.3295147443,303.3028736405273,706.9481240097067,0.913786768999103,353
3703000,14812.000001182603,-832867.1620676899,161891.2023709393,-670975.9596967506,299.81270278780835,706.9481240097067,0.913786768999103,353
3704000,14816.000001183418,-834089.879468617,162019.894174241,-672069.985294376,300.05103221404926,706.9481240097067,0.913786768999103,353
3705000,14820.000001184233,-832277.7737558074,162962.31557204266,-669315.4581837647,301.79633957048344,706.9481240097067,0.913786768999103,353
3706000,14824.000001185048,-832354.8532153713,161731.1206957919,-670623.7325195794,299.516241219855,706.9481240097067,0.913786768999103,353
3707000,14828.000001185863,-831055.0668515349,161657.5674679846,-669397.4993835503,299.38002509628114,706.9481240097067,0.913786768999103,353
3708000,14832.000001186678,-831393.7826312473,162843.73763840453,-668550.0449928427,301.57674041837157,706.9481240097067,0.913786768999103,353
3709000,14836.000001187493,-833289.4893890433,161981.56979675352,-671307.9195922897,299.9800577878364,706.9481240097067,0.913786768999103,353
3710000,14840.000001188308,-832809.3999741729,163086.70621788726,-669722.6937562857,302.0267035135886,706.9481240097067,0.913786768999103,353
3711000,14844.000001189122,-831231.4204847766,162282.5051300556,-668948.915354721,300.5373718007061,706.9481240097067,0.913786768999103,353
3712000,14848.000001189937,-832765.1412282763,160181.36386073745,-672583.7773675389,296.64618541338234,706.9481240097067,0.913786768999103,353
3713000,14852.000001190752,-832776.6617545485,162448.14466508327,-670328.5170894653,300.8441261885781,706.9481240097067,0.913786768999103,353
3714000,14856.000001191567,-831883.8327008467,162041.13451089407,-669842.6981899526,300.0903680312328,706.9481240097067,0.913786768999103,353
3715000,14860.000001192382,-832273.4103230992,162164.29960129102,-670109.1107218082,300.3184623198675,706.9481240097067,0.913786768999103,353
3716000,14864.000001193197,-831510.6071277373,162500.35834549187,-669010.2487822454,300.9408227626757,706.9481240097067,0.913786768999103,353
3717000,14868.000001194012,-831580.7883199127,162810.03946375483,-668770.7488561579,301.5143334396551,706.9481240097067,0.913786768999103,353
3718000,14872.000001194827,-833285.5173913697,162722.4802401974,-670563.0371511723,301.35217906014407,706.9481240097067,0.913786768999103,353
3719000,14876.000001195642,-833129.4811908221,163693.68363202576,-669435.7975587964,303.1507889265009,706.9481240097067,0.913786768999103,353
3720000,14880.000001196457,-832384.5944892364,162930.4827686994,-669454.111720537,301.7373871464612,706.9481240097067,0.913786768999103,353
3721000,14884.000001197272,-832949.6911497107,163193.89946623775,-669755.7916834729,302.22521891799533,706.9481240097067,0.913786768999103,353
3722000,14888.000001198086,-833228.274048375,162080.73264399864,-671147.5414043763,300.1637013757108,706.9481240097067,0.913786768999103,353
3723000,14892.000001198901,-833511.3617720585,161677.58647612,-671833.7752959386,299.4170990870126,706.9481240097067,0.913786768999103,353
3724000,14896.000001199716,-833391.4091687789,162838.13582947163,-670553.2733393073,301.56636620746895,706.9481240097067,0.913786768999103,353
3725000,14900.000001200531,-833464.8183065038,161420.5096349581,-672044.3086715457,298.941008345551,706.9481240097067,0.913786768999103,353
3726000,14904.000001201346,-833007.7519504884,163196.3119444531,-669811.4400060354,302.2296866815524,706.9481240097067,0.913786768999103,353
3727000,14908.000001202161,-833748.463963449,162667.89358090947,-671080.5703825395,301.25108787286774,706.9481240097067,0.913786768999103,353
3728000,14912.000001202976,-833165.9530356033,162107.1940287471,-671058.7590068562,300.2127062577844,706.9481240097067,0.913786768999103,353
3729000,14916.00000120379,-835074.6218726886,162942.2231372612,-672132.3987354274,301.7591295980502,706.9481240097067,0.913786768999103,353
3730000,14920.000001204606,-832259.686435503,162093.42727962276,-670166.2591558802,300.1872110721096,706.9481240097067,0.913786768999103,353
3731000,14924.00000120542,-833512.4287435999,163082.71605735936,-670429.7126862406,302.01931397793186,706.9481240097067,0.913786768999103,353
3732000,14928.000001206236,-832705.0813263552,162093.56314694238,-670611.5181794128,300.18746269015753,706.9481240097067,0.913786768999103,353
3733000,14932.00000120705,-833902.5199822858,163791.59591591923,-670110.9240663666,303.33211654678115,706.9481240097067,0.913786768999103,353
3734000,14936.000001207865,-831751.5879142489,162494.7999783695,-669256.7879358794,300.93052900337534,706.9481240097067,0.913786768999103,353
3735000,14940.00000120868,-832299.9740667008,161986.46062086726,-670313.5134458335,299.98911529791064,706.9481240097067,0.913786768999103,353
3736000,14944.000001209495,-831015.0431007529,161914.05212767597,-669100.9909730769,299.8550191535215,706.9481240097067,0.913786768999103,353
3737000,14948.00000121031,-832623.2038665349,161736.8184572203,-670886.3854093145,299.52679312896845,706.9481240097067,0.913786768999103,353
3738000,14952.000001211125,-832592.3834005343,162991.93007840985,-669600.4533221244,301.8511838428444,706.9481240097067,0.913786768999103,353
3739000,14956.00000121194,-833433.2942546913,163487.68236327567,-669945.6118914157,302.7692870520497,706.9481240097067,0.913786768999103,353
3740000,14960.000001212755,-834789.1182369813,162958.13851123172,-671830.9797257496,301.7886039068211,706.9481240097067,0.913786768999103,353
3741000,14964.00000121357,-834775.0664176578,162814.91583472374,-671960.150582934,301.52336418338035,706.9481240097067,0.913786768999103,353
3742000,14968.000001214385,-833916.012665825,161649.61217431416,-672266.4004915108,299.3652923741698,706.9481240097067,0.913786768999103,353
3743000,14972.0000012152,-832613.363973801,162439.5748662039,-670173.7891075971,300.82825544003384,706.9481240097067,0.913786768999103,353
3744000,14976.000001216014,-833318.3825041074,162522.7518647207,-670795.6306393867,300.9822942041536,706.9481240097067,0.913786768999103,353
3745000,14980.00000121683,-832597.1789576374,162704.66060638742,-669892.51835125,301.3191781774709,706.9481240097067,0.913786768999103,353
3746000,14984.000001217644,-831413.7225267626,161317.8288239786,-670095.8937027841,298.75084970188567,706.9481240097067,0.913786768999103,353
3747000,14988.00000121846,-831907.2684950726,161413.6612515009,-670493.6072435717,298.92832555412093,706.9481240097067,0.913786768999103,353
3748000,14992.000001219274,-832477.0446596462,163040.28714574507,-669436.7575139012,301.94073820308347,706.9481240097067,0.913786768999103,353
3749000,14996.000001220089,-833015.3231334593,163338.72298437322,-669676.6001490861,302.4934233031845,706.9481240097067,0.913786768999103,353
3750000,15000.000001220904,-832730.2061467487,162934.70768628686,-669795.4984604619,301.74521143797546,706.9481240097067,0.913786768999103,353
3751000,15004.000001221719,-832234.9894283498,162844.98593803437,-669390.0034903154,301.57905219368996,706.9481240097067,0.913786768999103,353
3752000,15008.000001222534,-831416.117941549,162521.6377524599,-668894.4801890892,300.9802309357164,706.9481240097067,0.913786768999103,353
3753000,15012.000001223349,-832634.2788566407,162424.86363217176,-670209.4152244689,300.801011125507,706.9481240097067,0.913786768999103,353
3754000,15016.000001224163,-832648.4809942003,163700.3922680011,-668948.0887261992,303.16321291405757,706.9481240097067,0.913786768999103,353
3755000,15020.000001224978,-831496.5523852985,162045.59189649147,-669450.9604888071,300.0986228394234,706.9481240097067,0.913786768999103,353
3756000,15024.000001225793,-831801.0930857174,162568.22794446425,-669232.8651412532,301.0665131498433,706.9481240097067,0.913786768999103,353
3757000,15028.000001226608,-833642.6573326541,162794.80885255305,-670847.8484801011,301.4861272700632,706.9481240097067,0.913786768999103,353
3758000,15032.000001227423,-832132.5691731218,162695.8390346216,-669436.7301385002,301.30284116078803,706.9481240097067,0.913786768999103,353
3759000,15036.000001228238,-830981.7155565144,162312.3820888645,-668669.33346765,300.59270211909524,706.9481240097067,0.913786768999103,353
3760000,15040.000001229053,-832712.5408262378,161935.1554174609,-670777.3854087768,299.8941011682046,706.9481240097067,0.913786768999103,353
3761000,15044.000001229868,-831870.674931813,163579.45181040128,-668291.2231214117,302.93923851064113,706.9481240097067,0.913786768999103,353
3762000,15048.000001230683,-833807.1959543042,162338.94664259866,-671468.2493117056,300.64189806388254,706.9481240097067,0.913786768999103,353
3763000,15052.000001231498,-832824.3246447407,162636.83655971187,-670187.4880850288,301.19357215039844,706.9481240097067,0.913786768999103,353
3764000,15056.000001232313,-832293.0186980534,161495.17831885646,-670797.8403791969,299.0792902262543,706.9481240097067,0.913786768999103,353
3765000,15060.000001233127,-832136.6568848072,163470.03784026287,-668666.6190445443,302.7366104639683,706.9481240097067,0.913786768999103,353
3766000,15064.000001233942,-833308.6282013357,163030.23960188963,-670278.388599446,301.92213076033454,706.9481240097067,0.913786768999103,353
3767000,15068.000001234757,-833288.6397340912,163041.46928216808,-670247.1704519232,301.94292744814965,706.9481240097067,0.913786768999103,353
3768000,15072.000001235572,-833457.7660480812,163594.92271130753,-669862.8433367737,302.967889682214,706.9481240097067,0.913786768999103,353
3769000,15076.000001236387,-832241.7656184109,163822.85526113329,-668418.9103572776,303.3900069610764,706.9481240097067,0.913786768999103,353
3770000,15080.000001237202,-832922.2534901462,162163.8135223334,-670758.4399678129,300.3175621310745,706.9481240097067,0.913786768999103,353
3771000,15084.000001238017,-833371.5751285693,162326.10480845982,-671045.4703201095,300.61811576474867,706.9481240097067,0.913786768999103,353
3772000,15088.000001238832,-832597.7450015415,162457.13063749258,-670140.6143640489,300.8607676652968,706.9481240097067,0.913786768999103,353
3773000,15092.000001239647,-832592.5441876454,161681.0702839552,-670911.4739036902,299.42355088814674,706.9481240097067,0.913786768999103,353
3774000,15096.000001240462,-832590.986879753,161825.3777225578,-670765.6091571951,299.6907995252945,706.9481240097067,0.913786768999103,353
3775000,15100.000001241277,-832431.8026367268,162507.77589634724,-669924.0267403795,300.95455961765884,706.9481240097067,0.913786768999103,353
3776000,15104.000001242091,-831712.2791758953,161671.28559823637,-670040.9935776589,299.40543024274837,706.9481240097067,0.913786768999103,353
3777000,15108.000001242906,-833490.275877812,162373.84240704612,-671116.4334707658,300.70652290637935,706.9481240097067,0.913786768999103,353
3778000,15112.000001243721,-831329.1836612858,163280.35070413162,-668048.8329571541,302.3853213751562,706.9481240097067,0.913786768999103,353
3779000,15116.000001244536,-831754.5846182387,163221.96925697778,-668532.615361261,302.2772024705616,706.9481240097067,0.913786768999103,353
3780000,15120.000001245351,-830928.7559879832,161585.39493851684,-669343.3610494663,299.24636594241815,706.9481240097067,0.913786768999103,353
3781000,15124.000001246166,-832561.763179319,163014.0179168176,-669547.7452625014,301.89208918195357,706.9481240097067,0.913786768999103,353
3782000,15128.00000124698,-832771.7488102186,162694.29782049506,-670077.4509897236,301.29998692556035,706.9481240097067,0.913786768999103,353
3783000,15132.000001247796,-832888.367560735,161497.77007018315,-671390.5974905519,299.08408999275696,706.9481240097067,0.913786768999103,353
3784000,15136.00000124861,-833263.4282942647,161516.3633570982,-671747.0649371665,299.11852363412885,706.9481240097067,0.913786768999103,353
3785000,15140.000001249426,-834253.8651799643,163288.28921834845,-670965.5759616159,302.4000230227356,706.9481240097067,0.913786768999103,353
3786000,15144.00000125024,-834610.4999468504,163402.2855182379,-671208.2144286125,302.61113726660517,706.9481240097067,0.913786768999103,353
3787000,15148.000001251055,-832892.884056367,162538.1921691763,-670354.6918871907,301.0108887129528,706.9481240097067,0.913786768999103,353
3788000,15152.00000125187,-832330.2532313196,161300.90159016024,-671029.3516411594,298.7195014899539,706.9481240097067,0.913786768999103,353
3789000,15156.000001252685,-833074.6851896048,162201.58267139609,-670873.1025182087,300.3875083078688,706.9481240097067,0.913786768999103,353
3790000,15160.0000012535,-831486.6579352356,161304.2189209849,-670182.4390142508,298.7256449857462,706.9481240097067,0.913786768999103,353
3791000,15164.000001254315,-832817.178249375,161988.8328785454,-670828.3453708296,299.9935085754685,706.9481240097067,0.913786768999103,353
3792000,15168.00000125513,-831130.5074588116,162219.11825936753,-668911.3891994441,300.41998315485057,706.9481240097067,0.913786768999103,353
3793000,15172.000001255945,-832826.0162942121,162036.4266988095,-670789.5895954026,300.0816494483535,706.9481240097067,0.913786768999103,353
3794000,15176.00000125676,-833330.7972137462,163635.34333359892,-669695.4538801473,303.04274622685676,706.9481240097067,0.913786768999103,353
3795000,15180.000001257575,-833475.4643039703,162303.18676988545,-671172.2775340849,300.57567294520726,706.9481240097067,0.913786768999103,353
3796000,15184.00000125839,-831203.2480209833,162658.97265132098,-668544.2753696623,301.2345668515143,706.9481240097067,0.913786768999103,353
3797000,15188.000001259205,-831108.3088144809,163013.88074458807,-668094.4280698928,301.8918351472915,706.9481240097067,0.913786768999103,353
3798000,15192.00000126002,-832974.7868275726,162477.52880147472,-670497.2580260979,300.89854382969503,706.9481240097067,0.913786768999103,353
3799000,15196.000001260834,-832208.9876933182,163182.5869135824,-669026.4007797358,302.2042687555568,706.9481240097067,0.913786768999103,353
3800000,15200.00000126165,-832359.2334477203,162848.8206551058,-669510.4127926144,301.58615385747885,706.9481240097067,0.913786768999103,353
3801000,15204.000001262464,-832023.9888406647,161789.42150984646,-670234.5673308183,299.62421079683287,706.9481240097067,0.913786768999103,353
3802000,15208.000001263279,-832341.2076091627,161944.89375515335,-670396.3138540094,299.912135979865,706.9481240097067,0.913786768999103,353
3803000,15212.000001264094,-831339.2347544208,162632.0708940305,-668707.1638603903,301.1847464261615,706.9481240097067,0.913786768999103,353
3804000,15216.000001264909,-832218.0563211944,162241.30596635968,-669976.7503548347,300.46107344453003,706.9481240097067,0.913786768999103,353
3805000,15220.000001265724,-832839.8539311578,162781.95968461264,-670057.8942465452,301.462331389173,706.9481240097067,0.913786768999103,353
3806000,15224.000001266539,-833062.7718367251,162788.90991650563,-670273.8619202194,301.47520279773823,706.9481240097067,0.913786768999103,353
3807000,15228.000001267354,-834912.4672097983,162452.8693798179,-672459.5978299804,300.8528760741417,706.9481240097067,0.913786768999103,353
3808000,15232.000001268168,-832336.7779298099,161811.74326230702,-670525.0346675029,299.6655493306021,706.9481240097067,0.913786768999103,353
3809000,15236.000001268983,-831899.9399712943,162784.86357219756,-669115.0763990968,301.4677092131231,706.9481240097067,0.913786768999103,353
3810000,15240.000001269798,-832649.9237690903,163190.4632034222,-669459.4605656681,302.2188551673583,706.9481240097067,0.913786768999103,353
3811000,15244.000001270613,-831450.3803414935,162535.3431279012,-668915.0372135923,301.005612461047,706.9481240097067,0.913786768999103,353
3812000,15248.000001271428,-833470.4617158417,162750.86661888176,-670719.59509696,301.4047489144109,706.9481240097067,0.913786768999103,353
3813000,15252.000001272243,-832796.4678008379,162395.00028441267,-670401.4675164253,300.74570601395783,706.9481240097067,0.913786768999103,353
3814000,15256.000001273058,-831909.6801863592,162797.49254467306,-669112.1876416862,301.4910973053472,706.9481240097067,0.913786768999103,353
3815000,15260.000001273873,-832622.7160147671,162083.29817788466,-670539.4178368824,300.16845258910104,706.9481240097067,0.913786768999103,353
3816000,15264.000001274688,-832738.2298202934,161882.20989380672,-670856.0199264867,299.79604926473615,706.9481240097067,0.913786768999103,353
3817000,15268.000001275503,-832129.6355836987,163275.56185866476,-668854.073725034,302.3764527233603,706.9481240097067,0.913786768999103,353
3818000,15272.000001276318,-834853.5564635713,162515.42713431112,-672338.1293292602,300.968729247015,706.9481240097067,0.913786768999103,353
3819000,15276.000001277132,-834918.6784092868,162541.42123752472,-672377.2571717621,301.01686875198425,706.9481240097067,0.913786768999103,353
3820000,15280.000001277947,-833206.1601946084,161813.058986201,-671393.1012084074,299.66798597157464,706.9481240097067,0.913786768999103,353
3821000,15284.000001278762,-832008.487190987,162405.2881785865,-669603.1990124005,300.764758570941,706.9481240097067,0.913786768999103,353
3822000,15288.000001279577,-834198.5416993499,162151.22554579595,-672047.3161535539,300.2942499608451,706.9481240097067,0.913786768999103,353
3823000,15292.000001280392,-832520.8925585402,163061.08112156668,-669459.8114369735,301.9792473870384,706.9481240097067,0.913786768999103,353
3824000,15296.000001281207,-834089.555898739,162745.47714169172,-671344.0787570473,301.39476792903736,706.9481240097067,0.913786768999103,353
3825000,15300.000001282022,-833615.513045215,162955.49708413234,-670660.0159610827,301.7837121437958,706.9481240097067,0.913786768999103,353
3826000,15304.000001282837,-832242.6083609723,162627.5038457144,-669615.1045152579,301.17628852925685,706.9481240097067,0.913786768999103,353
3827000,15308.000001283652,-831323.4492314914,162454.24432298943,-668869.204908502,300.8554223856299,706.9481240097067,0.913786768999103,353
3828000,15312.000001284467,-832816.3488144977,162163.26923632494,-670653.0795781728,300.3165541463483,706.9481240097067,0.913786768999103,353
3829000,15316.000001285282,-832481.9152068598,163428.97257345123,-669052.9426334086,302.6605600767133,706.9481240097067,0.913786768999103,353
3830000,15320.000001286096,-832868.3845767435,162971.96716929332,-669896.4174074501,301.8142137440986,706.9481240097067,0.913786768999103,353
3831000,15324.000001286911,-834346.4408041788,161847.60411939846,-672498.8366847804,299.7319614662303,706.9481240097067,0.913786768999103,353
3832000,15328.000001287726,-831862.1785999201,162888.6062111853,-668973.5723887348,301.6598342979563,706.9481240097067,0.913786768999103,353
3833000,15332.000001288541,-831015.3102168189,163427.66460000072,-667587.6456168182,302.65813778909273,706.9481240097067,0.913786768999103,353
3834000,15336.000001289356,-832846.4744189503,161889.11982502163,-670957.3545939287,299.80884603888614,706.9481240097067,0.913786768999103,353
3835000,15340.000001290171,-832956.0635795537,162749.68982111476,-670206.373758439,301.4025695562123,706.9481240097067,0.913786768999103,353
3836000,15344.000001290986,-833320.9246030618,161867.8423670486,-671453.0822360131,299.76944147526615,706.9481240097067,0.913786768999103,353
3837000,15348.0000012918,-834507.6093357159,162369.46643541948,-672138.1429002964,300.6984188719322,706.9481240097067,0.913786768999103,353
3838000,15352.000001292616,-832436.4632460726,161898.77458244294,-670537.6886636297,299.826726064946,706.9481240097067,0.913786768999103,353
3839000,15356.00000129343,-832557.821668325,161781.27559657337,-670776.5460717516,299.60912505876115,706.9481240097067,0.913786768999103,353
3840000,15360.000001294246,-831673.3346405094,162679.93249864294,-668993.4021418665,301.2733832194428,706.9481240097067,0.913786768999103,353
3841000,15364.00000129506,-830905.1541420035,162914.0466471482,-667991.1074948553,301.7069484447069,706.9481240097067,0.913786768999103,353
3842000,15368.000001295875,-832609.4684365699,163410.04955449712,-669199.4188820728,302.6255157915733,706.9481240097067,0.913786768999103,353
3843000,15372.00000129669,-831498.6202421449,162704.95449886407,-668793.6657432809,301.3197224485398,706.9481240097067,0.913786768999103,353
3844000,15376.000001297505,-832087.6487073032,162839.67696399058,-669247.9717433127,301.5692202952681,706.9481240097067,0.913786768999103,353
3845000,15380.00000129832,-833270.8504322208,162333.36908159085,-670937.48135063,300.6315687586688,706.9481240097067,0.913786768999103,353
3846000,15384.000001299135,-832325.877466931,164854.32199500356,-667471.5554719274,305.3002208873946,706.9481240097067,0.913786768999103,353
3847000,15388.00000129995,-832266.7608509613,163351.77254458674,-668914.9883063745,302.5175902984289,706.9481240097067,0.913786768999103,353
3848000,15392.000001300765,-832798.7192677073,163006.3919522148,-669792.3273154926,301.87796635733156,706.9481240097067,0.913786768999103,353
3849000,15396.00000130158,-832726.9951093197,162492.14487078716,-670234.8502385325,300.9256119049241,706.9481240097067,0.913786768999103,353
3850000,15400.000001302395,-830082.511809364,162063.00333414832,-668019.5084752156,300.130867767541,706.9481240097067,0.913786768999103,353
3851000,15404.00000130321,-832093.8031753832,162505.6426228304,-669588.1605525529,300.95060892429495,706.9481240097067,0.913786768999103,353
3852000,15408.000001304024,-830907.5853822613,162573.00306723238,-668334.5823150289,301.0753563880322,706.9481240097067,0.913786768999103,353
3853000,15412.00000130484,-833111.5395700894,161697.27632354829,-671414.2632465411,299.4535634920482,706.9481240097067,0.913786768999103,353
3854000,15416.000001305654,-832306.5730202347,163585.94743836857,-668720.6255818661,302.9512680202665,706.9481240097067,0.913786768999103,353
3855000,15420.00000130647,-833260.2051518736,161699.61363821814,-671560.5915136555,299.45789205727084,706.9481240097067,0.913786768999103,353
3856000,15424.000001307284,-833052.5072428305,162811.24387185264,-670241.2633709778,301.5165639305142,706.9481240097067,0.913786768999103,353
3857000,15428.000001308099,-831554.2863194337,162470.54296511458,-669083.7433543191,300.8856064838128,706.9481240097067,0.913786768999103,353
3858000,15432.000001308914,-831154.6440055454,162730.50938936064,-668424.1346161847,301.36704855815543,706.9481240097067,0.913786768999103,353
3859000,15436.000001309729,-833306.5854394492,162953.40963073238,-670353.1758087168,301.7798463065136,706.9481240097067,0.913786768999103,353
3860000,15440.000001310544,-831295.1727816341,162748.48769969825,-668546.685081936,301.40034330014845,706.9481240097067,0.913786768999103,353
3861000,15444.000001311359,-831472.9609505394,162896.52431644057,-668576.4366340989,301.6744981493748,706.9481240097067,0.913786768999103,353
3862000,15448.000001312173,-836015.9439902604,162895.25062400615,-673120.6933662542,301.6721393481201,706.9481240097067,0.913786768999103,353
3863000,15452.000001312988,-833046.9017642625,163117.55349198187,-669929.3482722805,302.08383079712524,706.9481240097067,0.913786768999103,353
3864000,15456.000001313803,-831270.5541552873,163670.12194821791,-667600.4322070694,303.10715411496574,706.9481240097067,0.913786768999103,353
3865000,15460.000001314618,-833676.196438401,161239.82510642358,-672436.3713319774,298.6063915408172,706.9481240097067,0.913786768999103,353
3866000,15464.000001315433,-831949.4391121864,161856.3768927235,-670093.0622194629,299.7482081111561,706.9481240097067,0.913786768999103,353
3867000,15468.000001316248,-833798.4649038501,163062.25595480698,-670736.2089490432,301.9814231070524,706.9481240097067,0.913786768999103,353
3868000,15472.000001317063,-832854.0484873308,163203.01025984983,-669651.038227481,302.24209155602244,706.9481240097067,0.913786768999103,353
3869000,15476.000001317878,-834070.3887570072,162979.06637005875,-671091.3223869484,301.82736103399424,706.9481240097067,0.913786768999103,353
3870000,15480.000001318693,-833216.3126511136,162515.41332020564,-670700.899330908,300.9687036641282,706.9481240097067,0.913786768999103,353
3871000,15484.000001319508,-832415.5879271096,162328.5078796778,-670087.0800474318,300.62256610711637,706.9481240097067,0.913786768999103,353
3872000,15488.000001320323,-833974.2401160272,162691.02717190539,-671283.2129441218,301.2939298824402,706.9481240097067,0.913786768999103,353
3873000,15492.000001321137,-833055.7264011521,162551.45385361498,-670504.2725475371,301.0354485494161,706.9481240097067,0.913786768999103,353
3874000,15496.000001321952,-832918.983085054,161829.1554622185,-671089.8276228355,299.69779567036915,706.9481240097067,0.913786768999103,353
3875000,15500.000001322767,-833675.1162620336,162531.82970992025,-671143.2865521134,300.9991058237161,706.9481240097067,0.913786768999103,353
3876000,15504.000001323582,-833209.1542939311,163900.97138532926,-669308.1829086018,303.5346732924366,706.9481240097067,0.913786768999103,353
3877000,15508.000001324397,-831475.4138361346,162684.57398667507,-668790.8398494595,301.28197897419346,706.9481240097067,0.913786768999103,353
3878000,15512.000001325212,-831927.4709855374,162261.16825537698,-669666.3027301604,300.4978572009456,706.9481240097067,0.913786768999103,353
3879000,15516.000001326027,-831200.4580799881,163249.62333895432,-667950.8347410338,302.32841615567276,706.9481240097067,0.913786768999103,353
3880000,15520.000001326842,-830726.6952238334,163271.86352490156,-667454.8316989319,302.369603633199,706.9481240097067,0.913786768999103,353
3881000,15524.000001327657,-831534.6892578285,163019.00166487315,-668515.6875929553,301.90131878154057,706.9481240097067,0.913786768999103,353
3882000,15528.000001328472,-831250.3865340427,162938.08697399398,-668312.2995600486,301.7514696741621,706.9481240097067,0.913786768999103,353
3883000,15532.000001329287,-831597.4481482534,162976.153550888,-668621.2945973654,301.82196666928803,706.9481240097067,0.913786768999103,353
3884000,15536.000001330101,-832873.46958399,162618.1795273479,-670255.2900566421,301.1590204563155,706.9481240097067,0.913786768999103,353
3885000,15540.000001330916,-832500.5327632502,162534.27100171562,-669966.2617615345,301.00362694827845,706.9481240097067,0.913786768999103,353
3886000,15544.000001331731,-832722.0913603371,162522.8715016452,-670199.2198586919,300.9825157644927,706.9481240097067,0.913786768999103,353
3887000,15548.000001332546,-831478.6865850557,162659.99566088896,-668818.6909241667,301.2364614032815,706.9481240097067,0.913786768999103,353
3888000,15552.000001333361,-832522.5350670507,163401.1989414366,-669121.3361256141,302.60912499217136,706.9481240097067,0.913786768999103,353
3889000,15556.000001334176,-831962.1186509617,162204.74730373843,-669757.3713472232,300.3933690153192,706.9481240097067,0.913786768999103,353
3890000,15560.00000133499,-830399.3756110873,162774.5990558985,-667624.7765551888,301.44869995054825,706.9481240097067,0.913786768999103,353
3891000,15564.000001335806,-831355.7967702672,163353.39315463803,-668002.4036156292,302.52059157010103,706.9481240097067,0.913786768999103,353
3892000,15568.00000133662,-832463.3658502037,163243.95983681857,-669219.4060133852,302.3179276926946,706.9481240097067,0.913786768999103,353
3893000,15572.000001337436,-832605.3790250542,162300.71805523342,-670304.6609698208,300.5711010351751,706.9481240097067,0.913786768999103,353
3894000,15576.00000133825,-832293.2333358005,162109.20822200907,-670184.0251137915,300.2164364217276,706.9481240097067,0.913786768999103,353
3895000,15580.000001339065,-833122.1230172552,162322.2998383802,-670799.823178875,300.6110691905872,706.9481240097067,0.913786768999103,353
3896000,15584.00000133988,-833174.8251316305,162759.5369758922,-670415.2881557383,301.4208058905242,706.9481240097067,0.913786768999103,353
3897000,15588.000001340695,-833329.9660685547,161475.66221873587,-671854.3038498188,299.04314759071053,706.9481240097067,0.913786768999103,353
3898000,15592.00000134151,-831993.6586753186,161871.09070335107,-670122.5679719675,299.7754571973816,706.9481240097067,0.913786768999103,353
3899000,15596.000001342325,-830374.8870841367,162330.0714259284,-668044.8156582083,300.6254617000853,706.9481240097067,0.913786768999103,353
3900000,15600.00000134314,-831667.4237694666,162451.3656536482,-669216.0581158184,300.8500912643399,706.9481240097067,0.913786768999103,353
3901000,15604.000001343955,-832801.2340258863,162187.82658122212,-670613.4074446642,300.3620328619246,706.9481240097067,0.913786768999103,353
3902000,15608.00000134477,-833027.1479145624,163158.99321237838,-669868.154702184,302.1605746497429,706.9481240097067,0.913786768999103,353
3903000,15612.000001345585,-831680.6497847922,162651.49489839387,-669029.1548863983,301.22071850594006,706.9481240097067,0.913786768999103,353
3904000,15616.0000013464,-832511.0991271306,161766.84067846113,-670744.2584486695,299.58239246458453,706.9481240097067,0.913786768999103,353
3905000,15620.000001347214,-832775.3771505095,162179.55807604466,-670595.8190744648,300.34672009107004,706.9481240097067,0.913786768999103,353
3906000,15624.00000134803,-833374.7131784223,162954.70015927032,-670420.013019152,301.78223628721247,706.9481240097067,0.913786768999103,353
3907000,15628.000001348844,-832547.4067001324,163513.3894215672,-669034.0172785652,302.8168949672065,706.9481240097067,0.913786768999103,353
3908000,15632.00000134966,-831544.4071701709,162202.59891043763,-669341.8082597333,300.3893903210311,706.9481240097067,0.913786768999103,353
3909000,15636.000001350474,-832403.1584770074,162902.16590943828,-669500.9925675691,301.68494603795614,706.9481240097067,0.913786768999103,353
3910000,15640.000001351289,-832724.7518412042,162963.2275196372,-669761.524321567,301.79802844220177,706.9481240097067,0.913786768999103,353
3911000,15644.000001352104,-833662.0688592959,163012.2953589742,-670649.7735003217,301.8888991091443,706.9481240097067,0.913786768999103,353
3912000,15648.000001352919,-834137.0967544075,162229.45673970558,-671907.640014702,300.4391293943465,706.9481240097067,0.913786768999103,353
3913000,15652.000001353734,-832094.1259987717,162121.2061292252,-669972.9198695465,300.2386558193081,706.9481240097067,0.913786768999103,353
3914000,15656.000001354549,-831586.1045549074,162895.12866213702,-668690.9758927703,301.67191348212435,706.9481240097067,0.913786768999103,353
3915000,15660.000001355364,-831758.5009723706,162164.6327554728,-669593.8682168978,300.3190793012365,706.9481240097067,0.913786768999103,353
3916000,15664.000001356178,-833005.6680229185,162463.4611832595,-670542.206839659,300.8724914526843,706.9481240097067,0.913786768999103,353
3917000,15668.000001356993,-831973.6630076915,162359.96982806094,-669613.6931796306,300.6808317302112,706.9481240097067,0.913786768999103,353
3918000,15672.000001357808,-832264.5593863279,162529.23925703304,-669735.3201292949,300.99430846184475,706.9481240097067,0.913786768999103,353
3919000,15676.000001358623,-831792.3831244744,163653.70148139918,-668138.6816430753,303.07674440482793,706.9481240097067,0.913786768999103,353
3920000,15680.000001359438,-831977.2427891195,162709.92954123733,-669267.3132478822,301.3289359257304,706.9481240097067,0.913786768999103,353
3921000,15684.000001360253,-832480.394119761,161222.851861862,-671257.542257899,298.57495811977543,706.9481240097067,0.913786768999103,353
3922000,15688.000001361068,-833415.0161907105,162674.46714698046,-670740.54904373,301.26326171914127,706.9481240097067,0.913786768999103,353
3923000,15692.000001361883,-832803.9458874511,162544.18952980335,-670259.7563576477,301.0219954616387,706.9481240097067,0.913786768999103,353
3924000,15696.000001362698,-831646.1175610796,161849.5230742449,-669796.5944868347,299.7355152543956,706.9481240097067,0.913786768999103,353
3925000,15700.000001363513,-834745.0119418744,162740.5197131037,-672004.4922287706,301.3855870715104,706.9481240097067,0.913786768999103,353
3926000,15704.000001364328,-834412.2669421975,161459.74584529919,-672952.5210968982,299.0136714309888,706.9481240097067,0.913786768999103,353
3927000,15708.000001365142,-835262.4432394654,162314.4232047826,-672948.0200346827,300.5964821421672,706.9481240097067,0.913786768999103,353
3928000,15712.000001365957,-831809.9817903321,162942.42084786895,-668867.5609424631,301.7594957461225,706.9481240097067,0.913786768999103,353
3929000,15716.000001366772,-833593.0192865962,162131.17821540666,-671461.8410711896,300.25712351901456,706.9481240097067,0.913786768999103,353
3930000,15720.000001367587,-832659.4372967938,162329.87005591253,-670329.5672408813,300.6250887750107,706.9481240097067,0.913786768999103,353
3931000,15724.000001368402,-832942.6136831585,161774.6643781307,-671167.9493050278,299.59688148257544,706.9481240097067,0.913786768999103,353
3932000,15728.000001369217,-832641.2955771126,163445.1320852429,-669196.1634918697,302.69048651394417,706.9481240097067,0.913786768999103,353
3933000,15732.000001370032,-832929.953598938,162112.60601403774,-670817.3475849002,300.2227289267971,706.9481240097067,0.913786768999103,353
3934000,15736.000001370847,-831440.5744959982,162791.3719005947,-668649.2025954035,301.4797622431754,706.9481240097067,0.913786768999103,353
3935000,15740.000001371662,-831666.6695272774,163198.67832750233,-668467.991199775,302.2340690796533,706.9481240097067,0.913786768999103,353
3936000,15744.000001372477,-832214.6453352561,162556.32817972745,-669658.3171555287,301.0444755061911,706.9481240097067,0.913786768999103,353
3937000,15748.000001373292,-832700.787599137,162468.52188764053,-670232.2657114966,300.8818635707257,706.9481240097067,0.913786768999103,353
3938000,15752.000001374106,-833274.08768701,162377.5132137616,-670896.5744732483,300.7133210181152,706.9481240097067,0.913786768999103,353
3939000,15756.000001374921,-832909.6563591799,162855.65149916807,-670054.0048600119,301.5988041670116,706.9481240097067,0.913786768999103,353
3940000,15760.000001375736,-832816.7507254109,162252.93069361686,-670563.820031794,300.48260173542604,706.9481240097067,0.913786768999103,353
3941000,15764.000001376551,-832651.5783644356,162729.58283225796,-669921.9955321776,301.36533263051285,706.9481240097067,0.913786768999103,353
3942000,15768.000001377366,-833238.1850469112,163059.28046535904,-670178.9045815521,301.97591268078816,706.9481240097067,0.913786768999103,353
3943000,15772.000001378181,-830904.5926170796,163067.63527006915,-667836.9573470105,301.99138527315097,706.9481240097067,0.913786768999103,353
3944000,15776.000001378996,-833428.40614036,162927.34778959278,-670501.0583507672,301.73158135500756,706.9481240097067,0.913786768999103,353
3945000,15780.00000137981,-833112.1146496246,163828.14575796053,-669283.9688916641,303.39980464081214,706.9481240097067,0.913786768999103,353
3946000,15784.000001380626,-832496.8823999614,161647.8581124529,-670849.0242875085,299.3620439578273,706.9481240097067,0.913786768999103,353
3947000,15788.00000138144,-831294.5168895377,162091.4741041758,-669203.0427853619,300.1835939094646,706.9481240097067,0.913786768999103,353
3948000,15792.000001382256,-830116.1710618762,162161.6928553118,-667954.4782065644,300.3136347841764,706.9481240097067,0.913786768999103,353
3949000,15796.00000138307,-832975.3927181363,162733.74329555777,-670241.6494225785,301.37303755658974,706.9481240097067,0.913786768999103,353
3950000,15800.000001383885,-831620.6477709739,162114.94636350946,-669505.7014074645,300.22706311228904,706.9481240097067,0.913786768999103,353
3951000,15804.0000013847,-834169.6423869506,163976.17258430689,-670193.4698026436,303.673941358818,706.9481240097067,0.913786768999103,353
3952000,15808.000001385515,-833807.1844577054,162455.1197311745,-671352.0647265308,300.85704358857464,706.9481240097067,0.913786768999103,353
3953000,15812.00000138633,-833564.006045606,162271.16468847235,-671292.8413571336,300.5163699896621,706.9481240097067,0.913786768999103,353
3954000,15816.000001387145,-832189.4102445049,162454.7958142044,-669734.6144303005,300.85644371396216,706.9481240097067,0.913786768999103,353
3955000,15820.00000138796,-833021.0760839526,161879.27870587487,-671141.7973780776,299.7906208821967,706.9481240097067,0.913786768999103,353
3956000,15824.000001388775,-834276.5404221416,162656.22415284114,-671620.3162693004,301.22947679877655,706.9481240097067,0.913786768999103,353
3957000,15828.00000138959,-834278.9187180344,161108.97951763275,-673169.9392004017,298.3640734342819,706.9481240097067,0.913786768999103,353
3958000,15832.000001390405,-832965.0955877798,162963.95576641575,-670001.1398213641,301.7993771111336,706.9481240097067,0.913786768999103,353
3959000,15836.00000139122,-834390.4498532331,162714.05667013832,-671676.3931830947,301.3365791185194,706.9481240097067,0.913786768999103,353
3960000,15840.000001392034,-834802.8847771334,162002.46627402812,-672800.4185031052,300.01875679827486,706.9481240097067,0.913786768999103,353
3961000,15844.00000139285,-832380.9567105649,162265.01083320053,-670115.9458773644,300.50497342237134,706.9481240097067,0.913786768999103,353
3962000,15848.000001393664,-832473.565462986,161637.32005633874,-670836.2454066472,299.34252811608025,706.9481240097067,0.913786768999103,353
3963000,15852.00000139448,-833114.6839247439,161361.28359270128,-671753.4003320426,298.8313253019736,706.9481240097067,0.913786768999103,353
3964000,15856.000001395294,-833461.0533767035,163114.9343003037,-670346.1190763998,302.07898021275344,706.9481240097067,0.913786768999103,353
3965000,15860.000001396109,-833619.1187277064,162714.7910124294,-670904.327715277,301.3379390759713,706.9481240097067,0.913786768999103,353
3966000,15864.000001396924,-832977.5650088061,163541.9535440746,-669435.6114647314,302.86979399226954,706.9481240097067,0.913786768999103,353
3967000,15868.000001397739,-833296.3094463153,163237.64077911148,-670058.6686672037,302.30622518049813,706.9481240097067,0.913786768999103,353
3968000,15872.000001398554,-834005.4648405146,163011.7622244616,-670993.7026160529,301.8879117763132,706.9481240097067,0.913786768999103,353
3969000,15876.000001399369,-833308.3998650657,161576.62869303866,-671731.7711720271,299.2301313866695,706.9481240097067,0.913786768999103,353
3970000,15880.000001400183,-833318.1285268618,163061.503245435,-670256.6252814268,301.98002913487903,706.9481240097067,0.913786768999103,353
3971000,15884.000001400998,-833002.5841717627,162623.34060625022,-670379.2435655125,301.1685784618917,706.9481240097067,0.913786768999103,353
3972000,15888.000001401813,-833143.1682594055,162570.5629168289,-670572.6053425766,301.07083737725856,706.9481240097067,0.913786768999103,353
3973000,15892.000001402628,-832771.1132798092,162603.94697024435,-670167.1663095648,301.1326626224721,706.9481240097067,0.913786768999103,353
3974000,15896.000001403443,-834114.3947145389,163203.927966354,-670910.466748185,302.24379109289265,706.9481240097067,0.913786768999103,353
3975000,15900.000001404258,-832296.8930200068,162715.27623139846,-669581.6167886084,301.3388376721175,706.9481240097067,0.913786768999103,353
3976000,15904.000001405073,-833765.3773768088,162530.5767087948,-671234.800668014,300.9967853415125,706.9481240097067,0.913786768999103,353
3977000,15908.000001405888,-831529.8810402583,161752.61832904868,-669777.2627112097,299.5560535347669,706.9481240097067,0.913786768999103,353
3978000,15912.000001406703,-832945.1291737603,162810.38471943757,-670134.7444543227,301.51497283227116,706.9481240097067,0.913786768999103,353
3979000,15916.000001407518,-832814.6636564378,162417.62054391007,-670397.0431125277,300.78759736468203,706.9481240097067,0.913786768999103,353
3980000,15920.000001408333,-832201.3451964175,164065.59185953334,-668135.7533368842,303.83954044137687,706.9481240097067,0.913786768999103,353
3981000,15924.000001409147,-833537.8313814541,162026.02372420815,-671511.807657246,300.06238376938774,706.9481240097067,0.913786768999103,353
3982000,15928.000001409962,-833935.0485577714,162748.26861367573,-671186.7799440956,301.39993756610244,706.9481240097067,0.913786768999103,353
3983000,15932.000001410777,-833575.3801289191,163145.734524515,-670429.6456044042,302.1360203627556,706.9481240097067,0.913786768999103,353
3984000,15936.000001411592,-832975.2523651998,163155.96428926376,-669819.288075936,302.1549652675638,706.9481240097067,0.913786768999103,353
3985000,15940.000001412407,-832662.2180012781,162734.70949026215,-669927.5085110159,301.37482689067025,706.9481240097067,0.913786768999103,353
3986000,15944.000001413222,-832315.5435155109,162007.86225974967,-670307.6812557612,300.0287498370546,706.9481240097067,0.913786768999103,353
3987000,15948.000001414037,-833065.3234186359,162991.98074911867,-670073.3426695173,301.8512776819286,706.9481240097067,0.913786768999103,353
3988000,15952.000001414852,-832369.1048239283,162613.1120545325,-669755.9927693958,301.14963580354356,706.9481240097067,0.913786768999103,353
3989000,15956.000001415667,-832915.1440512659,163420.20879324802,-669494.9352580179,302.6443300865045,706.9481240097067,0.913786768999103,353
3990000,15960.000001416482,-832205.0184426196,162923.2532226615,-669281.765219958,301.7239984650146,706.9481240097067,0.913786768999103,353
3991000,15964.000001417297,-833611.5189073058,162650.60077535687,-670960.9181319489,301.21906264422296,706.9481240097067,0.913786768999103,353
3992000,15968.000001418111,-834489.1995313587,162699.00353835174,-671790.1959930069,301.3087016300564,706.9481240097067,0.913786768999103,353
3993000,15972.000001418926,-834491.1123126065,162496.6794577203,-671994.4328548862,300.9340096853133,706.9481240097067,0.913786768999103,353
3994000,15976.000001419741,-833222.0216114828,162213.2690947404,-671008.7525167424,300.4091508561819,706.9481240097067,0.913786768999103,353
3995000,15980.000001420556,-834164.5348045332,162872.89336372388,-671291.6414408094,301.6307350560153,706.9481240097067,0.913786768999103,353
3996000,15984.000001421371,-833229.31640888,163664.2663497156,-669565.0500591644,303.0963099011498,706.9481240097067,0.913786768999103,353
3997000,15988.000001422186,-832793.8226434328,163241.75928014214,-669552.0633632906,302.3138523949938,706.9481240097067,0.913786768999103,353
3998000,15992.000001423,-832861.9293153174,162930.88503402472,-669931.0442812927,301.7381321174828,706.9481240097067,0.913786768999103,353
3999000,15996.000001423816,-832213.8555171257,161748.97108684634,-670464.8844302794,299.54929906308223,706.9481240097067,0.913786768999103,353
4000000,16000.00000142463,-833159.2281782161,163056.14403832323,-670103.084139893,301.97010420785733,706.9481240097067,0.913786768999103,353
4001000,16004.000001425446,-833958.1617925409,163941.12859167857,-670017.0332008624,303.6090420067069,706.9481240097067,0.913786768999103,353
4002000,16008.00000142626,-832793.8593872981,163148.27064437838,-669645.5887429197,302.14071710315716,706.9481240097067,0.913786768999103,353
4003000,16012.000001427075,-832166.4158893833,162599.52720855823,-669566.888680825,301.1244774914867,706.9481240097067,0.913786768999103,353
4004000,16016.00000142789,-832475.7642739322,161924.52501599357,-670551.2392579387,299.8744143084558,706.9481240097067,0.913786768999103,353
4005000,16020.000001428705,-831807.8441015705,163231.36255177588,-668576.4815497947,302.2945982836771,706.9481240097067,0.913786768999103,353
4006000,16024.00000142952,-832527.0024967706,163068.0399403997,-669458.9625563709,301.9921346980966,706.9481240097067,0.913786768999103,353
4007000,16028.000001430335,-834154.0475747371,162362.04803688955,-671791.9995378476,300.6846804471071,706.9481240097067,0.913786768999103,353
4008000,16032.00000143115,-831813.8861031514,162180.78356358036,-669633.102539571,300.34898961977166,706.9481240097067,0.913786768999103,353
4009000,16036.000001431965,-832614.4420685163,162348.20675015257,-670266.2353183636,300.6590472222876,706.9481240097067,0.913786768999103,353
4010000,16040.00000143278,-830896.1582194502,161748.47656508128,-669147.6816543689,299.54838323872116,706.9481240097067,0.913786768999103,353
4011000,16044.000001433595,-831965.7499635695,162340.46879804617,-669625.2811655232,300.6447170035908,706.9481240097067,0.913786768999103,353
4012000,16048.00000143441,-830391.3738856297,162466.01527336577,-667925.3586122639,300.8772214728874,706.9481240097067,0.913786768999103,353
4013000,16052.000001435224,-831737.9647035832,161230.04702235002,-670507.9176812331,298.58828312126593,706.9481240097067,0.913786768999103,353
4014000,16056.00000143604,-832755.7556943987,161939.14444393478,-670816.6112504639,299.90148860366196,706.9481240097067,0.913786768999103,353
4015000,16060.000001436854,-831691.5920867231,162735.51367976447,-668956.0784069586,301.3763162009275,706.9481240097067,0.913786768999103,353
4016000,16064.00000143767,-832112.1746874023,161602.14327802852,-670510.0314093737,299.27738285292764,706.9481240097067,0.913786768999103,353
4017000,16068.000001438484,-832823.4711053381,161676.66934441632,-671146.8017609217,299.4154006146382,706.9481240097067,0.913786768999103,353
4018000,16072.000001439299,-832597.9108560709,162758.0371329668,-669839.8737231041,301.41802827225564,706.9481240097067,0.913786768999103,353
4019000,16076.000001440114,-832436.6671228716,162740.9741209863,-669695.6930018853,301.3864286073903,706.9481240097067,0.913786768999103,353
4020000,16080.000001440929,-833080.7912991149,163113.56766925904,-669967.2236298559,302.07644929482086,706.9481240097067,0.913786768999103,353
4021000,16084.000001441744,-832888.1304150866,162797.48548039782,-670090.6449346888,301.49108422273724,706.9481240097067,0.913786768999103,353
4022000,16088.000001442559,-833098.6535698269,162636.34378893411,-670462.3097808927,301.19265956875984,706.9481240097067,0.913786768999103,353
4023000,16092.000001443374,-832691.7880828613,161987.74867294298,-670704.0394099184,299.99150069235145,706.9481240097067,0.913786768999103,353
4024000,16096.000001444188,-833082.5105621209,161937.5816333196,-671144.9289288013,299.8985943730452,706.9481240097067,0.913786768999103,353
4025000,16100.000001445003,-832658.7092103884,161606.791825676,-671051.9173847124,299.28599168165834,706.9481240097067,0.913786768999103,353
4026000,16104.000001445818,-833861.2334844321,161625.49037792883,-672235.7431065033,299.32062026806113,706.9481240097067,0.913786768999103,353
4027000,16108.000001446633,-831894.3734479817,162620.64666598482,-669273.7267819969,301.16358944766307,706.9481240097067,0.913786768999103,353
4028000,16112.000001447448,-832783.9404598083,162652.7946710363,-670131.145788772,301.22312560616064,706.9481240097067,0.913786768999103,353
4029000,16116.000001448263,-833372.110244791,162412.74556073057,-670959.3646840604,300.7785691910587,706.9481240097067,0.913786768999103,353
4030000,16120.000001449078,-834161.9651894048,163231.63963595987,-670930.3255534449,302.2951114268059,706.9481240097067,0.913786768999103,353
4031000,16124.000001449893,-832419.3653851971,162812.65675194003,-669606.7086332571,301.51918049887314,706.9481240097067,0.913786768999103,353
4032000,16128.000001450708,-831963.2423014846,163056.49569039082,-668906.7466110938,301.97075544619076,706.9481240097067,0.913786768999103,353
4033000,16132.000001451523,-830705.8371740803,162739.93770546952,-667965.8994686108,301.38450922861773,706.9481240097067,0.913786768999103,353
4034000,16136.000001452338,-832194.4785389891,163177.07960680185,-669017.3989321872,302.1940695569174,706.9481240097067,0.913786768999103,353
4035000,16140.000001453152,-832274.4535328113,162356.36361663864,-669918.0899161727,300.6741532450464,706.9481240097067,0.913786768999103,353
4036000,16144.000001453967,-833654.4127491051,162106.05125740054,-671548.3614917046,300.2105899144559,706.9481240097067,0.913786768999103,353
4037000,16148.000001454782,-833367.7124908827,163161.5377979646,-670206.1746929181,302.16528706815046,706.9481240097067,0.913786768999103,353
4038000,16152.000001455597,-832173.2804047847,162850.0671530167,-669323.213251768,301.5884622961228,706.9481240097067,0.913786768999103,353
4039000,16156.000001456412,-830645.9639455723,162558.90532108446,-668087.0586244878,301.0492482159146,706.9481240097067,0.913786768999103,353
4040000,16160.000001457227,-832903.209284192,163240.61415466713,-669662.5951295248,302.31173169196194,706.9481240097067,0.913786768999103,353
4041000,16164.000001458042,-832489.9646220636,162419.88984707976,-670070.0747749838,300.7917999767251,706.9481240097067,0.913786768999103,353
4042000,16168.000001458857,-831447.2696612766,163030.25354414224,-668417.0161171344,301.92215658054204,706.9481240097067,0.913786768999103,353
4043000,16172.000001459672,-831263.7758225538,163014.0195572531,-668249.7562653007,301.89209221994076,706.9481240097067,0.913786768999103,353
4044000,16176.000001460487,-832093.8673815299,162453.24150095548,-669640.6258805743,300.85356521995317,706.9481240097067,0.913786768999103,353
4045000,16180.000001461302,-831943.417909462,162213.58477668755,-669729.8331327745,300.4097354800306,706.9481240097067,0.913786768999103,353
4046000,16184.000001462116,-831945.4020869005,163314.8415138864,-668630.5605730142,302.4491962660859,706.9481240097067,0.913786768999103,353
4047000,16188.000001462931,-832876.1103562946,162751.0985794519,-670125.0117768426,301.4051784913394,706.9481240097067,0.913786768999103,353
4048000,16192.000001463746,-833409.7387194075,162689.56417324732,-670720.1745461602,301.2912204975235,706.9481240097067,0.913786768999103,353
4049000,16196.000001464561,-831611.7134021809,162655.1115105635,-668956.6018916174,301.2274162526591,706.9481240097067,0.913786768999103,353
4050000,16200.000001465376,-830774.0762036005,162290.4144780644,-668483.6617255361,300.5520194342345,706.9481240097067,0.913786768999103,353
4051000,16204.000001466191,-832006.3558310736,161747.05337103625,-670259.3024600374,299.54574756953735,706.9481240097067,0.913786768999103,353
4052000,16208.000001467006,-830983.2519163014,162630.49902806588,-668352.7528882355,301.181835425586,706.9481240097067,0.913786768999103,353
4053000,16212.00000146782,-832440.4339714125,162874.0191927757,-669566.4147786368,301.63282002324,706.9481240097067,0.913786768999103,353
4054000,16216.000001468636,-832038.2564546326,162420.3473357677,-669617.9091188649,300.79264721807,706.9481240097067,0.913786768999103,353
4055000,16220.00000146945,-832361.7779366178,162863.38518473826,-669498.3927518795,301.61312648434176,706.9481240097067,0.913786768999103,353
4056000,16224.000001470265,-833190.9525069892,163263.00848507232,-669927.944021917,302.35320463568945,706.9481240097067,0.913786768999103,353
4057000,16228.00000147108,-833332.2543747164,162125.12747229135,-671207.1269024251,300.2459179091932,706.9481240097067,0.913786768999103,353
4058000,16232.000001471895,-833706.1256802715,161808.40840402202,-671897.7172762495,299.6593733750147,706.9481240097067,0.913786768999103,353
4059000,16236.00000147271,-833938.1485189404,161649.3804088399,-672288.7681101005,299.36486315854705,706.9481240097067,0.913786768999103,353
4060000,16240.000001473525,-831884.4873846713,162569.46194378845,-669315.0254408829,301.0687984418617,706.9481240097067,0.913786768999103,353
4061000,16244.00000147434,-832187.2485000379,162426.447260527,-669760.801239511,300.8039439093176,706.9481240097067,0.913786768999103,353
4062000,16248.000001475155,-833360.6322277328,162428.31069015746,-670932.3215375753,300.8073948681454,706.9481240097067,0.913786768999103,353
4063000,16252.00000147597,-834395.1822321983,163026.50239732227,-671368.679834876,301.9152096837979,706.9481240097067,0.913786768999103,353
4064000,16256.000001476785,-832877.9391298397,162611.8476905428,-670266.0914392968,301.14729427800347,706.9481240097067,0.913786768999103,353
4065000,16260.0000014776,-833118.2891354132,162226.1666196438,-670892.1225157694,300.43303629123915,706.9481240097067,0.913786768999103,353
4066000,16264.000001478415,-833901.0103392517,163680.73048801132,-670220.2798512403,303.12680048821835,706.9481240097067,0.913786768999103,353
4067000,16268.00000147923,-834545.7378792968,161969.42062496464,-672576.3172543321,299.95755825742765,706.9481240097067,0.913786768999103,353
4068000,16272.000001480044,-832523.595310024,162609.235675873,-669914.359634151,301.1424569850165,706.9481240097067,0.913786768999103,353
4069000,16276.00000148086,-833893.6618686859,163166.31344757276,-670727.3484211131,302.1741312820152,706.9481240097067,0.913786768999103,353
4070000,16280.000001481674,-834163.0429706527,164269.76678586143,-669893.2761847912,304.21766004026443,706.9481240097067,0.913786768999103,353
4071000,16284.00000148249,-833219.3943672152,162559.1591768287,-670660.2351903865,301.0497183413796,706.9481240097067,0.913786768999103,353
4072000,16288.000001483304,-833262.345099791,162919.30121781502,-670343.0438819759,301.71667959136914,706.9481240097067,0.913786768999103,353
4073000,16292.000001484119,-831375.4935585996,162521.34756934206,-668854.1459892576,300.97969353415544,706.9481240097067,0.913786768999103,353
4074000,16296.000001484934,-831998.9033683799,162727.39880481968,-669271.5045635602,301.3612879439602,706.9481240097067,0.913786768999103,353
4075000,16300.000001485749,-833038.0654288754,162202.9930451629,-670835.0723837125,300.3901202346738,706.9481240097067,0.913786768999103,353
4076000,16304.000001486564,-831247.2646685569,161093.19736697734,-670154.0673015795,298.3348458470227,706.9481240097067,0.913786768999103,353
4077000,16308.000001487379,-829995.8108260576,162641.36337664956,-667354.447449408,301.2019555412266,706.9481240097067,0.913786768999103,353
4078000,16312.000001488193,-832858.1434282102,162687.15722888953,-670170.9861993206,301.2867629823355,706.9481240097067,0.913786768999103,353
4079000,16316.000001489008,-831695.3108459357,161330.06533652384,-670365.2455094119,298.7735109820859,706.9481240097067,0.913786768999103,353
4080000,16320.000001489823,-833528.3303412413,162569.0162118218,-670959.3141294195,301.06797297325267,706.9481240097067,0.913786768999103,353
4081000,16324.000001490638,-832718.9078085264,163406.35426023605,-669312.5535482904,302.6186723303859,706.9481240097067,0.913786768999103,353
4082000,16328.000001491453,-832167.5851629032,162181.9137211257,-669985.6714417775,300.3510826031041,706.9481240097067,0.913786768999103,353
4083000,16332.000001492268,-832430.751688675,162143.23782979022,-670287.5138588848,300.2794571945322,706.9481240097067,0.913786768999103,353
4084000,16336.000001493083,-831542.8776455736,162839.2721937655,-668703.6054518081,301.5684706853238,706.9481240097067,0.913786768999103,353
4085000,16340.000001493898,-831943.8053488852,162637.06282927303,-669306.7425196122,301.19399118792296,706.9481240097067,0.913786768999103,353
4086000,16344.000001494713,-833188.5277239298,162275.17392344444,-670913.3538004854,300.52379485003434,706.9481240097067,0.913786768999103,353
4087000,16348.000001495528,-832347.1372864833,162621.2396960107,-669725.8975904726,301.1646877033576,706.9481240097067,0.913786768999103,353
4088000,16352.000001496343,-831321.2844977705,161934.33619713126,-669386.9483006392,299.89258402176546,706.9481240097067,0.913786768999103,353
4089000,16356.000001497157,-833173.6418449832,161876.00229024154,-671297.6395547417,299.78455315886094,706.9481240097067,0.913786768999103,353
4090000,16360.000001497972,-831275.9669191483,163053.49865220272,-668222.4682669456,301.9652051129647,706.9481240097067,0.913786768999103,353
4091000,16364.000001498787,-832125.1635127654,162293.58039746442,-669831.583115301,300.55788252523786,706.9481240097067,0.913786768999103,353
4092000,16368.000001499602,-832184.3357004095,162920.47993906995,-669263.8557613395,301.71886251175084,706.9481240097067,0.913786768999103,353
4093000,16372.000001500417,-831439.6275231084,162342.00251240196,-669097.6250107065,300.6475573496972,706.9481240097067,0.913786768999103,353
4094000,16376.000001501232,-831581.0314832348,162967.77847090003,-668613.2530123348,301.80645652833846,706.9481240097067,0.913786768999103,353
4095000,16380.000001502047,-831123.3517225366,162739.5449410451,-668383.8067814915,301.3837818526892,706.9481240097067,0.913786768999103,353
4096000,16384.00000150286,-832222.5029334584,162789.39073223693,-669433.1122012215,301.47609323935484,706.9481240097067,0.913786768999103,353
4097000,16388.000001503675,-831635.9643441848,163121.6715690692,-668514.2927751157,302.0914572265035,706.9481240097067,0.913786768999103,353
4098000,16392.00000150449,-833671.0742781386,161922.60254206735,-671748.4717360712,299.870854003168,706.9481240097067,0.913786768999103,353
4099000,16396.000001505305,-831442.3406455349,162790.15485734027,-668652.1857881946,301.4775083527714,706.9481240097067,0.913786768999103,353
4100000,16400.00000150612,-830920.7058805684,162560.31134720182,-668360.3945333665,301.05185209113614,706.9481240097067,0.913786768999103,353
4101000,16404.000001506934,-831338.583132524,162297.88949701426,-669040.6936355098,300.5658627166485,706.9481240097067,0.913786768999103,353
4102000,16408.00000150775,-831196.0848572608,163003.59397793503,-668192.4908793258,301.87278467840855,706.9481240097067,0.913786768999103,353
4103000,16412.000001508564,-832590.3939140551,163040.89550278452,-669549.4984112706,301.941864843479,706.9481240097067,0.913786768999103,353
4104000,16416.00000150938,-831093.3420809973,161385.918661978,-669707.4234190193,298.8769479583938,706.9481240097067,0.913786768999103,353
4105000,16420.000001510194,-830870.6986271851,163056.30585599615,-667814.3927711889,301.97040388438813,706.9481240097067,0.913786768999103,353
4106000,16424.00000151101,-831806.860768118,164078.49696194404,-667728.3638061739,303.8634399095187,706.9481240097067,0.913786768999103,353
4107000,16428.000001511824,-832318.4026965732,162336.62210595823,-669981.780590615,300.6375931627965,706.9481240097067,0.913786768999103,353
4108000,16432.00000151264,-833068.0198609615,162893.7837362343,-670174.2361247272,301.66942276080016,706.9481240097067,0.913786768999103,353
4109000,16436.000001513454,-831951.844096072,162041.35129187524,-669910.4928041968,300.0907694964818,706.9481240097067,0.913786768999103,353
4110000,16440.00000151427,-832263.8651843946,163441.382085543,-668822.4830988516,302.683541741597,706.9481240097067,0.913786768999103,353
4111000,16444.000001515084,-832063.5297022648,163014.8819940635,-669048.6477082013,301.8936894006851,706.9481240097067,0.913786768999103,353
4112000,16448.0000015159,-832005.6320966231,162321.3388847958,-669684.2932118273,300.6092895627435,706.9481240097067,0.913786768999103,353
4113000,16452.000001516713,-832344.8598623369,162174.37846376206,-670170.4813985748,300.3371277627959,706.9481240097067,0.913786768999103,353
4114000,16456.00000151753,-833997.3962793853,162262.11044711052,-671735.2858322748,300.49960208297773,706.9481240097067,0.913786768999103,353
4115000,16460.000001518343,-833531.5108480258,161888.59749417263,-671642.9133538532,299.8078787137857,706.9481240097067,0.913786768999103,353
4116000,16464.000001519158,-833547.7048334135,162798.3083725914,-670749.3964608221,301.492608169246,706.9481240097067,0.913786768999103,353
4117000,16468.000001519973,-832897.6442156108,163695.57633940852,-669202.0678762023,303.15429410595294,706.9481240097067,0.913786768999103,353
4118000,16472.000001520788,-833462.2090155203,161597.5310460186,-671864.6779695017,299.26884127855834,706.9481240097067,0.913786768999103,353
4119000,16476.000001521603,-831587.5611535553,161439.8572277655,-670147.7039257898,298.9768389157553,706.9481240097067,0.913786768999103,353
4120000,16480.000001522418,-832277.5349664073,162241.711648483,-670035.8233179243,300.4618247432547,706.9481240097067,0.913786768999103,353
4121000,16484.000001523233,-834015.6329723634,161802.3754726877,-672213.2574996757,299.64820075153307,706.9481240097067,0.913786768999103,353
4122000,16488.000001524048,-832278.7713769441,162612.13618871267,-669666.6351882315,301.14782855914285,706.9481240097067,0.913786768999103,353
4123000,16492.000001524862,-833908.360879302,162640.3234168793,-671268.0374624227,301.20002959871124,706.9481240097067,0.913786768999103,353
4124000,16496.000001525677,-833614.3101480994,160763.96891477384,-672850.3412333257,297.72513469135646,706.9481240097067,0.913786768999103,353
4125000,16500.000001526492,-831779.2156854747,162585.87822182802,-669193.3374636467,301.0992003946342,706.9481240097067,0.913786768999103,353
4126000,16504.000001527307,-831904.5983506804,161497.4323982373,-670407.1659524431,299.08346464476233,706.9481240097067,0.913786768999103,353
4127000,16508.000001528122,-831484.3576082485,162480.11410491454,-669004.243503334,300.9033316551016,706.9481240097067,0.913786768999103,353
4128000,16512.000001528937,-832309.9633009555,162177.2170769045,-670132.746224051,300.3423847024315,706.9481240097067,0.913786768999103,353
4129000,16516.000001529752,-833057.7579038991,162385.18226435367,-670672.5756395455,300.7275236353801,706.9481240097067,0.913786768999103,353
4130000,16520.000001530567,-832791.1211507758,162674.83841457608,-670116.2827361997,301.26394928424463,706.9481240097067,0.913786768999103,353
4131000,16524.00000153138,-834536.8289249213,164106.45958430634,-670430.369340615,303.91522499273935,706.9481240097067,0.913786768999103,353
4132000,16528.000001532197,-833937.3222983899,162755.3937160311,-671181.9285823588,301.41313282417406,706.9481240097067,0.913786768999103,353
4133000,16532.00000153301,-834730.3861690415,161396.96403576087,-673333.4221332807,298.89740332174057,706.9481240097067,0.913786768999103,353
4134000,16536.000001533826,-833744.8616330968,162815.6075763299,-670929.2540567669,301.52464524694363,706.9481240097067,0.913786768999103,353
4135000,16540.00000153464,-833998.2444344154,162200.5218950149,-671797.7225394004,300.38554381425064,706.9481240097067,0.913786768999103,353
4136000,16544.000001535456,-833073.1269474616,162989.75201370573,-670083.374933756,301.8471501989143,706.9481240097067,0.913786768999103,353
4137000,16548.00000153627,-834095.3788708393,161936.540972466,-672158.8378983733,299.89666713216593,706.9481240097067,0.913786768999103,353
4138000,16552.000001537086,-831470.894680554,163489.41954956297,-667981.4751309911,302.7725042158511,706.9481240097067,0.913786768999103,353
4139000,16556.0000015379,-832416.2556997603,162850.6409623221,-669565.6147374382,301.5895249562071,706.9481240097067,0.913786768999103,353
4140000,16560.000001538716,-832798.2210748242,162551.1909585576,-670247.0301162666,301.03496168369054,706.9481240097067,0.913786768999103,353
4141000,16564.00000153953,-832511.8022198956,162036.8719389092,-670474.9302809865,300.0824740060548,706.9481240097067,0.913786768999103,353
4142000,16568.000001540346,-834494.7298880126,161965.23275589323,-672529.4971321194,299.94980257752144,706.9481240097067,0.913786768999103,353
4143000,16572.00000154116,-833342.3230379196,162097.2747075284,-671245.0483303912,300.1943362755937,706.9481240097067,0.913786768999103,353
4144000,16576.000001541976,-831757.5372653194,161694.48788386758,-670063.0493814518,299.4483994706253,706.9481240097067,0.913786768999103,353
4145000,16580.00000154279,-833038.1713511553,162727.06520902843,-670311.1061421268,301.360670144757,706.9481240097067,0.913786768999103,353
4146000,16584.000001543605,-834767.3623348903,163283.43550567032,-671483.92682922,302.39103424079275,706.9481240097067,0.913786768999103,353
4147000,16588.00000154442,-833224.7967432048,162277.61351725753,-670947.1832259473,300.5283128300363,706.9481240097067,0.913786768999103,353
4148000,16592.000001545235,-833597.1331446115,162537.12293005653,-671060.010214555,301.0089085468553,706.9481240097067,0.913786768999103,353
4149000,16596.00000154605,-834881.1941718208,162871.35492619674,-672009.839245624,301.6278859628816,706.9481240097067,0.913786768999103,353
4150000,16600.000001546865,-834677.5507611316,161056.64992741568,-673620.9008337159,298.2671622022385,706.9481240097067,0.913786768999103,353
4151000,16604.00000154768,-833036.1639645472,162360.37853410834,-670675.7854304388,300.68158862906006,706.9481240097067,0.913786768999103,353
4152000,16608.000001548495,-832234.144075742,162752.56269721966,-669481.5813785223,301.4078899487795,706.9481240097067,0.913786768999103,353
4153000,16612.00000154931,-832682.9594645221,163159.49826195,-669523.4612025721,302.1615099709641,706.9481240097067,0.913786768999103,353
4154000,16616.000001550125,-830799.9148690011,162124.70541809266,-668675.2094509085,300.24513629037654,706.9481240097067,0.913786768999103,353
4155000,16620.00000155094,-831065.4913530191,162974.93550859118,-668090.555844428,301.81971092871794,706.9481240097067,0.913786768999103,353
4156000,16624.000001551754,-833409.2999557182,162958.55471853877,-670450.7452371794,301.78937469754857,706.9481240097067,0.913786768999103,353
4157000,16628.00000155257,-833079.2715859693,162829.94855726813,-670249.3230287011,301.55120387516274,706.9481240097067,0.913786768999103,353
4158000,16632.000001553384,-831345.8022087971,162712.1295377122,-668633.6726710849,301.33301018597183,706.9481240097067,0.913786768999103,353
4159000,16636.0000015542,-830638.7089947676,163092.74477902288,-667545.9642157448,302.0378865631213,706.9481240097067,0.913786768999103,353
4160000,16640.000001555014,-831709.4291455159,162201.85495987834,-669507.5741856375,300.38801256964837,706.9481240097067,0.913786768999103,353
4161000,16644.00000155583,-832920.3952946197,163458.63175213523,-669461.7635424845,302.7154870794996,706.9481240097067,0.913786768999103,353
4162000,16648.000001556644,-831293.7232922707,161960.4284792419,-669333.2948130288,299.9409053481064,706.9481240097067,0.913786768999103,353
4163000,16652.00000155746,-832540.5725322012,161446.87869846125,-671093.69383374,298.98984225426915,706.9481240097067,0.913786768999103,353
4164000,16656.000001558274,-832771.0412317608,162034.0969269282,-670736.9443048325,300.0773348519185,706.9481240097067,0.913786768999103,353
4165000,16660.00000155909,-832072.0530842328,163379.01167912345,-668693.0414051095,302.5680355260104,706.9481240097067,0.913786768999103,353
4166000,16664.000001559903,-833745.8919321783,163788.8997932549,-669956.9921389234,303.32712349088195,706.9481240097067,0.913786768999103,353
4167000,16668.00000156072,-832561.7887393264,162843.74974405498,-669718.0389952714,301.5767628373031,706.9481240097067,0.913786768999103,353
4168000,16672.000001561533,-833069.8959434871,163202.0920769386,-669867.8038665485,302.2403911368753,706.9481240097067,0.913786768999103,353
4169000,16676.00000156235,-832011.4203454508,161782.97631884745,-670228.4440266034,299.6122746934183,706.9481240097067,0.913786768999103,353
4170000,16680.000001563163,-832734.0287134759,162579.77095739433,-670154.2577560816,301.0878901107541,706.9481240097067,0.913786768999103,353
4171000,16684.000001563978,-831380.2458285848,163084.44490689845,-668295.8009216863,302.0225157025805,706.9481240097067,0.913786768999103,353
4172000,16688.000001564793,-831377.1719083721,162624.30453787552,-668752.8673704965,301.1703636048868,706.9481240097067,0.913786768999103,353
4173000,16692.000001565608,-831859.2881672876,163703.9862312717,-668155.301936016,303.1698687163871,706.9481240097067,0.913786768999103,353
4174000,16696.000001566423,-830652.2115327185,162226.14627049258,-668426.0652622259,300.4329986058434,706.9481240097067,0.913786768999103,353
4175000,16700.000001567238,-831031.6707437346,162818.85208985372,-668212.8186538809,301.53065388950455,706.9481240097067,0.913786768999103,353
4176000,16704.000001568053,-830843.3668693248,162589.2394925883,-668254.1273767365,301.10542526452633,706.9481240097067,0.913786768999103,353
4177000,16708.000001568867,-832807.1115307342,162249.24858624744,-670557.8629444868,300.4757826955634,706.9481240097067,0.913786768999103,353
4178000,16712.000001569682,-831611.6250960073,163975.6530819672,-667635.97201404,303.6729792719456,706.9481240097067,0.913786768999103,353
4179000,16716.000001570497,-832566.7881777706,162129.22662661277,-670437.5615511579,300.25350929475496,706.9481240097067,0.913786768999103,353
4180000,16720.000001571312,-831750.2392347539,162461.17307793268,-669289.0661568212,300.86825402018485,706.9481240097067,0.913786768999103,353
4181000,16724.000001572127,-833617.0964149721,163581.73427811038,-670035.3621368618,302.94346550261395,706.9481240097067,0.913786768999103,353
4182000,16728.000001572942,-832413.564884969,162028.67630491042,-670384.8885800586,300.06729618821015,706.9481240097067,0.913786768999103,353
4183000,16732.000001573757,-832996.1072845887,161709.59736580675,-671286.5099187819,299.4763813161583,706.9481240097067,0.913786768999103,353
4184000,16736.00000157457,-833157.9887972083,162089.68863882625,-671068.300158382,300.1802873357636,706.9481240097067,0.913786768999103,353
4185000,16740.000001575387,-832434.3251299849,162845.45468536165,-669588.8704446233,301.5799202853531,706.9481240097067,0.913786768999103,353
4186000,16744.0000015762,-834148.1641085511,162916.28065372483,-671231.8834548263,301.7110856895971,706.9481240097067,0.913786768999103,353
4187000,16748.000001577017,-832264.3857268412,162839.04442853993,-669425.3412983012,301.5680488779194,706.9481240097067,0.913786768999103,353
4188000,16752.00000157783,-833978.397457052,163265.22714347017,-670713.1703135818,302.35731345668205,706.9481240097067,0.913786768999103,353
4189000,16756.000001578646,-832757.2343986109,161853.76976367546,-670903.4646349354,299.74337986604485,706.9481240097067,0.913786768999103,353
4190000,16760.00000157946,-832628.1741658002,163097.80255983805,-669530.3716059622,302.0472532668957,706.9481240097067,0.913786768999103,353
4191000,16764.000001580276,-834524.844708927,163189.63133819692,-671335.21337073,302.2173146033382,706.9481240097067,0.913786768999103,353
4192000,16768.00000158109,-833729.4355915906,163048.39830345794,-670681.0372881326,301.9557595759624,706.9481240097067,0.913786768999103,353
4193000,16772.000001581906,-832078.2081117891,162706.56911994703,-669371.638991842,301.32271262900525,706.9481240097067,0.913786768999103,353
4194000,16776.00000158272,-833211.4837949974,162377.92296977213,-670833.5608252253,300.71407986143225,706.9481240097067,0.913786768999103,353
4195000,16780.000001583536,-834948.5527100377,162332.69910681545,-672615.8536032222,300.63032800595784,706.9481240097067,0.913786768999103,353
4196000,16784.00000158435,-833683.5827606004,162974.2569250981,-670709.3258355022,301.8184542331833,706.9481240097067,0.913786768999103,353
4197000,16788.000001585166,-832662.4235833334,163523.81437672698,-669138.6092066064,302.83620135283536,706.9481240097067,0.913786768999103,353
4198000,16792.00000158598,-832261.8571043899,161352.46790487244,-670909.3891995174,298.8149991819857,706.9481240097067,0.913786768999103,353
4199000,16796.000001586795,-833111.2448259247,162542.86457095318,-670568.3802549716,301.01954171808666,706.9481240097067,0.913786768999103,353
4200000,16800.00000158761,-832418.8719640914,162933.42081474914,-669485.4511493423,301.7428282298195,706.9481240097067,0.913786768999103,353
4201000,16804.000001588425,-833918.7871079361,162712.08611415233,-671206.7009937838,301.33292976816864,706.9481240097067,0.913786768999103,353
4202000,16808.00000158924,-833176.6899097236,163887.570504244,-669289.1194054796,303.5098556722135,706.9481240097067,0.913786768999103,353
4203000,16812.000001590055,-831103.4488959378,161873.22360430117,-669230.2252916365,299.7794072007744,706.9481240097067,0.913786768999103,353
4204000,16816.00000159087,-833100.0556336315,161468.48465572414,-671631.5709779074,299.02985517868035,706.9481240097067,0.913786768999103,353
4205000,16820.000001591685,-832969.7116781948,161622.23600181146,-671347.4756763834,299.3145933605741,706.9481240097067,0.913786768999103,353
4206000,16824.0000015925,-832084.3165500294,162246.7113462321,-669837.6052037973,300.47108388070825,706.9481240097067,0.913786768999103,353
4207000,16828.000001593315,-832136.3349677995,162297.114721936,-669839.2202458635,300.56442788012333,706.9481240097067,0.913786768999103,353
4208000,16832.00000159413,-832768.3629834475,162369.23362724908,-670399.1293561985,300.69798772529924,706.9481240097067,0.913786768999103,353
4209000,16836.000001594944,-832126.4900441607,162430.6253252555,-669695.8647189052,300.81168143217445,706.9481240097067,0.913786768999103,353
4210000,16840.00000159576,-832285.2006906886,163766.09701079613,-668519.1036798924,303.2848941186867,706.9481240097067,0.913786768999103,353
4211000,16844.000001596574,-832928.2031527814,163231.8215601613,-669696.38159262,302.29544833940975,706.9481240097067,0.913786768999103,353
4212000,16848.00000159739,-832777.1487341421,162782.53937154147,-669994.6093626006,301.46340493425976,706.9481240097067,0.913786768999103,353
4213000,16852.000001598204,-832964.2934404267,162491.1317025849,-670473.1617378418,300.9237355787702,706.9481240097067,0.913786768999103,353
4214000,16856.00000159902,-831694.3354743682,162523.97857693414,-669170.356897434,300.98456600088423,706.9481240097067,0.913786768999103,353
4215000,16860.000001599834,-833560.4355713306,162677.82409333886,-670882.6114779918,301.26947858050295,706.9481240097067,0.913786768999103,353
4216000,16864.00000160065,-832453.6662380975,162169.2717962235,-670284.394441874,300.3276705237702,706.9481240097067,0.913786768999103,353
4217000,16868.000001601464,-830984.9410489853,162988.23811747076,-667996.7029315146,301.8443465547674,706.9481240097067,0.913786768999103,353
4218000,16872.00000160228,-832259.7926429845,162393.456574202,-669866.3360687825,300.7428471561335,706.9481240097067,0.913786768999103,353
4219000,16876.000001603094,-834003.653086979,163111.64561039943,-670892.0074765795,302.0728897582112,706.9481240097067,0.913786768999103,353
4220000,16880.00000160391,-833494.6551583093,162548.66036029745,-670945.9947980118,301.0302751689638,706.9481240097067,0.913786768999103,353
4221000,16884.000001604723,-832444.2436550958,162287.75373293163,-670156.4899221642,300.5470918953813,706.9481240097067,0.913786768999103,353
4222000,16888.00000160554,-832863.5005820906,161873.59038364107,-670989.9101984495,299.7800864539,706.9481240097067,0.913786768999103,353
4223000,16892.000001606353,-832540.5956454175,163803.1457314911,-668737.4499139264,303.35350610577257,706.9481240097067,0.913786768999103,353
4224000,16896.000001607168,-831537.2720998907,162774.28110106557,-668762.9909988252,301.44811111745275,706.9481240097067,0.913786768999103,353
4225000,16900.000001607983,-832563.4723046189,163158.34656241722,-669405.1257422017,302.1593770931754,706.9481240097067,0.913786768999103,353
4226000,16904.000001608798,-833006.8771155961,162753.96451428148,-670252.9126013146,301.41048602908506,706.9481240097067,0.913786768999103,353
4227000,16908.000001609613,-835477.0870914767,162065.74714797628,-673411.3399435004,300.1359491445872,706.9481240097067,0.913786768999103,353
4228000,16912.000001610428,-832917.242846976,162957.63830869592,-669959.60453828,301.7876775620167,706.9481240097067,0.913786768999103,353
4229000,16916.000001611243,-834736.7163997889,163355.19570921478,-671381.5206905741,302.52392979201585,706.9481240097067,0.913786768999103,353
4230000,16920.000001612058,-832908.2543051438,162560.67216155754,-670347.5821435864,301.0525202974723,706.9481240097067,0.913786768999103,353
4231000,16924.000001612872,-833280.8181150369,162164.8740987428,-671115.9440162941,300.319526254357,706.9481240097067,0.913786768999103,353
4232000,16928.000001613687,-834362.1856615869,162182.16018375434,-672180.0254778326,300.35153903696676,706.9481240097067,0.913786768999103,353
4233000,16932.000001614502,-832697.0575066404,163676.9793775836,-669020.0781290568,303.1198536588705,706.9481240097067,0.913786768999103,353
4234000,16936.000001615317,-833773.4606416803,161446.1324690511,-672327.3281726292,298.98846028259265,706.9481240097067,0.913786768999103,353
4235000,16940.000001616132,-832995.3813240416,162024.84629125742,-670970.5350327842,300.06020323486734,706.9481240097067,0.913786768999103,353
4236000,16944.000001616947,-833181.902916356,161883.1564057778,-671298.7465105782,299.7978021475865,706.9481240097067,0.913786768999103,353
4237000,16948.000001617762,-832529.7366003515,162077.28307606658,-670452.453524285,300.15731298480375,706.9481240097067,0.913786768999103,353
4238000,16952.000001618577,-832454.4288247256,161348.5212998109,-671105.9075249147,298.80769030841503,706.9481240097067,0.913786768999103,353
4239000,16956.00000161939,-832961.5754686827,163724.8589223824,-669236.7165463003,303.20852367629055,706.9481240097067,0.913786768999103,353
4240000,16960.000001620207,-831669.1153309373,162799.56685470312,-668869.5484762342,301.49493880190425,706.9481240097067,0.913786768999103,353
4241000,16964.00000162102,-832544.1602214696,162310.90338197793,-670233.2568394917,300.5899636434906,706.9481240097067,0.913786768999103,353
4242000,16968.000001621836,-834007.4652958186,161749.23905550296,-672258.2262403157,299.5497953248064,706.9481240097067,0.913786768999103,353
4243000,16972.00000162265,-832252.1687816195,162974.982265518,-669277.1865161015,301.8197975197148,706.9481240097067,0.913786768999103,353
4244000,16976.000001623466,-834207.0474272436,162330.91715754848,-671876.1302696951,300.62702794382886,706.9481240097067,0.913786768999103,353
4245000,16980.00000162428,-833501.644238132,163534.03483689134,-669967.6094012407,302.85512902611674,706.9481240097067,0.913786768999103,353
4246000,16984.000001625096,-833988.4121828107,162767.8204796063,-671220.5917032044,301.4361464377603,706.9481240097067,0.913786768999103,353
4247000,16988.00000162591,-834003.1144751161,162082.98507377194,-671920.1294013442,300.16787273924564,706.9481240097067,0.913786768999103,353
4248000,16992.000001626726,-832555.3895557225,163080.49838426494,-669474.8911714575,302.0152069816615,706.9481240097067,0.913786768999103,353
4249000,16996.00000162754,-833082.6809051484,162221.32517648872,-670861.3557286597,300.42407023170983,706.9481240097067,0.913786768999103,353
4250000,17000.000001628356,-833539.6420403728,162353.29379576538,-671186.3482446074,300.66846812269506,706.9481240097067,0.913786768999103,353
4251000,17004.00000162917,-834679.0645324672,162347.57295902725,-672331.4915734399,300.6578734795054,706.9481240097067,0.913786768999103,353
4252000,17008.000001629985,-833303.6653460208,161928.3579836829,-671375.307362338,299.88151273249497,706.9481240097067,0.913786768999103,353
4253000,17012.0000016308,-832225.2150605684,162649.28639619477,-669575.9286643737,301.2166284936125,706.9481240097067,0.913786768999103,353
4254000,17016.000001631615,-833200.828891255,162461.1524227233,-670739.6764685316,300.8682157679879,706.9481240097067,0.913786768999103,353
4255000,17020.00000163243,-831632.7643133486,162693.70108948418,-668939.0632238644,301.2988818158658,706.9481240097067,0.913786768999103,353
4256000,17024.000001633245,-831293.3112515835,162022.4794827063,-669270.8317688772,300.05582004876277,706.9481240097067,0.913786768999103,353
4257000,17028.00000163406,-833489.2491645375,162996.01586751128,-670493.2332970263,301.85875047682816,706.9481240097067,0.913786768999103,353
4258000,17032.000001634875,-831861.9631136926,162466.25998926806,-669395.7031244246,300.87767467191867,706.9481240097067,0.913786768999103,353
4259000,17036.00000163569,-831966.6912603611,161727.4550353132,-670239.2362250478,299.5094526386379,706.9481240097067,0.913786768999103,353
4260000,17040.000001636505,-832283.4120845394,161490.5785500612,-670792.8335344782,299.0707717330038,706.9481240097067,0.913786768999103,353
4261000,17044.00000163732,-832915.7078551725,162801.12590721244,-670114.58194796,301.49782607273653,706.9481240097067,0.913786768999103,353
4262000,17048.000001638135,-834376.3948996086,162920.20920730286,-671456.1856923057,301.7183611329135,706.9481240097067,0.913786768999103,353
4263000,17052.00000163895,-832204.893911818,163351.3958469981,-668853.49806482,302.51689267730717,706.9481240097067,0.913786768999103,353
4264000,17056.000001639764,-832703.2793187425,163191.7663623977,-669511.5129563448,302.2212685388626,706.9481240097067,0.913786768999103,353
4265000,17060.00000164058,-832855.3505910924,162581.84028637884,-670273.5103047135,301.09172238271645,706.9481240097067,0.913786768999103,353
4266000,17064.000001641394,-832173.9796914412,163027.46225580992,-669146.5174356312,301.9169872835888,706.9481240097067,0.913786768999103,353
4267000,17068.00000164221,-832004.5257909056,161831.13608997874,-670173.3897009268,299.70146367303585,706.9481240097067,0.913786768999103,353
4268000,17072.000001643024,-833718.4553201962,163122.11433057414,-670596.340989622,302.09227719399735,706.9481240097067,0.913786768999103,353
4269000,17076.00000164384,-833683.2893366041,161294.29321036587,-672388.9961262383,298.707263170773,706.9481240097067,0.913786768999103,353
4270000,17080.000001644654,-832062.2939890614,162061.2137515001,-670001.0802375613,300.1275535688522,706.9481240097067,0.913786768999103,353
4271000,17084.00000164547,-832795.9631493334,162649.40596707957,-670146.5571822538,301.21684993165,706.9481240097067,0.913786768999103,353
4272000,17088.000001646284,-833277.8353519905,162191.58897213475,-671086.2463798558,300.36900058204736,706.9481240097067,0.913786768999103,353
4273000,17092.0000016471,-833276.6869824827,163038.33243197497,-670238.3545505077,301.9371181915572,706.9481240097067,0.913786768999103,353
4274000,17096.000001647913,-832877.2569596888,163556.07016648477,-669321.186793204,302.89593712208165,706.9481240097067,0.913786768999103,353
4275000,17100.00000164873,-833267.5667557027,161432.94535634748,-671834.6213993552,298.96403854846665,706.9481240097067,0.913786768999103,353
4276000,17104.000001649543,-831931.9670269936,163003.82763904938,-668928.1393879442,301.873217404642,706.9481240097067,0.913786768999103,353
4277000,17108.000001650358,-833275.4447964355,164004.7779084429,-669270.6668879926,303.72691668680216,706.9481240097067,0.913786768999103,353
4278000,17112.000001651173,-831063.6455480587,162145.3758664932,-668918.2696815655,300.2834167090283,706.9481240097067,0.913786768999103,353
4279000,17116.000001651988,-832631.8529284988,162838.6426288464,-669793.2102996523,301.5673047692196,706.9481240097067,0.913786768999103,353
4280000,17120.000001652803,-832320.460495377,162650.9356105196,-669669.5248848574,301.21968273866696,706.9481240097067,0.913786768999103,353
4281000,17124.000001653618,-832162.2910314444,162625.9674130592,-669536.3236183852,301.1734431490246,706.9481240097067,0.913786768999103,353
4282000,17128.000001654433,-832810.1980648087,162446.2326381544,-670363.9654266543,300.84058523049674,706.9481240097067,0.913786768999103,353
4283000,17132.000001655248,-831788.2744528409,162142.96025429957,-669645.3141985413,300.27894314153326,706.9481240097067,0.913786768999103,353
4284000,17136.000001656063,-833130.0612130491,162717.97894791863,-670412.0822651305,301.3438429394385,706.9481240097067,0.913786768999103,353
4285000,17140.000001656877,-831968.9935796009,162173.94119183434,-669795.0523877665,300.3363179616666,706.9481240097067,0.913786768999103,353
4286000,17144.000001657692,-832756.5760303447,162595.76960402395,-670160.8064263207,301.11751863544674,706.9481240097067,0.913786768999103,353
4287000,17148.000001658507,-833009.820484519,162984.41455075564,-670025.4059337634,301.8372655407632,706.9481240097067,0.913786768999103,353
4288000,17152.000001659322,-832352.6936009275,162489.40250138682,-669863.2910995407,300.9205332028704,706.9481240097067,0.913786768999103,353
4289000,17156.000001660137,-831990.8702791044,162056.58306905546,-669934.287210049,300.1189778253952,706.9481240097067,0.913786768999103,353
4290000,17160.000001660952,-832684.4905986227,162659.187749216,-670025.3028494067,301.2349651997897,706.9481240097067,0.913786768999103,353
4291000,17164.000001661767,-831931.3951525483,162369.78166898456,-669561.6134835638,300.6990026654044,706.9481240097067,0.913786768999103,353
4292000,17168.00000166258,-833008.5248114765,164054.67040666303,-668953.8544048134,303.81931457205565,706.9481240097067,0.913786768999103,353
4293000,17172.000001663397,-831769.0914145513,161440.6989469626,-670328.3924675887,298.97839772873454,706.9481240097067,0.913786768999103,353
4294000,17176.00000166421,-833491.5959954923,163447.65018409595,-670043.9458113963,302.69514988052595,706.9481240097067,0.913786768999103,353
4295000,17180.000001665027,-830488.1326953368,160950.00384998077,-669538.128845356,298.06966012523117,706.9481240097067,0.913786768999103,353
4296000,17184.00000166584,-832810.7024425454,162891.7375733041,-669918.9648692413,301.66563339096746,706.9481240097067,0.913786768999103,353
4297000,17188.000001666656,-832736.4262498496,163440.50638444853,-669295.9198654011,302.68191999620177,706.9481240097067,0.913786768999103,353
4298000,17192.00000166747,-832112.0663087545,162732.28330637608,-669379.7830023784,301.370333745041,706.9481240097067,0.913786768999103,353
4299000,17196.000001668286,-832540.6264160909,162204.6309406805,-670335.9954754104,300.3931535179828,706.9481240097067,0.913786768999103,353
4300000,17200.0000016691,-834070.5383220147,162461.39890214292,-671609.1394198718,300.8686722329465,706.9481240097067,0.913786768999103,353
4301000,17204.000001669916,-833124.4002473289,162806.7610916763,-670317.6391556526,301.5082620931013,706.9481240097067,0.913786768999103,353
4302000,17208.00000167073,-833277.8674190976,162795.99347802124,-670481.8739410763,301.4883211246903,706.9481240097067,0.913786768999103,353
4303000,17212.000001671546,-831963.3362852382,163156.43639436353,-668806.8998908746,302.1558395776183,706.9481240097067,0.913786768999103,353
4304000,17216.00000167236,-831202.4940952491,161373.19572250335,-669829.2983727457,298.8533858449779,706.9481240097067,0.913786768999103,353
4305000,17220.000001673176,-830186.1694132704,163728.14684698483,-666458.0225662856,303.21461271354013,706.9481240097067,0.913786768999103,353
4306000,17224.00000167399,-833305.2644000519,163044.23757519107,-670261.0268248608,301.9480541591826,706.9481240097067,0.913786768999103,353
4307000,17228.000001674805,-831019.9300695369,163099.44378754694,-667920.48628199,302.0502927212211,706.9481240097067,0.913786768999103,353
4308000,17232.00000167562,-830791.0199011788,162270.54933152266,-668520.4705696561,300.5152303858568,706.9481240097067,0.913786768999103,353
4309000,17236.000001676435,-833111.7923483355,162190.8950335005,-670920.897314835,300.36771544972106,706.9481240097067,0.913786768999103,353
4310000,17240.00000167725,-831993.6560797282,163321.09332536213,-668672.5627543661,302.4607742423342,706.9481240097067,0.913786768999103,353
4311000,17244.000001678065,-832609.0077302465,163375.26465991605,-669233.7430703305,302.56109627335485,706.9481240097067,0.913786768999103,353
4312000,17248.00000167888,-832020.4043593509,163234.37856773718,-668786.0257916137,302.3001837625899,706.9481240097067,0.913786768999103,353
4313000,17252.000001679695,-832018.3832092816,161869.3889601127,-670148.9942491689,299.7723056719604,706.9481240097067,0.913786768999103,353
4314000,17256.00000168051,-832202.4903974254,161482.16834721723,-670720.3220502081,299.05519654665204,706.9481240097067,0.913786768999103,353
4315000,17260.000001681325,-832861.2020627605,162936.91723561092,-669924.2848271496,301.74930338951503,706.9481240097067,0.913786768999103,353
4316000,17264.00000168214,-833378.5122128483,163868.47022656654,-669510.0419862818,303.4744831146525,706.9481240097067,0.913786768999103,353
4317000,17268.000001682954,-832818.6640270622,163378.65653753732,-669440.0074895249,302.5673778253,706.9481240097067,0.913786768999103,353
4318000,17272.00000168377,-833076.0970665552,161751.76940205737,-671324.3276644978,299.5544813733893,706.9481240097067,0.913786768999103,353
4319000,17276.000001684584,-833304.0726431599,162407.51311687706,-670896.5595262828,300.7688790219147,706.9481240097067,0.913786768999103,353
4320000,17280.0000016854,-833328.567632285,163125.30421001918,-670203.2634222658,302.098184657553,706.9481240097067,0.913786768999103,353
4321000,17284.000001686214,-832385.5214072578,161913.47218213422,-670472.0492251236,299.8539451294992,706.9481240097067,0.913786768999103,353
4322000,17288.00000168703,-831139.8031548122,161231.07541272388,-669908.7277420883,298.59018763795984,706.9481240097067,0.913786768999103,353
4323000,17292.000001687844,-833388.677795873,162354.11909163243,-671034.5587042406,300.6699965206616,706.9481240097067,0.913786768999103,353
4324000,17296.00000168866,-831589.5751812933,162469.2887039037,-669120.2864773896,300.8832836680073,706.9481240097067,0.913786768999103,353
4325000,17300.000001689474,-832913.8028315194,162508.40217498137,-670405.4006565381,300.9557194477623,706.9481240097067,0.913786768999103,353
4326000,17304.00000169029,-832034.2809225805,162576.23482303083,-669458.0460995496,301.0813414040583,706.9481240097067,0.913786768999103,353
4327000,17308.000001691104,-830637.1621666634,162343.0052822599,-668294.1568844036,300.6494144187471,706.9481240097067,0.913786768999103,353
4328000,17312.00000169192,-832537.0163974166,163174.44557081233,-669362.5708266043,302.18919148178,706.9481240097067,0.913786768999103,353
4329000,17316.000001692733,-833620.5134705827,162875.57818257844,-670744.9352880042,301.63570717794346,706.9481240097067,0.913786768999103,353
4330000,17320.00000169355,-832365.573973164,161982.39326237148,-670383.1807107925,299.9815827962925,706.9481240097067,0.913786768999103,353
4331000,17324.000001694363,-831807.8885680977,162251.34489932295,-669556.5436687748,300.4796649404282,706.9481240097067,0.913786768999103,353
4332000,17328.000001695178,-833319.385117637,162512.9219960235,-670806.4631216135,300.96408988261555,706.9481240097067,0.913786768999103,353
4333000,17332.000001695993,-830049.2441910068,162326.15299963485,-667723.0911913719,300.61820501188646,706.9481240097067,0.913786768999103,353
4334000,17336.000001696808,-831965.4068949865,162578.61428017076,-669386.7926148158,301.0857480145835,706.9481240097067,0.913786768999103,353
4335000,17340.000001697623,-832333.3445930723,161971.94787943835,-670361.396713634,299.9622385796645,706.9481240097067,0.913786768999103,353
4336000,17344.000001698438,-831816.317699681,161830.36344149103,-669985.95425819,299.7000327748276,706.9481240097067,0.913786768999103,353
4337000,17348.000001699253,-831010.8991783187,163186.2396416415,-667824.6595366772,302.211033386716,706.9481240097067,0.913786768999103,353
4338000,17352.000001700068,-832130.4354399014,161800.17683976283,-670330.2586001386,299.6441290165037,706.9481240097067,0.913786768999103,353
4339000,17356.000001700882,-832563.3256266695,161774.11493076404,-670789.2106959054,299.59586393932653,706.9481240097067,0.913786768999103,353
4340000,17360.000001701697,-832824.2058913847,162654.30696404708,-670169.8989273377,301.22592628123334,706.9481240097067,0.913786768999103,353
4341000,17364.000001702512,-834091.0865206206,162430.39581315476,-671660.6907074659,300.811256389663,706.9481240097067,0.913786768999103,353
4342000,17368.000001703327,-832121.7614780087,162606.06555159204,-669515.6959264167,301.1365861068284,706.9481240097067,0.913786768999103,353
4343000,17372.000001704142,-830180.3453127043,162859.72638275556,-667320.6189299488,301.6063506046439,706.9481240097067,0.913786768999103,353
4344000,17376.000001704957,-832294.376305745,163587.4266284569,-668706.9496772881,302.9540073907315,706.9481240097067,0.913786768999103,353
4345000,17380.000001705772,-833028.6841164734,163015.13358583057,-670013.5505306429,301.8941553334015,706.9481240097067,0.913786768999103,353
4346000,17384.000001706587,-832975.0750742676,161779.34432776534,-671195.7307465023,299.6055484658848,706.9481240097067,0.913786768999103,353
4347000,17388.0000017074,-832864.753154397,162800.71708756185,-670064.0360668352,301.4970689635014,706.9481240097067,0.913786768999103,353
4348000,17392.000001708217,-832956.2960041678,161603.01210015098,-671353.2839040167,299.2789918588832,706.9481240097067,0.913786768999103,353
4349000,17396.00000170903,-832406.326052391,163227.39362537354,-669178.9324270175,302.28724807233505,706.9481240097067,0.913786768999103,353
4350000,17400.000001709846,-831335.5931957839,162969.33149582474,-668366.2616999592,301.8093326364491,706.9481240097067,0.913786768999103,353
4351000,17404.00000171066,-831677.0429943837,162301.25225396577,-669375.790740418,300.57209033887676,706.9481240097067,0.913786768999103,353
4352000,17408.000001711476,-833574.0691159703,163418.7359430286,-670155.3331729417,302.64160245709274,706.9481240097067,0.913786768999103,353
4353000,17412.00000171229,-832904.2067184597,162838.11308636598,-670066.0936320937,301.5663240886146,706.9481240097067,0.913786768999103,353
4354000,17416.000001713106,-831561.7724819211,162505.932889673,-669055.8395922482,300.95114648090913,706.9481240097067,0.913786768999103,353
4355000,17420.00000171392,-832995.8457073048,162516.238616771,-670479.6070905337,300.970232063388,706.9481240097067,0.913786768999103,353
4356000,17424.000001714736,-831906.7849363713,162756.35587550374,-669150.4290608675,301.4149146852497,706.9481240097067,0.913786768999103,353
4357000,17428.00000171555,-832668.1368255252,163407.4884888092,-669260.648336716,302.62077285301535,706.9481240097067,0.913786768999103,353
4358000,17432.000001716366,-832542.9215391157,163414.84192205238,-669128.0796170633,302.6343909660637,706.9481240097067,0.913786768999103,353
4359000,17436.00000171718,-833766.854088542,163101.8754896589,-670664.9785988831,302.0547960862706,706.9481240097067,0.913786768999103,353
4360000,17440.000001717995,-831219.0486695524,161323.47654486986,-669895.5721246826,298.76130893895476,706.9481240097067,0.913786768999103,353
4361000,17444.00000171881,-832722.101595249,161884.69337080512,-670837.4082244439,299.8006485137397,706.9481240097067,0.913786768999103,353
4362000,17448.000001719625,-833748.9566541752,161112.36541670153,-672636.5912374737,298.37034391430996,706.9481240097067,0.913786768999103,353
4363000,17452.00000172044,-832393.8447719123,162254.28269130405,-670139.5620806082,300.48510555326686,706.9481240097067,0.913786768999103,353
4364000,17456.000001721255,-833431.1883290485,161341.8630186549,-672089.3253103936,298.7953595749343,706.9481240097067,0.913786768999103,353
4365000,17460.00000172207,-833513.2575703599,161064.17165778088,-672449.085912579,298.2810919913648,706.9481240097067,0.913786768999103,353
4366000,17464.000001722885,-833943.4788480448,163518.5701080634,-670424.9087399814,302.8264892848592,706.9481240097067,0.913786768999103,353
4367000,17468.0000017237,-833578.4056393178,162302.71207525674,-671275.6935640611,300.57479383950204,706.9481240097067,0.913786768999103,353
4368000,17472.000001724515,-833277.5471085263,162104.13754561573,-671173.4095629107,300.20704583612337,706.9481240097067,0.913786768999103,353
4369000,17476.00000172533,-832700.0305089317,162002.3823200363,-670697.6481888954,300.0186013205662,706.9481240097067,0.913786768999103,353
4370000,17480.000001726145,-833667.6084090238,162807.2592591477,-670860.3491498762,301.5091846690897,706.9481240097067,0.913786768999103,353
4371000,17484.00000172696,-833732.5081194025,162272.00912352334,-671460.4989958791,300.5179338322382,706.9481240097067,0.913786768999103,353
4372000,17488.000001727774,-832330.4627893791,162212.12457906772,-670118.3382103114,300.4070312824671,706.9481240097067,0.913786768999103,353
4373000,17492.00000172859,-832184.9017188372,162106.60962736257,-670078.2920914746,300.21162398181116,706.9481240097067,0.913786768999103,353
4374000,17496.000001729404,-833060.6938574221,162285.42958403274,-670775.2642733894,300.5427877123692,706.9481240097067,0.913786768999103,353
4375000,17500.00000173022,-831633.5699444637,162304.96897366585,-669328.6009707978,300.57897347867976,706.9481240097067,0.913786768999103,353
4376000,17504.000001731034,-832266.6531857969,162652.7550229713,-669613.8981628256,301.22305218034535,706.9481240097067,0.913786768999103,353
4377000,17508.00000173185,-832837.8891349053,161798.38761998317,-671039.5015149221,299.6408154898255,706.9481240097067,0.913786768999103,353
4378000,17512.000001732664,-832861.1411287403,162321.50677395734,-670539.634354783,300.60960048330344,706.9481240097067,0.913786768999103,353
4379000,17516.00000173348,-832283.469466825,162915.92353462946,-669367.5459321956,301.71042432665934,706.9481240097067,0.913786768999103,353
4380000,17520.000001734294,-831710.4281101329,162577.41291104624,-669133.0151990866,301.08352315171885,706.9481240097067,0.913786768999103,353
4381000,17524.00000173511,-833710.3366333442,163180.42127029388,-670529.9153630503,302.20025811533617,706.9481240097067,0.913786768999103,353
4382000,17528.000001735923,-832204.4041989082,162917.81732864425,-669286.586870264,301.71393151848804,706.9481240097067,0.913786768999103,353
4383000,17532.00000173674,-832905.9122666148,161444.415966794,-671461.4962998208,298.98528142436254,706.9481240097067,0.913786768999103,353
4384000,17536.000001737553,-832271.2272596136,162590.1329009689,-669681.0943586447,301.10707980274304,706.9481240097067,0.913786768999103,353
4385000,17540.000001738368,-830435.5666742362,162542.67647674968,-667892.8901974865,301.01919337901256,706.9481240097067,0.913786768999103,353
4386000,17544.000001739183,-832408.4664397324,162309.971493187,-670098.4949465453,300.5882378418843,706.9481240097067,0.913786768999103,353
4387000,17548.000001739998,-833543.0276013482,161913.6483667809,-671629.3792345673,299.85427141279524,706.9481240097067,0.913786768999103,353
4388000,17552.000001740813,-832460.4737871885,162806.86711893015,-669653.6066682583,301.5084584491545,706.9481240097067,0.913786768999103,353
4389000,17556.000001741628,-831842.0013817511,161634.1138003036,-670207.8875814476,299.33659032407155,706.9481240097067,0.913786768999103,353
4390000,17560.000001742443,-832017.9677879866,161730.71397642605,-670287.2538115606,299.51548800022005,706.9481240097067,0.913786768999103,353
4391000,17564.000001743258,-833270.4380184617,162215.8436598658,-671054.5943585959,300.4139187948805,706.9481240097067,0.913786768999103,353
4392000,17568.000001744073,-831996.6277516885,161682.20448910855,-670314.42326258,299.4256513674042,706.9481240097067,0.913786768999103,353
4393000,17572.000001744887,-831061.073822937,161657.51536773832,-669403.5584551987,299.37992860978017,706.9481240097067,0.913786768999103,353
4394000,17576.000001745702,-831799.0588427875,161920.64227662524,-669878.4165661623,299.8672237102813,706.9481240097067,0.913786768999103,353
4395000,17580.000001746517,-832697.2294819131,162142.990325624,-670554.2391562891,300.27899883180504,706.9481240097067,0.913786768999103,353
4396000,17584.000001747332,-833925.8880391484,162728.93314421538,-671196.954894933,301.3641294476026,706.9481240097067,0.913786768999103,353
4397000,17588.000001748147,-832968.7973843785,162166.83662444155,-670801.960759937,300.3231607331021,706.9481240097067,0.913786768999103,353
4398000,17592.000001748962,-831411.2404583488,163004.69619534235,-668406.5442630064,301.87482591829746,706.9481240097067,0.913786768999103,353
4399000,17596.000001749777,-833533.6713169077,162267.0975787249,-671266.5737381829,300.5088379487108,706.9481240097067,0.913786768999103,353
4400000,17600.00000175059,-832459.4067670228,163121.30716659324,-669338.0996004295,302.09078237518594,706.9481240097067,0.913786768999103,353
4401000,17604.000001751407,-833234.3419408621,163639.62411742593,-669594.7178234363,303.0506739792635,706.9481240097067,0.913786768999103,353
4402000,17608.00000175222,-833144.0515653081,162118.825866372,-671025.2256989361,300.2342477166509,706.9481240097067,0.913786768999103,353
4403000,17612.000001753036,-832429.3790354691,163742.3553188271,-668687.023716642,303.24092594293813,706.9481240097067,0.913786768999103,353
4404000,17616.00000175385,-830800.3483175253,162737.8148621211,-668062.5334554042,301.38057785129416,706.9481240097067,0.913786768999103,353
4405000,17620.000001754666,-832473.4128731918,162361.46620746655,-670111.9466657252,300.6836029342508,706.9481240097067,0.913786768999103,353
4406000,17624.00000175548,-834854.5500507345,163151.58320716146,-671702.9668435731,302.14685176882523,706.9481240097067,0.913786768999103,353
4407000,17628.000001756296,-833629.5739576211,162807.8543064103,-670821.7196512108,301.5102866605844,706.9481240097067,0.913786768999103,353
4408000,17632.00000175711,-833523.1949613476,162755.45843765623,-670767.7365236913,301.4132526847043,706.9481240097067,0.913786768999103,353
4409000,17636.000001757926,-831998.0175196147,162040.40471860862,-669957.6128010061,300.08901650011575,706.9481240097067,0.913786768999103,353
4410000,17640.00000175874,-831696.1977084735,162119.9469504645,-669576.250758009,300.2363238964982,706.9481240097067,0.913786768999103,353
4411000,17644.000001759556,-832623.2112732064,162778.3301591535,-669844.8811140528,301.4556097278238,706.9481240097067,0.913786768999103,353
4412000,17648.00000176037,-832610.09959001,162485.8369446068,-670124.2626454032,300.9139300076411,706.9481240097067,0.913786768999103,353
4413000,17652.000001761186,-833451.6977156168,163252.43522842205,-670199.2624871947,302.3336236046812,706.9481240097067,0.913786768999103,353
4414000,17656.000001762,-834019.5911119198,162091.80807989457,-671927.7830320252,300.1842124122704,706.9481240097067,0.913786768999103,353
4415000,17660.000001762815,-833445.7036080202,162958.04734700907,-670487.6562610111,301.7884350762016,706.9481240097067,0.913786768999103,353
4416000,17664.00000176363,-832769.0440106187,161957.2553716353,-670811.7886389834,299.9350289449799,706.9481240097067,0.913786768999103,353
4417000,17668.000001764445,-832216.7714530742,162958.2067816779,-669258.5646713963,301.78873033955307,706.9481240097067,0.913786768999103,353
4418000,17672.00000176526,-833447.1453888798,162472.59264125378,-670974.5527476261,300.8894023598958,706.9481240097067,0.913786768999103,353
4419000,17676.000001766075,-832747.2218308719,163037.28363391748,-669709.9381969544,301.9351758810691,706.9481240097067,0.913786768999103,353
4420000,17680.00000176689,-831654.2838062514,163014.1546968597,-668640.1291093917,301.8923424903083,706.9481240097067,0.913786768999103,353
4421000,17684.000001767705,-831920.1476168223,162431.74472432415,-669488.4028924981,300.8137544914597,706.9481240097067,0.913786768999103,353
4422000,17688.00000176852,-830992.5811732337,163334.29904718802,-667658.2821260457,302.48523043942765,706.9481240097067,0.913786768999103,353
4423000,17692.000001769335,-833737.8834682452,163011.8796161514,-670726.0038520938,301.8881291786135,706.9481240097067,0.913786768999103,353
4424000,17696.00000177015,-833099.8373355241,161281.271638672,-671818.5656968522,298.68314800857206,706.9481240097067,0.913786768999103,353
4425000,17700.000001770964,-832767.5236699451,163222.2575059124,-669545.2661640327,302.27773629013234,706.9481240097067,0.913786768999103,353
4426000,17704.00000177178,-831808.0536679951,161901.15282492712,-669906.900843068,299.8311304260022,706.9481240097067,0.913786768999103,353
4427000,17708.000001772594,-832203.2271045865,163052.72838317388,-669150.4987214126,301.9637786213701,706.9481240097067,0.913786768999103,353
4428000,17712.00000177341,-833442.1876953049,162268.20735089784,-671173.980344407,300.51089317956814,706.9481240097067,0.913786768999103,353
4429000,17716.000001774224,-832112.5714191888,162666.80690864194,-669445.7645105468,301.24907542163623,706.9481240097067,0.913786768999103,353
4430000,17720.00000177504,-832149.7415477885,161927.0575564435,-670222.683991345,299.87910442000043,706.9481240097067,0.913786768999103,353
4431000,17724.000001775854,-833317.9799620407,162386.7741972514,-670931.2057647893,300.7304717987005,706.9481240097067,0.913786768999103,353
4432000,17728.00000177667,-833407.1395567283,164316.310862187,-669090.8286945412,304.30385685094694,706.9481240097067,0.913786768999103,353
4433000,17732.000001777484,-831606.9116374888,162239.51483380707,-669367.3968036817,300.4577563755122,706.9481240097067,0.913786768999103,353
4434000,17736.0000017783,-833529.0988461738,162836.6834656747,-670692.4153804991,301.563676517671,706.9481240097067,0.913786768999103,353
4435000,17740.000001779114,-833225.7611686764,162654.5502771401,-670571.2108915363,301.22637688234676,706.9481240097067,0.913786768999103,353
4436000,17744.00000177993,-832392.1191987833,162762.05278443405,-669630.0664143492,301.4254650155884,706.9481240097067,0.913786768999103,353
4437000,17748.000001780743,-833469.0548408069,162409.8077515188,-671059.2470892881,300.77312854630986,706.9481240097067,0.913786768999103,353
4438000,17752.00000178156,-834833.559240073,161617.5418048625,-673216.0174352105,299.30589999210156,706.9481240097067,0.913786768999103,353
4439000,17756.000001782373,-832416.4493044894,160975.45643200027,-671440.9928724892,298.11679676574306,706.9481240097067,0.913786768999103,353
4440000,17760.000001783188,-833337.3608123101,161822.6849310035,-671514.6758813066,299.68581263840923,706.9481240097067,0.913786768999103,353
4441000,17764.000001784003,-832587.5425874572,162566.5587433675,-670020.9838440898,301.06342189049764,706.9481240097067,0.913786768999103,353
4442000,17768.000001784818,-832880.4703218471,161750.33501701578,-671130.1353048313,299.5518249791575,706.9481240097067,0.913786768999103,353
4443000,17772.000001785633,-833210.3150547203,162243.42886067452,-670966.8861940458,300.46500491624033,706.9481240097067,0.913786768999103,353
4444000,17776.000001786448,-833412.7683626721,161669.03462420756,-671743.7337384645,299.40126157516414,706.9481240097067,0.913786768999103,353
4445000,17780.000001787263,-832555.192377245,161975.27654167102,-670579.915835574,299.9684030605382,706.9481240097067,0.913786768999103,353
4446000,17784.000001788077,-833420.5415730542,161544.5357727211,-671876.0058003331,299.17069724176326,706.9481240097067,0.913786768999103,353
4447000,17788.000001788892,-832400.555014573,161546.3333729035,-670854.2216416695,299.1740262884398,706.9481240097067,0.913786768999103,353
4448000,17792.000001789707,-831579.9934537215,163614.19832781993,-667965.7951259016,303.0035869566789,706.9481240097067,0.913786768999103,353
4449000,17796.000001790522,-833380.3067134051,162944.95678516524,-670435.3499282398,301.76419214842093,706.9481240097067,0.913786768999103,353
4450000,17800.000001791337,-832649.6514229197,162174.87962072674,-670474.771802193,300.33805587514485,706.9481240097067,0.913786768999103,353
4451000,17804.000001792152,-832802.9684726363,161720.29228562847,-671082.6761870078,299.49618765999224,706.9481240097067,0.913786768999103,353
4452000,17808.000001792967,-831618.9844926698,163585.10097240843,-668033.8835202614,302.9497004165696,706.9481240097067,0.913786768999103,353
4453000,17812.000001793782,-832332.267483837,163456.28061491402,-668875.986868923,302.7111329157489,706.9481240097067,0.913786768999103,353
4454000,17816.000001794597,-831975.0836168006,162327.7283037,-669647.3553131006,300.62112237961594,706.9481240097067,0.913786768999103,353
4455000,17820.00000179541,-832354.10133419,162418.4116205378,-669935.6897136522,300.7890623906896,706.9481240097067,0.913786768999103,353
4456000,17824.000001796227,-832129.8461374128,162948.0566898263,-669181.7894475865,301.76993298412543,706.9481240097067,0.913786768999103,353
4457000,17828.00000179704,-833012.140981188,162336.6838156028,-670675.4571655852,300.6377074453212,706.9481240097067,0.913786768999103,353
4458000,17832.000001797856,-832432.0586407799,161903.4732415229,-670528.585399257,299.835427697015,706.9481240097067,0.913786768999103,353
4459000,17836.00000179867,-832206.7218536017,161543.52245782327,-670663.1993957785,299.16882064393803,706.9481240097067,0.913786768999103,353
4460000,17840.000001799486,-832277.6685989788,161576.56465052592,-670701.1039484529,299.2300127838143,706.9481240097067,0.913786768999103,353
4461000,17844.0000018003,-831947.6937002596,161929.01882248456,-670018.674877775,299.8827365659358,706.9481240097067,0.913786768999103,353
4462000,17848.000001801116,-831368.6657693014,163832.74455055292,-667535.9212187484,303.40832132619397,706.9481240097067,0.913786768999103,353
4463000,17852.00000180193,-832528.4895681273,163213.77663949295,-669314.7129286344,302.2620302391181,706.9481240097067,0.913786768999103,353
4464000,17856.000001802746,-832226.4836191284,162918.16252733883,-669308.3210917895,301.7145708055655,706.9481240097067,0.913786768999103,353
4465000,17860.00000180356,-831462.1482920041,161729.37260310102,-669732.7756889032,299.51300385805456,706.9481240097067,0.913786768999103,353
4466000,17864.000001804376,-832844.3759267414,162520.2614870629,-670324.1144396785,300.9776821755467,706.9481240097067,0.913786768999103,353
4467000,17868.00000180519,-831478.2647383949,162976.79727543646,-668501.4674629584,301.8231588081683,706.9481240097067,0.913786768999103,353
4468000,17872.000001806005,-833296.951299483,162092.52884252963,-671204.4224569533,300.18554722102175,706.9481240097067,0.913786768999103,353
4469000,17876.00000180682,-833049.3104758002,163357.99875651853,-669691.3117192816,302.5291208658721,706.9481240097067,0.913786768999103,353
4470000,17880.000001807635,-832425.4565008478,162132.43362559093,-670293.0228752568,300.2594484626492,706.9481240097067,0.913786768999103,353
4471000,17884.00000180845,-832215.1215182692,162534.75772380581,-669680.3637944633,301.00452832811396,706.9481240097067,0.913786768999103,353
4472000,17888.000001809265,-831983.64748275,162246.37928745442,-669737.2681952956,300.4704689279612,706.9481240097067,0.913786768999103,353
4473000,17892.00000181008,-832374.8149293391,162897.82684339472,-669476.9880859444,301.6769103504139,706.9481240097067,0.913786768999103,353
4474000,17896.000001810895,-831445.9375311313,163168.18947670667,-668277.7480544247,302.1776055743604,706.9481240097067,0.913786768999103,353
4475000,17900.00000181171,-831312.5731516769,161574.87607099826,-669737.6970806787,299.22688563678804,706.9481240097067,0.913786768999103,353
4476000,17904.000001812525,-831432.1306611383,162113.9647659979,-669318.1658951405,300.2252452531424,706.9481240097067,0.913786768999103,353
4477000,17908.00000181334,-832855.7409341931,161555.4097479246,-671300.3311862685,299.1908351853208,706.9481240097067,0.913786768999103,353
4478000,17912.000001814155,-832771.4558615312,162529.3718087359,-670242.0840527953,300.9945539395712,706.9481240097067,0.913786768999103,353
4479000,17916.00000181497,-834001.6794965733,162561.0746143997,-671440.6048821736,301.05326561576373,706.9481240097067,0.913786768999103,353
4480000,17920.000001815784,-831526.4420288382,162372.4418093118,-669154.0002195265,300.70392908419444,706.9481240097067,0.913786768999103,353
4481000,17924.0000018166,-832666.5325315604,162364.38926642752,-670302.1432651329,300.68901626242837,706.9481240097067,0.913786768999103,353
4482000,17928.000001817414,-832620.371449206,162685.50447883992,-669934.8669703661,301.28370218933287,706.9481240097067,0.913786768999103,353
4483000,17932.00000181823,-832021.541995449,163097.96414037957,-668923.5778550694,302.0475525042734,706.9481240097067,0.913786768999103,353
4484000,17936.000001819044,-831783.6820241446,163108.62332266988,-668675.0587014747,302.06729266436344,706.9481240097067,0.913786768999103,353
4485000,17940.00000181986,-832121.5973921008,162418.73223889683,-669702.865153204,300.7896561564741,706.9481240097067,0.913786768999103,353
4486000,17944.000001820674,-833276.1385661215,162606.22560466058,-670669.9129614609,301.1368825154186,706.9481240097067,0.913786768999103,353
4487000,17948.00000182149,-833690.5114963548,161862.86777154147,-671827.6437248134,299.7602288256445,706.9481240097067,0.913786768999103,353
4488000,17952.000001822304,-831567.6913997168,163289.73521670536,-668277.9561830114,302.4027009241241,706.9481240097067,0.913786768999103,353
4489000,17956.00000182312,-832100.3677555537,162899.54905905583,-669200.8186964978,301.6800997895223,706.9481240097067,0.913786768999103,353
4490000,17960.000001823933,-832741.0424440382,161903.93684637442,-670837.1055976638,299.83628626512444,706.9481240097067,0.913786768999103,353
4491000,17964.00000182475,-832284.2097764714,162590.25412307007,-669693.9556534013,301.1073042987333,706.9481240097067,0.913786768999103,353
4492000,17968.000001825563,-833055.9465385666,162594.8885302432,-670461.0580083234,301.1158869401619,706.9481240097067,0.913786768999103,353
4493000,17972.000001826378,-832697.3178505218,162206.50960591246,-670490.8082446093,300.3966326922219,706.9481240097067,0.913786768999103,353
4494000,17976.000001827193,-832128.7503770469,162657.10887428263,-669471.6415027643,301.2311152493081,706.9481240097067,0.913786768999103,353
4495000,17980.000001828008,-832197.7494334746,161934.5158168229,-670263.2336166517,299.89291666655674,706.9481240097067,0.913786768999103,353
4496000,17984.000001828823,-832069.5241331179,163087.5828916126,-668981.9412415053,302.02832706023725,706.9481240097067,0.913786768999103,353
4497000,17988.000001829638,-831744.8285744302,162289.861475303,-669454.9670991271,300.5509953066099,706.9481240097067,0.913786768999103,353
4498000,17992.000001830453,-831949.031619627,162730.03019926633,-669219.0014203608,301.36616112712017,706.9481240097067,0.913786768999103,353
4499000,17996.000001831268,-831349.0678770673,162949.89059331856,-668399.1772837488,301.77332926233333,706.9481240097067,0.913786768999103,353
4500000,18000.000001832082,-831019.5790803162,162709.01777475834,-668310.5613055578,301.32724738942716,706.9481240097067,0.913786768999103,353
4501000,18004.000001832897,-833664.0815849165,163075.02268090332,-670589.0589040131,302.0050663106401,706.9481240097067,0.913786768999103,353
4502000,18008.000001833712,-832382.3211263698,161439.95087186515,-670942.3702545046,298.9770123389569,706.9481240097067,0.913786768999103,353
4503000,18012.000001834527,-832498.0339247081,161904.82567256194,-670593.2082521461,299.8379323173971,706.9481240097067,0.913786768999103,353
4504000,18016.000001835342,-832265.1107274443,162243.833217627,-670021.2775098173,300.4657537608288,706.9481240097067,0.913786768999103,353
4505000,18020.000001836157,-831867.7530968692,162159.43144980771,-669708.3216470615,300.3094467981318,706.9481240097067,0.913786768999103,353
4506000,18024.000001836972,-833229.8737081392,162697.7395530449,-670532.1341550943,301.30636080581405,706.9481240097067,0.913786768999103,353
4507000,18028.000001837787,-833636.088535103,162637.30555534817,-670998.7829797548,301.1944407019148,706.9481240097067,0.913786768999103,353
4508000,18032.0000018386,-832557.5397104137,162264.67430337053,-670292.8654070431,300.50435018950617,706.9481240097067,0.913786768999103,353
4509000,18036.000001839417,-833238.2163784802,162652.4355354787,-670585.7808430016,301.2224605088569,706.9481240097067,0.913786768999103,353
4510000,18040.00000184023,-834767.7381770676,161751.1443235973,-673016.5938534703,299.5533237659356,706.9481240097067,0.913786768999103,353
4511000,18044.000001841046,-833618.2031842284,162650.09053876108,-670968.1126454673,301.21811771694706,706.9481240097067,0.913786768999103,353
4512000,18048.00000184186,-831502.2894478552,161722.51152146206,-669779.7779263931,299.50029755036087,706.9481240097067,0.913786768999103,353
4513000,18052.000001842676,-833706.9682182055,162459.02566402775,-671247.9425541777,300.8642771396786,706.9481240097067,0.913786768999103,353
4514000,18056.00000184349,-832932.5870489888,161493.7042315693,-671438.8828174195,299.07656030586804,706.9481240097067,0.913786768999103,353
4515000,18060.000001844306,-834257.463613485,163831.04810548673,-670426.4155079983,303.40517961266676,706.9481240097067,0.913786768999103,353
4516000,18064.00000184512,-832216.3923766101,162231.44971686264,-669984.9426597474,300.4428202673482,706.9481240097067,0.913786768999103,353
4517000,18068.000001845936,-833551.3798879348,162366.27449842938,-671185.1053895054,300.6925075979277,706.9481240097067,0.913786768999103,353
4518000,18072.00000184675,-833138.3588505937,161350.41158792056,-671787.9472626732,298.8111910075197,706.9481240097067,0.913786768999103,353
4519000,18076.000001847566,-832174.1791621754,163158.29265314504,-669015.8865090304,302.15927725646804,706.9481240097067,0.913786768999103,353
4520000,18080.00000184838,-833732.3081523217,162961.21863694058,-670771.0895153811,301.79430811310397,706.9481240097067,0.913786768999103,353
4521000,18084.000001849196,-832629.8306983467,161945.09881895507,-670684.7318793917,299.91251574560727,706.9481240097067,0.913786768999103,353
4522000,18088.00000185001,-832448.66127019,163337.2939515473,-669111.3673186428,302.490776820932,706.9481240097067,0.913786768999103,353
4523000,18092.000001850825,-834171.2839109106,162754.9288690295,-671416.3550418811,301.41227195567785,706.9481240097067,0.913786768999103,353
4524000,18096.00000185164,-833239.7851612391,162207.44428890164,-671032.3408723375,300.3983636685142,706.9481240097067,0.913786768999103,353
4525000,18100.000001852455,-832623.340839318,161566.3693895872,-671056.9714497308,299.2111317779727,706.9481240097067,0.913786768999103,353
4526000,18104.00000185327,-833389.410755232,163146.66040723934,-670242.7503479926,302.1377350414903,706.9481240097067,0.913786768999103,353
4527000,18108.000001854085,-833005.4892310472,163525.51779789504,-669479.9714331522,302.83935598568075,706.9481240097067,0.913786768999103,353
4528000,18112.0000018549,-832828.1075223722,162756.38282597088,-670071.7246964013,301.4149645958828,706.9481240097067,0.913786768999103,353
4529000,18116.000001855715,-832487.8915057387,163127.4938694022,-669360.3976363365,302.1022397741263,706.9481240097067,0.913786768999103,353
4530000,18120.00000185653,-832270.3483412741,161619.2342817878,-670651.1140594863,299.30903435687213,706.9481240097067,0.913786768999103,353
4531000,18124.000001857345,-832193.525443431,163588.01708207012,-668605.5083613609,302.9551008750658,706.9481240097067,0.913786768999103,353
4532000,18128.00000185816,-833276.3372893166,163898.4849543968,-669377.8523349199,303.530068572926,706.9481240097067,0.913786768999103,353
4533000,18132.000001858974,-833439.2246577507,162438.7893084925,-671000.4353492581,300.82680063472503,706.9481240097067,0.913786768999103,353
4534000,18136.00000185979,-832366.4565104311,163183.7608276551,-669182.695682776,302.20644277332815,706.9481240097067,0.913786768999103,353
4535000,18140.000001860604,-834416.1533000432,162157.37171450793,-672258.7815855353,300.3056322930925,706.9481240097067,0.913786768999103,353
4536000,18144.00000186142,-832766.4538226379,162216.87209086155,-670549.5817317764,300.41582338680365,706.9481240097067,0.913786768999103,353
4537000,18148.000001862234,-834652.8618271919,162126.77951874025,-672526.0823084516,300.24897739917,706.9481240097067,0.913786768999103,353
4538000,18152.00000186305,-832592.2666660538,162100.76536896307,-670491.5012970907,300.20080076917895,706.9481240097067,0.913786768999103,353
4539000,18156.000001863864,-832493.1640485544,161899.83346122457,-670593.3305873298,299.8286870443246,706.9481240097067,0.913786768999103,353
4540000,18160.00000186468,-833134.9254300231,162256.48775993648,-670878.4376700866,300.4891892068369,706.9481240097067,0.913786768999103,353
4541000,18164.000001865494,-831566.5408923756,162283.59119166364,-669282.949700712,300.53938312103315,706.9481240097067,0.913786768999103,353
4542000,18168.00000186631,-831935.7911447063,162505.21665193466,-669430.5744927716,300.94982005199256,706.9481240097067,0.913786768999103,353
4543000,18172.000001867124,-831355.2478277851,161784.04344293464,-669571.2043848505,299.61425094260363,706.9481240097067,0.913786768999103,353
4544000,18176.00000186794,-832828.8753635157,161669.27826800355,-671159.5970955121,299.40171278871946,706.9481240097067,0.913786768999103,353
4545000,18180.000001868753,-831430.0584744914,162947.61339388194,-668482.4450806094,301.7691120268821,706.9481240097067,0.913786768999103,353
4546000,18184.00000186957,-833795.4761502473,163704.48872543138,-670090.9874248159,303.17079930514024,706.9481240097067,0.913786768999103,353
4547000,18188.000001870383,-834293.4395297542,161766.93716507967,-672526.5023646746,299.5825711519589,706.9481240097067,0.913786768999103,353
4548000,18192.000001871198,-833420.6313506588,162933.55513051563,-670487.0762201432,301.743076974485,706.9481240097067,0.913786768999103,353
4549000,18196.000001872013,-832792.1810214054,163992.2376240781,-668799.9433973273,303.7036928395882,706.9481240097067,0.913786768999103,353
4550000,18200.000001872828,-833192.1978752995,162344.2577503922,-670847.9401249073,300.6517339138797,706.9481240097067,0.913786768999103,353
4551000,18204.000001873643,-832504.9177971454,162931.7875307788,-669573.1302663666,301.7398034868168,706.9481240097067,0.913786768999103,353
4552000,18208.000001874458,-833038.159706872,161748.3435319995,-671289.8161748725,299.54813686951013,706.9481240097067,0.913786768999103,353
4553000,18212.000001875273,-831865.8748198878,161922.8712260501,-669943.0035938377,299.87135158963275,706.9481240097067,0.913786768999103,353
4554000,18216.000001876087,-831847.0598759828,161705.69929648167,-670141.3605795011,299.4691623278323,706.9481240097067,0.913786768999103,353
4555000,18220.000001876902,-831989.13249736,162766.46419005276,-669222.6683073072,301.43363467164295,706.9481240097067,0.913786768999103,353
4556000,18224.000001877717,-831747.0583565682,162784.18987904524,-668962.868477523,301.4664615742034,706.9481240097067,0.913786768999103,353
4557000,18228.000001878532,-831841.905818915,162482.51062078937,-669359.3951981256,300.90776985737074,706.9481240097067,0.913786768999103,353
4558000,18232.000001879347,-832614.9414534587,162033.02197323128,-670581.9194802274,300.07534410277015,706.9481240097067,0.913786768999103,353
4559000,18236.000001880162,-832405.7266161805,161477.12856787327,-670928.5980483072,299.0458631805121,706.9481240097067,0.913786768999103,353
4560000,18240.000001880977,-832782.547459458,161558.8354187948,-671223.7120406632,299.1971793203165,706.9481240097067,0.913786768999103,353
4561000,18244.000001881792,-831612.4610604746,161783.24058240873,-669829.2204780659,299.61276409353025,706.9481240097067,0.913786768999103,353
4562000,18248.000001882607,-833039.804880497,162187.43701782404,-670852.367862673,300.36131141410294,706.9481240097067,0.913786768999103,353
4563000,18252.00000188342,-833541.5955873542,162592.22272888396,-670949.3728584702,301.11095003748346,706.9481240097067,0.913786768999103,353
4564000,18256.000001884237,-833003.7797651384,161951.62510284502,-671052.1546622934,299.9246020281449,706.9481240097067,0.913786768999103,353
4565000,18260.00000188505,-832587.0017219102,162958.14765415812,-669628.8540677521,301.7886208389671,706.9481240097067,0.913786768999103,353
4566000,18264.000001885866,-831584.905273404,162120.12993346545,-669464.7753399385,300.23666276993464,706.9481240097067,0.913786768999103,353
4567000,18268.00000188668,-832482.7019455042,162184.86145807322,-670297.8404874309,300.3565416334183,706.9481240097067,0.913786768999103,353
4568000,18272.000001887496,-833163.4486389793,162454.82017003,-670708.6284689493,300.85648881947617,706.9481240097067,0.913786768999103,353
4569000,18276.00000188831,-832950.0259079421,162312.1542943978,-670637.8716135443,300.59228025753794,706.9481240097067,0.913786768999103,353
4570000,18280.000001889126,-832807.6465514153,163305.99215377326,-669501.654397642,302.4328077870666,706.9481240097067,0.913786768999103,353
4571000,18284.00000188994,-831985.1531603588,162137.65101589225,-669847.5021444665,300.2691107535262,706.9481240097067,0.913786768999103,353
4572000,18288.000001890756,-832097.3594222749,162229.37849515292,-669867.980927122,300.43898449017337,706.9481240097067,0.913786768999103,353
4573000,18292.00000189157,-831555.6205361206,162789.67429779778,-668765.9462383229,301.47661838560094,706.9481240097067,0.913786768999103,353
4574000,18296.000001892386,-833063.5392940212,162579.4151499319,-670484.1241440893,301.08723117688106,706.9481240097067,0.913786768999103,353
4575000,18300.0000018932,-833500.8050202075,161679.74840293225,-671821.0566172753,299.42110284454435,706.9481240097067,0.913786768999103,353
4576000,18304.000001894015,-832861.3717403868,162875.79619705546,-669985.5755433313,301.6361109275521,706.9481240097067,0.913786768999103,353
4577000,18308.00000189483,-833389.0170500847,163469.06457245286,-669919.9524776319,302.7348080309245,706.9481240097067,0.913786768999103,353
4578000,18312.000001895645,-834431.7925440101,163509.11962405057,-670922.6729199595,302.80898756078125,706.9481240097067,0.913786768999103,353
4579000,18316.00000189646,-831794.7302967347,162849.62250027095,-668945.1077964638,301.5876388261656,706.9481240097067,0.913786768999103,353
4580000,18320.000001897275,-831536.2368546743,163743.25167869072,-667792.9851759835,303.24258594712273,706.9481240097067,0.913786768999103,353
4581000,18324.00000189809,-832340.8557795966,162712.229199745,-669628.6265798516,301.3331947540211,706.9481240097067,0.913786768999103,353
4582000,18328.000001898905,-833531.220058443,161930.3519129911,-671600.8681454519,299.88520536882294,706.9481240097067,0.913786768999103,353
4583000,18332.00000189972,-833294.9827713147,162694.0134875402,-670600.9692837745,301.2994603581469,706.9481240097067,0.913786768999103,353
4584000,18336.000001900535,-830119.7717211181,163867.8366839855,-666251.9350371326,303.47330983215926,706.9481240097067,0.913786768999103,353
4585000,18340.00000190135,-831715.7702172901,163162.5103409708,-668553.2598763193,302.16708815890155,706.9481240097067,0.913786768999103,353
4586000,18344.000001902165,-832868.126509076,162615.32034942613,-670252.8061596499,301.1537254319539,706.9481240097067,0.913786768999103,353
4587000,18348.00000190298,-832616.8706282759,163443.77564604805,-669173.0949822279,302.68797447070017,706.9481240097067,0.913786768999103,353
4588000,18352.000001903794,-832073.4435220193,163120.30283260866,-668953.1406894106,302.0889224094682,706.9481240097067,0.913786768999103,353
4589000,18356.00000190461,-832163.3640998704,163511.2083600564,-668652.155739814,302.8128557733718,706.9481240097067,0.913786768999103,353
4590000,18360.000001905424,-830340.4537333883,162353.79028665635,-667986.663446732,300.669387593758,706.9481240097067,0.913786768999103,353
4591000,18364.00000190624,-833107.9362130137,161897.85387364475,-671210.082339369,299.82502096800914,706.9481240097067,0.913786768999103,353
4592000,18368.000001907054,-833453.6325894902,161573.8007072596,-671879.8318822306,299.22489412826724,706.9481240097067,0.913786768999103,353
4593000,18372.00000190787,-833464.031870408,161386.96344035794,-672077.06843005,298.8788828246825,706.9481240097067,0.913786768999103,353
4594000,18376.000001908684,-833230.8914036136,160933.8769092413,-672297.0144943723,298.0397940076164,706.9481240097067,0.913786768999103,353
4595000,18380.0000019095,-832480.7875744477,162462.16950082174,-670018.618073626,300.8700993350328,706.9481240097067,0.913786768999103,353
4596000,18384.000001910314,-833440.7947128965,162477.64446249887,-670963.1502503976,300.8987580269074,706.9481240097067,0.913786768999103,353
4597000,18388.00000191113,-831799.400067037,162109.9885829517,-669689.4114840853,300.21788160293534,706.9481240097067,0.913786768999103,353
4598000,18392.000001911943,-832455.0257327016,163391.41357083566,-669063.6121618659,302.5910030784127,706.9481240097067,0.913786768999103,353
4599000,18396.00000191276,-832828.7129651159,162476.75595645764,-670351.9570086582,300.8971125675263,706.9481240097067,0.913786768999103,353
4600000,18400.000001913573,-831812.2614083141,163195.45700883842,-668616.8043994757,302.22810339256824,706.9481240097067,0.913786768999103,353
4601000,18404.000001914388,-833793.9864713978,161915.5648352393,-671878.4216361585,299.8578205963204,706.9481240097067,0.913786768999103,353
4602000,18408.000001915203,-833630.7510903375,161283.80854093825,-672346.9425493993,298.6878461979363,706.9481240097067,0.913786768999103,353
4603000,18412.000001916018,-835320.2500499748,163008.30932601972,-672311.940723955,301.88151721750364,706.9481240097067,0.913786768999103,353
4604000,18416.000001916833,-833063.9825027958,162016.47881171218,-671047.5036910835,300.0447071694776,706.9481240097067,0.913786768999103,353
4605000,18420.000001917648,-833407.3592882948,163625.25569097965,-669782.1035973151,303.0240645236255,706.9481240097067,0.913786768999103,353
4606000,18424.000001918463,-832571.3303913632,162439.0348736846,-670132.2955176786,300.82725540658953,706.9481240097067,0.913786768999103,353
4607000,18428.000001919278,-831656.9999223417,164023.93212764684,-667633.0677946948,303.7623891408035,706.9481240097067,0.913786768999103,353
4608000,18432.000001920092,-834832.5680645052,161832.32388400775,-673000.2441804975,299.7036633956457,706.9481240097067,0.913786768999103,353
4609000,18436.000001920907,-831567.8246629825,162219.87718445424,-669347.9474785283,300.42138863815126,706.9481240097067,0.913786768999103,353
4610000,18440.000001921722,-832822.6143120974,162246.836908962,-670575.7774031354,300.47131641528,706.9481240097067,0.913786768999103,353
4611000,18444.000001922537,-832612.3276612312,162259.13989986607,-670353.1877613651,300.49410080937497,706.9481240097067,0.913786768999103,353
4612000,18448.000001923352,-832537.9953479711,161820.66853757872,-670717.3268103923,299.6820783998977,706.9481240097067,0.913786768999103,353
4613000,18452.000001924167,-831493.4859267324,162975.84195091555,-668517.6439758169,301.82138960500924,706.9481240097067,0.913786768999103,353
4614000,18456.000001924982,-831694.1642931178,162749.5466324651,-668944.6176606527,301.4023043795045,706.9481240097067,0.913786768999103,353
4615000,18460.000001925797,-832468.2437044242,162859.26323612308,-669608.9804683011,301.6054928851284,706.9481240097067,0.913786768999103,353
4616000,18464.00000192661,-833500.3805103442,161906.13562609412,-671594.24488425,299.8403582720089,706.9481240097067,0.913786768999103,353
4617000,18468.000001927427,-834021.3982873475,162561.65759937747,-671459.7406879701,301.0543452686375,706.9481240097067,0.913786768999103,353
4618000,18472.00000192824,-832282.9630308431,161993.72388396788,-670289.2391468752,300.0025664213155,706.9481240097067,0.913786768999103,353
4619000,18476.000001929056,-832598.3801661739,161803.41595306748,-670794.9642131064,299.6501276581858,706.9481240097067,0.913786768999103,353
4620000,18480.00000192987,-833464.6059836783,162666.25534662223,-670798.350637056,301.24805396217795,706.9481240097067,0.913786768999103,353
4621000,18484.000001930686,-832320.9294050634,163720.63135047047,-668600.2980545929,303.200694469128,706.9481240097067,0.913786768999103,353
4622000,18488.0000019315,-832441.1940074358,163256.38721927055,-669184.8067881652,302.34094245240317,706.9481240097067,0.913786768999103,353
4623000,18492.000001932316,-833016.6708833501,162030.06290002138,-670986.6079833286,300.0698640783845,706.9481240097067,0.913786768999103,353
4624000,18496.00000193313,-832241.8978808122,162527.81500234688,-669714.0828784653,300.99167082841774,706.9481240097067,0.913786768999103,353
4625000,18500.000001933946,-832460.9084730782,163572.42015645432,-668888.4883166238,302.92621631336283,706.9481240097067,0.913786768999103,353
4626000,18504.00000193476,-832372.4952605348,161473.30492564186,-670899.190334893,299.03878202665624,706.9481240097067,0.913786768999103,353
4627000,18508.000001935576,-831188.302435454,163031.2953185077,-668157.0071169463,301.9240858835779,706.9481240097067,0.913786768999103,353
4628000,18512.00000193639,-832361.1285602888,161852.13887471624,-670508.9896855726,299.74035955845767,706.9481240097067,0.913786768999103,353
4629000,18516.000001937206,-834248.2878631856,163281.3970237354,-670966.8908394503,302.3872590956981,706.9481240097067,0.913786768999103,353
4630000,18520.00000193802,-832733.2764050476,162653.42858720117,-670079.8478178465,301.22429958050856,706.9481240097067,0.913786768999103,353
4631000,18524.000001938835,-831694.9663549913,161822.79638708924,-669872.1699679021,299.6860190483303,706.9481240097067,0.913786768999103,353
4632000,18528.00000193965,-834155.6361032212,161924.81657751277,-672230.8195257084,299.8749542627326,706.9481240097067,0.913786768999103,353
4633000,18532.000001940465,-832496.3712927187,162612.99930438987,-669883.3719883289,301.1494269971074,706.9481240097067,0.913786768999103,353
4634000,18536.00000194128,-831197.3789342372,162171.97255925802,-669025.4063749792,300.33267217335407,706.9481240097067,0.913786768999103,353
4635000,18540.000001942095,-831488.2701779427,162655.87402660874,-668832.3961513339,301.22882838619745,706.9481240097067,0.913786768999103,353
4636000,18544.00000194291,-832595.4470318025,162531.52134124568,-670063.9256905569,300.9985347436054,706.9481240097067,0.913786768999103,353
4637000,18548.000001943725,-832050.4254430002,163134.32510443518,-668916.100338565,302.1148908077132,706.9481240097067,0.913786768999103,353
4638000,18552.00000194454,-831651.8003172586,162623.74959730858,-669028.05071995,301.1693358885636,706.9481240097067,0.913786768999103,353
4639000,18556.000001945355,-833422.914909834,162649.41552447015,-670773.4993853639,301.2168676313586,706.9481240097067,0.913786768999103,353
4640000,18560.00000194617,-833028.920046512,162934.68820690858,-670094.2318396035,301.74517536334656,706.9481240097067,0.913786768999103,353
4641000,18564.000001946984,-833703.2784355283,161997.51139562496,-671705.7670399033,300.0095806635357,706.9481240097067,0.913786768999103,353
4642000,18568.0000019478,-831948.606288529,161656.79494232166,-670291.8113462073,299.37859442553696,706.9481240097067,0.913786768999103,353
4643000,18572.000001948614,-833313.0913554365,163187.6712645394,-670125.420090897,302.213684665625,706.9481240097067,0.913786768999103,353
4644000,18576.00000194943,-832926.1638689553,162454.2640033737,-670471.8998655817,300.8554588325097,706.9481240097067,0.913786768999103,353
4645000,18580.000001950244,-832242.0618045367,162558.2356567423,-669683.8261477945,301.0480080381073,706.9481240097067,0.913786768999103,353
4646000,18584.00000195106,-832395.8868010957,162412.52446819143,-669983.3623329042,300.7781597410654,706.9481240097067,0.913786768999103,353
4647000,18588.000001951874,-834151.1409909204,161598.8257265968,-672552.3152643235,299.27123894858437,706.9481240097067,0.913786768999103,353
4648000,18592.00000195269,-833851.7559695989,161501.40148124652,-672350.3544883523,299.0908151461309,706.9481240097067,0.913786768999103,353
4649000,18596.000001953504,-831876.9130240912,162963.81944318244,-668913.0935809087,301.7991246487611,706.9481240097067,0.913786768999103,353
4650000,18600.00000195432,-832925.2299137218,161679.0618413238,-671246.168072398,299.4198313740231,706.9481240097067,0.913786768999103,353
4651000,18604.000001955133,-831328.1998071633,163387.39183284607,-667940.8079743172,302.5835550632093,706.9481240097067,0.913786768999103,353
4652000,18608.00000195595,-831600.071053612,162168.84838582782,-669431.2226677842,300.3268863933588,706.9481240097067,0.913786768999103,353
4653000,18612.000001956763,-830992.3815894788,162846.4565379029,-668145.9250515759,301.58177565558816,706.9481240097067,0.913786768999103,353
4654000,18616.00000195758,-831524.6730305217,162609.16204259777,-668915.510987924,301.14232062064997,706.9481240097067,0.913786768999103,353
4655000,18620.000001958393,-832178.8316261116,162279.77439650428,-669899.0572296074,300.53231464754015,706.9481240097067,0.913786768999103,353
4656000,18624.000001959208,-832554.1251941808,162052.31204677786,-670501.8131474028,300.1110681507868,706.9481240097067,0.913786768999103,353
4657000,18628.000001960023,-831497.2461134652,163507.19488390873,-667990.0512295564,302.8054230585993,706.9481240097067,0.913786768999103,353
4658000,18632.000001960838,-831391.7302502468,162571.82511056738,-668819.9051396794,301.0731748836248,706.9481240097067,0.913786768999103,353
4659000,18636.000001961653,-831132.7882411769,161658.99713004252,-669473.7911111343,299.3826727438332,706.9481240097067,0.913786768999103,353
4660000,18640.000001962468,-831770.4268267499,162764.34916167613,-669006.0776650738,301.42971776717394,706.9481240097067,0.913786768999103,353
4661000,18644.000001963283,-832454.3776434753,163230.41852245032,-669223.9591210249,302.2928499985358,706.9481240097067,0.913786768999103,353
4662000,18648.000001964097,-833440.8433618993,162380.067015436,-671060.7763464632,300.7180505041601,706.9481240097067,0.913786768999103,353
4663000,18652.000001964912,-832748.5714671826,161545.02578205836,-671203.5456851242,299.17160470938126,706.9481240097067,0.913786768999103,353
4664000,18656.000001965727,-835063.7677613245,162609.10110680683,-672454.6666545176,301.1422077712554,706.9481240097067,0.913786768999103,353
4665000,18660.000001966542,-833238.8698313208,161789.61690776527,-671449.2529235556,299.62457266194536,706.9481240097067,0.913786768999103,353
4666000,18664.000001967357,-833048.8210468637,162858.19447922055,-670190.6265676431,301.60351361206796,706.9481240097067,0.913786768999103,353
4667000,18668.000001968172,-832867.7298281332,162312.7576599763,-670554.9721681569,300.59339765405,706.9481240097067,0.913786768999103,353
4668000,18672.000001968987,-832650.1796431905,162640.6157556238,-670009.5638875667,301.2005709923622,706.9481240097067,0.913786768999103,353
4669000,18676.0000019698,-833361.4054911463,162663.546795181,-670697.8586959653,301.2430378889365,706.9481240097067,0.913786768999103,353
4670000,18680.000001970617,-832572.917054846,162242.51722303894,-670330.399831807,300.4633166185473,706.9481240097067,0.913786768999103,353
4671000,18684.00000197143,-833675.4626405258,163174.9061443093,-670500.5564962164,302.19004443600437,706.9481240097067,0.913786768999103,353
4672000,18688.000001972247,-833697.5681936936,162973.1595104558,-670724.4086832379,301.8164218877243,706.9481240097067,0.913786768999103,353
4673000,18692.00000197306,-833539.4812930292,162726.52835877822,-670812.9529342509,301.35967593060485,706.9481240097067,0.913786768999103,353
4674000,18696.000001973876,-832536.4594952362,162075.22760765813,-670461.231887578,300.1535063817888,706.9481240097067,0.913786768999103,353
4675000,18700.00000197469,-832423.004746533,162284.79074685567,-670138.2139996773,300.5416046246047,706.9481240097067,0.913786768999103,353
4676000,18704.000001975506,-832146.3693917803,161746.88154564195,-670399.4878461384,299.5454293593127,706.9481240097067,0.913786768999103,353
4677000,18708.00000197632,-832545.3918245593,161917.33532527153,-670628.0564992877,299.8610994366406,706.9481240097067,0.913786768999103,353
4678000,18712.000001977136,-832861.6809584918,162177.56393772445,-670684.1170207673,300.3430270676645,706.9481240097067,0.913786768999103,353
4679000,18716.00000197795,-833695.5011354089,162914.55182434822,-670780.9493110606,301.70788400228815,706.9481240097067,0.913786768999103,353
4680000,18720.000001978766,-833376.0965096438,162297.58319204196,-671078.5133176019,300.56529545838936,706.9481240097067,0.913786768999103,353
4681000,18724.00000197958,-831696.140659363,162305.5095665868,-669390.6310927762,300.5799746240315,706.9481240097067,0.913786768999103,353
4682000,18728.000001980396,-833165.8317865739,162276.4242344221,-670889.4075521517,300.5261103502471,706.9481240097067,0.913786768999103,353
4683000,18732.00000198121,-832247.8067568531,163218.36200000974,-669029.4447568434,302.2705220491094,706.9481240097067,0.913786768999103,353
4684000,18736.000001982025,-833319.4057787806,163102.66573034145,-670216.7400484391,302.05625956415827,706.9481240097067,0.913786768999103,353
4685000,18740.00000198284,-832576.4760100665,163929.7870399791,-668646.6889700873,303.58803813979483,706.9481240097067,0.913786768999103,353
4686000,18744.000001983655,-832663.6541952379,162768.04278869723,-669895.6114065407,301.43655814073384,706.9481240097067,0.913786768999103,353
4687000,18748.00000198447,-833282.6273080716,163466.62964760378,-669815.9976604679,302.7302986975611,706.9481240097067,0.913786768999103,353
4688000,18752.000001985285,-833434.1340616848,163162.25688417,-670271.8771775148,302.1666187722556,706.9481240097067,0.913786768999103,353
4689000,18756.0000019861,-832893.5240406152,162645.02648515865,-670248.4975554566,301.20873939635044,706.9481240097067,0.913786768999103,353
4690000,18760.000001986915,-832341.5023809988,162368.94764316187,-669972.5547378369,300.69745810008874,706.9481240097067,0.913786768999103,353
4691000,18764.00000198773,-832654.6094587948,162546.1136000682,-670108.4958587266,301.02555872324905,706.9481240097067,0.913786768999103,353
4692000,18768.000001988545,-830796.0839303536,163855.95566995782,-666940.1282603958,303.45130691368485,706.9481240097067,0.913786768999103,353
4693000,18772.00000198936,-834604.4010009803,163078.07556239908,-671526.3254385812,302.01072006229015,706.9481240097067,0.913786768999103,353
4694000,18776.000001990174,-833153.981270616,160937.06498515166,-672216.9162854643,298.04569813113505,706.9481240097067,0.913786768999103,353
4695000,18780.00000199099,-833448.6639773799,161992.54736012913,-671456.1166172507,300.0003875704155,706.9481240097067,0.913786768999103,353
4696000,18784.000001991804,-832303.2804634189,162846.5320858321,-669456.7483775868,301.5819155657778,706.9481240097067,0.913786768999103,353
4697000,18788.00000199262,-833678.3619486876,161874.3434622906,-671804.018486397,299.7814811099531,706.9481240097067,0.913786768999103,353
4698000,18792.000001993434,-833980.4510928467,162819.8857348616,-671160.5653579851,301.5325681374624,706.9481240097067,0.913786768999103,353
4699000,18796.00000199425,-833202.9087434756,163526.00752919947,-669676.9012142761,302.84026293839884,706.9481240097067,0.913786768999103,353
4700000,18800.000001995064,-834238.6254164614,162472.46327631286,-671766.1621401485,300.8891627838595,706.9481240097067,0.913786768999103,353
4701000,18804.00000199588,-833221.2464561965,161933.75727432262,-671287.4891818739,299.89151189178295,706.9481240097067,0.913786768999103,353
4702000,18808.000001996694,-834686.7615832966,161090.6755508604,-673596.0860324362,298.3301755962933,706.9481240097067,0.913786768999103,353
4703000,18812.00000199751,-833386.0343641369,162730.01291895972,-670656.0214451771,301.3661291250388,706.9481240097067,0.913786768999103,353
4704000,18816.000001998324,-834463.0801495835,162344.3507603603,-672118.7293892233,300.651906162708,706.9481240097067,0.913786768999103,353
4705000,18820.00000199914,-833565.5440417556,161464.73288279684,-672100.8111589588,299.0229071224234,706.9481240097067,0.913786768999103,353
4706000,18824.000001999953,-832703.0019480865,162163.4784611439,-670539.5234869426,300.3169416180426,706.9481240097067,0.913786768999103,353
4707000,18828.00000200077,-832837.9292532988,162292.83569073013,-670545.0935625687,300.5565033734648,706.9481240097067,0.913786768999103,353
4708000,18832.000002001583,-832119.7956108227,163562.84074283706,-668556.9548679857,302.90847581946537,706.9481240097067,0.913786768999103,353
4709000,18836.000002002398,-832217.7419726662,163118.44339666262,-669099.2985760036,302.0854788467021,706.9481240097067,0.913786768999103,353
4710000,18840.000002003213,-831553.1830331599,162570.31675070798,-668982.8662824519,301.07038149251025,706.9481240097067,0.913786768999103,353
4711000,18844.000002004028,-833159.5354633676,162500.852354343,-670658.6831090245,300.94173763715116,706.9481240097067,0.913786768999103,353
4712000,18848.000002004843,-832780.0969266472,161461.59216940583,-671318.5047572413,299.0170907114224,706.9481240097067,0.913786768999103,353
4713000,18852.000002005658,-833258.9900161661,161824.42457279202,-671434.5654433741,299.6890343496502,706.9481240097067,0.913786768999103,353
4714000,18856.000002006473,-831655.7754002223,162002.92878124357,-669652.8466189788,300.0196133336288,706.9481240097067,0.913786768999103,353
4715000,18860.000002007288,-833860.2899467992,163284.8522836322,-670575.437663167,302.39365802777917,706.9481240097067,0.913786768999103,353
4716000,18864.000002008102,-832713.2107352093,162860.4220720912,-669852.7886631181,301.60763897916314,706.9481240097067,0.913786768999103,353
4717000,18868.000002008917,-832427.0203438196,162684.9900644301,-669742.0302793896,301.28274952499845,706.9481240097067,0.913786768999103,353
4718000,18872.000002009732,-833905.7441759873,161079.57146304543,-672826.1727129419,298.30961149811475,706.9481240097067,0.913786768999103,353
4719000,18876.000002010547,-833299.7320276732,162686.1958094408,-670613.5362182324,301.2849824917393,706.9481240097067,0.913786768999103,353
4720000,18880.000002011362,-832046.9851762196,161284.20518219413,-670762.7799940255,298.68858075352193,706.9481240097067,0.913786768999103,353
4721000,18884.000002012177,-833890.7380272299,162709.48852969077,-671181.2494975391,301.3281191990535,706.9481240097067,0.913786768999103,353
4722000,18888.000002012992,-834074.5432107719,162238.56345468288,-671835.9797560889,300.45599447898894,706.9481240097067,0.913786768999103,353
4723000,18892.000002013807,-833566.4774272516,162602.67571201292,-670963.8017152387,301.1303083292139,706.9481240097067,0.913786768999103,353
4724000,18896.00000201462,-832528.4432183914,162771.90239283026,-669756.5408255612,301.4437058938537,706.9481240097067,0.913786768999103,353
4725000,18900.000002015437,-833182.7523721177,161618.08067491365,-671564.671697204,299.3068979468028,706.9481240097067,0.913786768999103,353
4726000,18904.00000201625,-832223.8901906796,162858.2722087333,-669365.6179819463,301.60365756241833,706.9481240097067,0.913786768999103,353
4727000,18908.000002017066,-831895.4921556516,163436.78491699253,-668458.707238659,302.6750280638424,706.9481240097067,0.913786768999103,353
4728000,18912.00000201788,-833555.2324826065,163058.02271078067,-670497.2097718259,301.97358339547765,706.9481240097067,0.913786768999103,353
4729000,18916.000002018696,-832508.166615312,163443.54566775338,-669064.6209475587,302.68754856482576,706.9481240097067,0.913786768999103,353
4730000,18920.00000201951,-833059.2233065777,161298.90434415822,-671760.3189624194,298.71580271130983,706.9481240097067,0.913786768999103,353
4731000,18924.000002020326,-833041.0228062794,162930.12080580252,-670110.9020004768,301.73671681309634,706.9481240097067,0.913786768999103,353
4732000,18928.00000202114,-833701.8705262532,162939.03195492658,-670762.8385713267,301.7532197216219,706.9481240097067,0.913786768999103,353
4733000,18932.000002021956,-833592.7815999035,162813.3018622436,-670779.4797376599,301.52037520408805,706.9481240097067,0.913786768999103,353
4734000,18936.00000202277,-831539.5005414849,163145.79892683215,-668393.7016146528,302.1361396319468,706.9481240097067,0.913786768999103,353
4735000,18940.000002023586,-831420.1388925016,161885.86938061728,-669534.2695118843,299.8028264126936,706.9481240097067,0.913786768999103,353
4736000,18944.0000020244,-832996.5264352057,161819.2543720781,-671177.2720631276,299.6794594510313,706.9481240097067,0.913786768999103,353
4737000,18948.000002025216,-834482.5333533585,161489.07158452878,-672993.4617688297,299.06798092409844,706.9481240097067,0.913786768999103,353
4738000,18952.00000202603,-833976.2868647464,161784.07175782986,-672192.2151069165,299.6143033800749,706.9481240097067,0.913786768999103,353
4739000,18956.000002026845,-833334.2458861191,162660.4222220404,-670673.8236640787,301.2372513687018,706.9481240097067,0.913786768999103,353
4740000,18960.00000202766,-831515.3458755873,162515.79802722496,-668999.5478483624,300.96941611823047,706.9481240097067,0.913786768999103,353
4741000,18964.000002028475,-833513.88842881,163446.98696064402,-670066.901468166,302.69392163085723,706.9481240097067,0.913786768999103,353
4742000,18968.00000202929,-832489.2116187466,161483.8214664358,-671005.3901523108,299.0582580233332,706.9481240097067,0.913786768999103,353
4743000,18972.000002030105,-834349.3388324566,163087.74798622142,-671261.5908462352,302.0286328054548,706.9481240097067,0.913786768999103,353
4744000,18976.00000203092,-833926.6612176895,162399.16767514875,-671527.4935425408,300.7534237692272,706.9481240097067,0.913786768999103,353
4745000,18980.000002031735,-833111.1612640359,163442.6535863157,-669668.5076777202,302.6858964840269,706.9481240097067,0.913786768999103,353
4746000,18984.00000203255,-833151.389167333,163910.73467462906,-669240.654492704,303.55275431296275,706.9481240097067,0.913786768999103,353
4747000,18988.000002033365,-831739.2352747181,162561.6525857033,-669177.5826890148,301.0543359836165,706.9481240097067,0.913786768999103,353
4748000,18992.00000203418,-832785.8106956612,162775.2549080889,-670010.5557875724,301.44991454908694,706.9481240097067,0.913786768999103,353
4749000,18996.000002034994,-832930.3698335811,162233.1751606488,-670697.1946729324,300.44601568474866,706.9481240097067,0.913786768999103,353
4750000,19000.00000203581,-831325.7584003285,162898.3993665345,-668427.3590337939,301.67797062859717,706.9481240097067,0.913786768999103,353
4751000,19004.000002036624,-832716.8554068683,161971.7035189603,-670745.151887908,299.9617860388574,706.9481240097067,0.913786768999103,353
4752000,19008.00000203744,-833367.5780149084,163580.71903521076,-669786.8589796976,302.9415853342462,706.9481240097067,0.913786768999103,353
4753000,19012.000002038254,-834008.321396023,163014.63728537958,-670993.6841106435,301.8932362150219,706.9481240097067,0.913786768999103,353
4754000,19016.00000203907,-832830.2366247484,162800.62461377736,-670029.6120109711,301.4968977076527,706.9481240097067,0.913786768999103,353
4755000,19020.000002039884,-831791.677676864,162776.1852897103,-669015.4923871537,301.4516375595066,706.9481240097067,0.913786768999103,353
4756000,19024.0000020407,-832710.3756482154,161832.44761955808,-670877.9280286573,299.70389254639156,706.9481240097067,0.913786768999103,353
4757000,19028.000002041514,-832440.6707699969,162690.9988860893,-669749.6718839076,301.2938774988218,706.9481240097067,0.913786768999103,353
4758000,19032.00000204233,-832814.4777956363,161828.42282223247,-670986.0549734038,299.6964388654831,706.9481240097067,0.913786768999103,353
4759000,19036.000002043143,-834589.5701772841,163422.20094065892,-671167.3692366251,302.64801942286664,706.9481240097067,0.913786768999103,353
4760000,19040.00000204396,-833429.9235925544,162739.6704970866,-670690.2530954678,301.3840143748745,706.9481240097067,0.913786768999103,353
4761000,19044.000002044773,-832619.757607175,162255.76658570912,-670363.991021466,300.4878536358416,706.9481240097067,0.913786768999103,353
4762000,19048.00000204559,-833498.3528238041,162031.82362681616,-671466.529196988,300.07312483778026,706.9481240097067,0.913786768999103,353
4763000,19052.000002046403,-833425.9308891157,162606.7626886174,-670819.1682004982,301.1378771623813,706.9481240097067,0.913786768999103,353
4764000,19056.000002047218,-832701.5866304655,163282.38829771662,-669419.1983327488,302.38909487508056,706.9481240097067,0.913786768999103,353
4765000,19060.000002048033,-834285.493116566,163464.90375416106,-670820.5893624049,302.72710244742393,706.9481240097067,0.913786768999103,353
4766000,19064.000002048848,-833166.7604782823,162872.6309700621,-670294.1295082202,301.63024911884406,706.9481240097067,0.913786768999103,353
4767000,19068.000002049663,-831456.9099742305,162591.22949956032,-668865.6804746701,301.10911063692527,706.9481240097067,0.913786768999103,353
4768000,19072.000002050478,-833473.573141343,162455.63393248687,-671017.9392088561,300.8579958582655,706.9481240097067,0.913786768999103,353
4769000,19076.000002051293,-833330.6458848044,162366.7443365352,-670963.9015482692,300.6933777096466,706.9481240097067,0.913786768999103,353
4770000,19080.000002052107,-834221.2986338949,163014.9444646362,-671206.3541692586,301.8938050924026,706.9481240097067,0.913786768999103,353
4771000,19084.000002052922,-833903.8424422303,161511.6577659176,-672392.1846763127,299.10980916422926,706.9481240097067,0.913786768999103,353
4772000,19088.000002053737,-833142.7145354832,162444.10984054755,-670698.6046949356,300.8366539378838,706.9481240097067,0.913786768999103,353
4773000,19092.000002054552,-832105.1834537741,162328.4999705567,-669776.6834832174,300.62255145990304,706.9481240097067,0.913786768999103,353
4774000,19096.000002055367,-831068.8270734027,163642.75726796497,-667426.0698054377,303.0564763843207,706.9481240097067,0.913786768999103,353
4775000,19100.000002056182,-832867.8948409669,163210.8881733171,-669657.0066676498,302.2566809746836,706.9481240097067,0.913786768999103,353
4776000,19104.000002056997,-832806.9496424664,163511.22724094626,-669295.7224015201,302.81289073963643,706.9481240097067,0.913786768999103,353
4777000,19108.00000205781,-834040.4561124956,161554.90896102157,-672485.547151474,299.1899077583036,706.9481240097067,0.913786768999103,353
4778000,19112.000002058627,-832682.4834442427,162823.4110572148,-669859.0723870279,301.53909682096986,706.9481240097067,0.913786768999103,353
4779000,19116.00000205944,-832944.8542220723,162998.5141221281,-669946.3400999442,301.86337709308617,706.9481240097067,0.913786768999103,353
4780000,19120.000002060257,-832034.1728744917,162262.5743197078,-669771.5985547838,300.5004611469361,706.9481240097067,0.913786768999103,353
4781000,19124.00000206107,-833300.4741021143,161030.94148500834,-672269.532617106,298.21955172378307,706.9481240097067,0.913786768999103,353
4782000,19128.000002061886,-831570.501234958,162105.7589433672,-669464.7422915908,300.21004856656845,706.9481240097067,0.913786768999103,353
4783000,19132.0000020627,-831719.2272867775,162201.17472258466,-669518.0525641928,300.3867528113751,706.9481240097067,0.913786768999103,353
4784000,19136.000002063516,-833067.088386639,163488.5901754771,-669578.4982111619,302.7709682652703,706.9481240097067,0.913786768999103,353
4785000,19140.00000206433,-832716.2007102268,162679.1275603137,-670037.0731499131,301.27189252240345,706.9481240097067,0.913786768999103,353
4786000,19144.000002065146,-832818.5168089746,162522.43322617156,-670296.083582803,300.98170410485716,706.9481240097067,0.913786768999103,353
4787000,19148.00000206596,-833469.4513961999,163601.0934873115,-669868.3579088884,302.97931758567603,706.9481240097067,0.913786768999103,353
4788000,19152.000002066776,-833936.8712370796,162073.83049230365,-671863.0407447759,300.1509190087605,706.9481240097067,0.913786768999103,353
4789000,19156.00000206759,-832002.4959746031,162389.77226299886,-669612.7237116043,300.7360240349043,706.9481240097067,0.913786768999103,353
4790000,19160.000002068406,-835391.5004653605,162173.56036603963,-673217.9400993208,300.3356126953573,706.9481240097067,0.913786768999103,353
4791000,19164.00000206922,-833671.8793039052,163916.7256267115,-669755.1536771937,303.5638491934121,706.9481240097067,0.913786768999103,353
4792000,19168.000002070035,-833299.3987596855,163028.37257950968,-670271.0261801758,301.9186731479523,706.9481240097067,0.913786768999103,353
4793000,19172.00000207085,-834035.8790685171,162884.07663206122,-671151.8024364559,301.65144579172613,706.9481240097067,0.913786768999103,353
4794000,19176.000002071665,-833179.8907290958,161779.93266666122,-671399.9580624346,299.60663803389065,706.9481240097067,0.913786768999103,353
4795000,19180.00000207248,-831961.8039788548,163106.6357180493,-668855.1682608055,302.0636117409739,706.9481240097067,0.913786768999103,353
4796000,19184.000002073295,-832273.6147336457,162233.2984099799,-670040.3163236658,300.44624393504597,706.9481240097067,0.913786768999103,353
4797000,19188.00000207411,-832853.2649368532,162774.6053808683,-670078.6595559849,301.4487116640093,706.9481240097067,0.913786768999103,353
4798000,19192.000002074925,-832425.92013303,162640.75087823352,-669785.1692547966,301.20082123125246,706.9481240097067,0.913786768999103,353
4799000,19196.00000207574,-832003.2273117378,161351.38586062286,-670651.841451115,298.8129953015632,706.9481240097067,0.913786768999103,353
4800000,19200.000002076555,-831475.396589404,162096.26745166042,-669379.1291377435,300.19247089872476,706.9481240097067,0.913786768999103,353
4801000,19204.00000207737,-832512.5686189504,163587.2434841327,-668925.3251348177,302.9536682185341,706.9481240097067,0.913786768999103,353
4802000,19208.000002078184,-832682.7369558038,162809.79603800527,-669872.9409177986,301.5138826299086,706.9481240097067,0.913786768999103,353
4803000,19212.000002079,-833055.6911943238,163122.77100723627,-669932.9201870875,302.0934933194078,706.9481240097067,0.913786768999103,353
4804000,19216.000002079814,-830823.634541465,161340.86217180727,-669482.7723696576,298.79350606718305,706.9481240097067,0.913786768999103,353
4805000,19220.00000208063,-832410.8013188224,163659.8273361799,-668750.9739826425,303.08808911690494,706.9481240097067,0.913786768999103,353
4806000,19224.000002081444,-831635.0750712669,162743.34512544476,-668891.7299458222,301.39081956406125,706.9481240097067,0.913786768999103,353
4807000,19228.00000208226,-831853.7791501256,163670.2276793596,-668183.551470766,303.1073499226372,706.9481240097067,0.913786768999103,353
4808000,19232.000002083074,-831951.0643480206,163520.18001556268,-668430.8843324579,302.8294707360531,706.9481240097067,0.913786768999103,353
4809000,19236.00000208389,-831073.7330002207,162597.69421159872,-668476.038788622,301.1210828921225,706.9481240097067,0.913786768999103,353
4810000,19240.000002084704,-831195.3494256902,162094.20154486076,-669101.1478808295,300.1886449644415,706.9481240097067,0.913786768999103,353
4811000,19244.00000208552,-830745.4675036343,161450.27311219415,-669295.1943914401,298.9961285029395,706.9481240097067,0.913786768999103,353
4812000,19248.000002086334,-832351.6130539589,162604.1172558926,-669747.4957980663,301.13297798118026,706.9481240097067,0.913786768999103,353
4813000,19252.00000208715,-832084.1713311393,163098.88076267898,-668985.2905684602,302.049250033262,706.9481240097067,0.913786768999103,353
4814000,19256.000002087963,-833193.6557048727,163070.75800170493,-670122.8977031677,301.99716838303027,706.9481240097067,0.913786768999103,353
4815000,19260.00000208878,-834968.1840895722,162081.61103694566,-672886.5730526266,300.1653281062539,706.9481240097067,0.913786768999103,353
4816000,19264.000002089593,-831262.0001559583,162999.043239669,-668262.9569162894,301.864356986729,706.9481240097067,0.913786768999103,353
4817000,19268.000002090408,-831577.9784766808,163597.18877642637,-667980.7897002544,302.97208629758296,706.9481240097067,0.913786768999103,353
4818000,19272.000002091223,-832762.4221278289,163448.51818869085,-669313.903939138,302.69675737247,706.9481240097067,0.913786768999103,353
4819000,19276.000002092038,-830359.8049728042,162182.38201870685,-668177.4229540973,300.3519498618647,706.9481240097067,0.913786768999103,353
4820000,19280.000002092853,-832048.6748061236,161634.69456634996,-670413.9802397736,299.3376658676187,706.9481240097067,0.913786768999103,353
4821000,19284.000002093668,-832366.0488438392,161641.40175534418,-670724.6470884951,299.3500871754539,706.9481240097067,0.913786768999103,353
4822000,19288.000002094483,-834118.145607898,162259.09160178094,-671859.054006117,300.4940113642462,706.9481240097067,0.913786768999103,353
4823000,19292.000002095298,-832185.265975194,162878.34443974425,-669306.9215354498,301.6408301186922,706.9481240097067,0.913786768999103,353
4824000,19296.000002096112,-832099.325028236,162086.980544867,-670012.344483369,300.17527210975106,706.9481240097067,0.913786768999103,353
4825000,19300.000002096927,-834374.5254502967,162726.87126733508,-671647.6541829617,301.3603109764859,706.9481240097067,0.913786768999103,353
4826000,19304.000002097742,-833552.1722104037,160435.47038367868,-673116.701826725,297.11677530537946,706.9481240097067,0.913786768999103,353
4827000,19308.000002098557,-833716.0867532734,162150.60581251536,-671565.480940758,300.29310225233996,706.9481240097067,0.913786768999103,353
4828000,19312.000002099372,-831875.5016504247,163101.01101397822,-668774.4906364465,302.0531951296619,706.9481240097067,0.913786768999103,353
4829000,19316.000002100187,-833348.5399152255,163397.30695287284,-669951.2329623527,302.601917265047,706.9481240097067,0.913786768999103,353
4830000,19320.000002101002,-832900.4216320347,161704.65611592156,-671195.7655161131,299.46723042060916,706.9481240097067,0.913786768999103,353
4831000,19324.000002101817,-832359.0156501476,163006.12477755794,-669352.8908725897,301.87747156604695,706.9481240097067,0.913786768999103,353
4832000,19328.00000210263,-831333.4551648451,162352.81034939183,-668980.6448154533,300.66757280928834,706.9481240097067,0.913786768999103,353
4833000,19332.000002103447,-831356.7134068748,163222.3315785739,-668134.3818283009,302.27787346821566,706.9481240097067,0.913786768999103,353
4834000,19336.00000210426,-830675.2885739785,162628.44439841085,-668046.8441755676,301.1780303758916,706.9481240097067,0.913786768999103,353
4835000,19340.000002105076,-831438.1132933395,163252.75458288664,-668185.3587104529,302.3342150298098,706.9481240097067,0.913786768999103,353
4836000,19344.00000210589,-831938.5112528196,162452.8411258748,-669485.6701269448,300.8528237495501,706.9481240097067,0.913786768999103,353
4837000,19348.000002106706,-832215.7084645219,162773.17316629773,-669442.5352982242,301.44605928935835,706.9481240097067,0.913786768999103,353
4838000,19352.00000210752,-832144.6370233856,162269.89367352444,-669874.7433498611,300.5140161469502,706.9481240097067,0.913786768999103,353
4839000,19356.000002108336,-834321.1776109459,162955.55194797931,-671365.6256629666,301.78381374831787,706.9481240097067,0.913786768999103,353
4840000,19360.00000210915,-833268.1579390522,163009.18364402023,-670258.974295032,301.88313640149255,706.9481240097067,0.913786768999103,353
4841000,19364.000002109966,-832831.1045190059,161762.86780245864,-671068.2367165473,299.57503493882217,706.9481240097067,0.913786768999103,353
4842000,19368.00000211078,-834588.9815255087,162065.27148909925,-672523.7100364094,300.13506825315244,706.9481240097067,0.913786768999103,353
4843000,19372.000002111596,-834036.2517103357,160908.30731896474,-673127.944391371,297.9924406748984,706.9481240097067,0.913786768999103,353
4844000,19376.00000211241,-833658.9771105647,161941.70651728607,-671717.2705932786,299.90623340835145,706.9481240097067,0.913786768999103,353
4845000,19380.000002113225,-831662.7470455915,163691.88441658881,-667970.8626290027,303.1474568884708,706.9481240097067,0.913786768999103,353
4846000,19384.00000211404,-830609.4125069696,162143.46472407502,-668465.9477828946,300.27987738900714,706.9481240097067,0.913786768999103,353
4847000,19388.000002114855,-833952.0821755966,162858.62619598268,-671093.4559796139,301.604313125367,706.9481240097067,0.913786768999103,353
4848000,19392.00000211567,-832599.295735565,162538.97306778206,-670060.3226677829,301.0123348898801,706.9481240097067,0.913786768999103,353
4849000,19396.000002116485,-833449.3639012165,162048.0591311789,-671401.3047700376,300.1031920086507,706.9481240097067,0.913786768999103,353
4850000,19400.0000021173,-833523.0040353406,161039.8754147191,-672483.1286206215,298.23609682057565,706.9481240097067,0.913786768999103,353
4851000,19404.000002118115,-831822.1528445147,163637.71306242736,-668184.4397820873,303.0471348211381,706.9481240097067,0.913786768999103,353
4852000,19408.00000211893,-834030.2771165641,162561.07611612426,-671469.2010004398,301.0532683968667,706.9481240097067,0.913786768999103,353
4853000,19412.000002119745,-834870.4968737075,162130.62398270908,-672739.8728909984,300.2560971136225,706.9481240097067,0.913786768999103,353
4854000,19416.00000212056,-833381.6375832716,163790.7865362519,-669590.8510470197,303.33061762465263,706.9481240097067,0.913786768999103,353
4855000,19420.000002121375,-833627.902259849,162887.79328851268,-670740.1089713364,301.6583288143965,706.9481240097067,0.913786768999103,353
4856000,19424.00000212219,-832031.9130110303,161284.62069362676,-670747.2923174035,298.68935025553213,706.9481240097067,0.913786768999103,353
4857000,19428.000002123004,-831820.24151647,162137.32486279443,-669682.9166536755,300.2685067377406,706.9481240097067,0.913786768999103,353
4858000,19432.00000212382,-832042.9910956249,161974.4330765364,-670068.5580190885,299.96684101418845,706.9481240097067,0.913786768999103,353
4859000,19436.000002124634,-831179.7051759576,162884.87832897756,-668294.82684698,301.6529304858651,706.9481240097067,0.913786768999103,353
4860000,19440.00000212545,-831074.4189177258,163519.45925221586,-667554.9596655099,302.82813592598364,706.9481240097067,0.913786768999103,353
4861000,19444.000002126264,-833157.5742894113,162953.4585146871,-670204.1157747242,301.7799368366374,706.9481240097067,0.913786768999103,353
4862000,19448.00000212708,-833322.7968691867,163158.83659147116,-670163.9602777155,302.16028459730757,706.9481240097067,0.913786768999103,353
4863000,19452.000002127894,-831701.5482888548,162942.49976686382,-668759.0485219909,301.75964189932176,706.9481240097067,0.913786768999103,353
4864000,19456.00000212871,-831827.885456129,162573.31973023128,-669254.5657258977,301.0759428287293,706.9481240097067,0.913786768999103,353
4865000,19460.000002129524,-831568.0035171174,163425.0097914519,-668142.9937256654,302.65322124443344,706.9481240097067,0.913786768999103,353
4866000,19464.00000213034,-834637.3449561754,161244.6192124806,-673392.7257436948,298.6152699349075,706.9481240097067,0.913786768999103,353
4867000,19468.000002131153,-830453.7885598922,163465.71547520946,-666988.0730846827,302.7286057056484,706.9481240097067,0.913786768999103,353
4868000,19472.00000213197,-830542.2469420098,162467.45207324583,-668074.794868764,300.8798823392538,706.9481240097067,0.913786768999103,353
4869000,19476.000002132783,-832458.9393297955,162838.79444550065,-669620.1448842948,301.5675859244694,706.9481240097067,0.913786768999103,353
4870000,19480.000002133598,-833222.5612462182,162228.94846223865,-670993.6127839795,300.43818809525857,706.9481240097067,0.913786768999103,353
4871000,19484.000002134413,-832523.3860408003,162559.92271590896,-669963.4633248913,301.05113236951695,706.9481240097067,0.913786768999103,353
4872000,19488.000002135228,-832503.5534210568,162870.53622042976,-669633.0172006271,301.62636976938137,706.9481240097067,0.913786768999103,353
4873000,19492.000002136043,-832459.7705647387,163320.6404663282,-669139.1300984104,302.4599355748281,706.9481240097067,0.913786768999103,353
4874000,19496.000002136858,-832632.21888196,162006.12865869055,-670626.0902232695,300.02553931287855,706.9481240097067,0.913786768999103,353
4875000,19500.000002137673,-834130.2111375881,162606.52787165646,-671523.6832659317,301.13744229558995,706.9481240097067,0.913786768999103,353
4876000,19504.000002138488,-832675.21646233,162178.25823078246,-670496.9582315475,300.344312856362,706.9481240097067,0.913786768999103,353
4877000,19508.000002139303,-831479.2759472094,163195.21602774406,-668284.0599194653,302.2276571101751,706.9481240097067,0.913786768999103,353
4878000,19512.000002140117,-831826.51784305,162662.89673545863,-669163.6211075913,301.2418340176978,706.9481240097067,0.913786768999103,353
4879000,19516.000002140932,-830909.5754710231,161756.7013321984,-669152.8741388246,299.56361500933673,706.9481240097067,0.913786768999103,353
4880000,19520.000002141747,-831357.5139553547,162276.11522927842,-669081.3987260762,300.5255380914341,706.9481240097067,0.913786768999103,353
4881000,19524.000002142562,-833358.6283925418,161754.02773524006,-671604.6006573017,299.5586636696808,706.9481240097067,0.913786768999103,353
4882000,19528.000002143377,-833812.2308614897,162209.83553879982,-671602.3953226898,300.4027921185134,706.9481240097067,0.913786768999103,353
4883000,19532.000002144192,-833047.0841263924,160611.58495838253,-672435.4991680098,297.4429288323716,706.9481240097067,0.913786768999103,353
4884000,19536.000002145007,-831635.9876950923,162451.13913945164,-669184.8485556407,300.84967177376535,706.9481240097067,0.913786768999103,353
4885000,19540.00000214582,-832403.275538492,162649.88073224068,-669753.3948062514,301.217729167977,706.9481240097067,0.913786768999103,353
4886000,19544.000002146637,-831959.7075420823,161774.03368107975,-670185.6738610025,299.59571346983165,706.9481240097067,0.913786768999103,353
4887000,19548.00000214745,-833991.9343504533,163301.92739506275,-670690.0069553906,302.4252801000933,706.9481240097067,0.913786768999103,353
4888000,19552.000002148267,-831476.0695456062,163701.24288933867,-667774.8266562675,303.16478821326183,706.9481240097067,0.913786768999103,353
4889000,19556.00000214908,-832405.0622471813,162889.7787759847,-669515.2834711967,301.6620058169552,706.9481240097067,0.913786768999103,353
4890000,19560.000002149896,-832755.2336168662,163728.9238819866,-669026.3097348795,303.2160517353067,706.9481240097067,0.913786768999103,353
4891000,19564.00000215071,-831724.1558185071,162481.6303713656,-669242.5254471415,300.90613968874516,706.9481240097067,0.913786768999103,353
4892000,19568.000002151526,-832557.8198771104,162989.51682907343,-669568.303048037,301.8467146512179,706.9481240097067,0.913786768999103,353
4893000,19572.00000215234,-830547.0320884101,163052.59244118351,-667494.4396472266,301.96352686503656,706.9481240097067,0.913786768999103,353
4894000,19576.000002153156,-832405.0643260833,162058.21272707602,-670346.8515990073,300.12199585335844,706.9481240097067,0.913786768999103,353
4895000,19580.00000215397,-831186.631615283,163267.6314705835,-667919.0001446995,302.3617661248918,706.9481240097067,0.913786768999103,353
4896000,19584.000002154786,-831336.0272818068,162607.0915116134,-668728.9357701933,301.1384861226567,706.9481240097067,0.913786768999103,353
4897000,19588.0000021556,-829919.4964316273,162382.02948199064,-667537.4669496367,300.7216848733738,706.9481240097067,0.913786768999103,353
4898000,19592.000002156416,-830618.1224251436,162891.0923492922,-667727.0300758514,301.66443847517166,706.9481240097067,0.913786768999103,353
4899000,19596.00000215723,-829962.6062793946,162844.39244096214,-667118.2138384324,301.5779530730539,706.9481240097067,0.913786768999103,353
4900000,19600.000002158045,-831088.3717427226,162040.32061673654,-669048.051125986,300.0888607485418,706.9481240097067,0.913786768999103,353
4901000,19604.00000215886,-832729.7707708525,163103.63965461502,-669626.1311162375,302.05806321293284,706.9481240097067,0.913786768999103,353
4902000,19608.000002159675,-831992.9264542274,162281.49417636404,-669711.4322778634,300.5354995756919,706.9481240097067,0.913786768999103,353
4903000,19612.00000216049,-832975.3690609131,162786.14218267298,-670189.2268782401,301.47007712229197,706.9481240097067,0.913786768999103,353
4904000,19616.000002161305,-832127.7999590868,163115.33380826568,-669012.4661508212,302.0797200773052,706.9481240097067,0.913786768999103,353
4905000,19620.00000216212,-831734.00096743,163273.13196109032,-668460.8690063397,302.37195270020504,706.9481240097067,0.913786768999103,353
4906000,19624.000002162935,-832357.2558597727,162085.93872427597,-670271.3171354968,300.17334272110827,706.9481240097067,0.913786768999103,353
4907000,19628.00000216375,-833476.1595463064,162824.8861690514,-670651.273377255,301.5418286387596,706.9481240097067,0.913786768999103,353
4908000,19632.000002164565,-831769.5416007685,161922.13553205976,-669847.4060687087,299.8699891289157,706.9481240097067,0.913786768999103,353
4909000,19636.00000216538,-830691.7059671124,161424.22132067173,-669267.4846464407,298.9478821627158,706.9481240097067,0.913786768999103,353
4910000,19640.000002166194,-831015.0263669239,163917.0212301005,-667098.0051368234,303.56439663298704,706.9481240097067,0.913786768999103,353
4911000,19644.00000216701,-832329.3365480462,161220.8217372823,-671108.5148107639,298.5711984519965,706.9481240097067,0.913786768999103,353
4912000,19648.000002167824,-834353.8682191903,163109.9839581391,-671243.8842610512,302.06981247885346,706.9481240097067,0.913786768999103,353
4913000,19652.00000216864,-831128.1692137355,163261.4198768013,-667866.7493369342,302.3502626293763,706.9481240097067,0.913786768999103,353
4914000,19656.000002169454,-831573.0773092248,162573.6338359307,-668999.443473294,301.0765245334627,706.9481240097067,0.913786768999103,353
4915000,19660.00000217027,-831141.1742359968,162036.07392293098,-669105.1003130658,300.08099612879033,706.9481240097067,0.913786768999103,353
4916000,19664.000002171084,-831292.4116680678,162344.83179487544,-668947.5798731924,300.65279700949895,706.9481240097067,0.913786768999103,353
4917000,19668.0000021719,-832396.558869875,162828.57119726454,-669567.9876726104,301.5486530878479,706.9481240097067,0.913786768999103,353
4918000,19672.000002172714,-832674.4602657566,162377.62291405324,-670296.8373517033,300.713524176412,706.9481240097067,0.913786768999103,353
4919000,19676.00000217353,-832669.0490572266,163026.4569543273,-669642.5921028993,301.9151255261233,706.9481240097067,0.913786768999103,353
4920000,19680.000002174344,-832984.6595156044,163354.02923929953,-669630.6302763049,302.52176956037334,706.9481240097067,0.913786768999103,353
4921000,19684.00000217516,-832887.7683992675,162655.1594716981,-670232.6089275694,301.2275050737759,706.9481240097067,0.913786768999103,353
4922000,19688.000002175973,-831236.7995293131,163325.23152994248,-667911.5679993706,302.4684379466106,706.9481240097067,0.913786768999103,353
4923000,19692.00000217679,-832798.1736539006,162561.16385496745,-670237.0097989332,301.05343088389094,706.9481240097067,0.913786768999103,353
4924000,19696.000002177603,-832273.4427696941,162985.51574524996,-669287.9270244442,301.83930488627925,706.9481240097067,0.913786768999103,353
4925000,19700.000002178418,-833837.8684421759,162744.25361735595,-671093.61482482,301.3925020360632,706.9481240097067,0.913786768999103,353
4926000,19704.000002179233,-831478.3724561222,163479.78098856204,-667998.5914675602,302.75465418458106,706.9481240097067,0.913786768999103,353
4927000,19708.000002180048,-832730.4069369938,163220.47721417688,-669509.9297228169,302.2744392976512,706.9481240097067,0.913786768999103,353
4928000,19712.000002180863,-832568.1571044689,162112.2456216549,-670455.911482814,300.2220615019292,706.9481240097067,0.913786768999103,353
4929000,19716.000002181678,-831257.131316321,163124.5595280875,-668132.5717882335,302.09680555171286,706.9481240097067,0.913786768999103,353
4930000,19720.000002182493,-832977.6508573974,162869.5103886291,-670108.1404687683,301.6244699910101,706.9481240097067,0.913786768999103,353
4931000,19724.000002183308,-833697.5973580154,162090.5377582425,-671607.0595997728,300.1818598535005,706.9481240097067,0.913786768999103,353
4932000,19728.000002184122,-832212.0765948026,162137.9181441586,-670074.158450644,300.2696054588984,706.9481240097067,0.913786768999103,353
4933000,19732.000002184937,-833163.7084858799,163380.4923662729,-669783.216119607,302.57077766894196,706.9481240097067,0.913786768999103,353
4934000,19736.000002185752,-832056.9791831132,161890.70796920467,-670166.2712139086,299.81178718573636,706.9481240097067,0.913786768999103,353
4935000,19740.000002186567,-832218.4034646377,162335.17439742887,-669883.2290672088,300.63491209427224,706.9481240097067,0.913786768999103,353
4936000,19744.000002187382,-834155.6477504261,161746.43806627428,-672409.2096841518,299.5446080623805,706.9481240097067,0.913786768999103,353
4937000,19748.000002188197,-831194.5899468176,162186.21228281767,-669008.3776639999,300.3590432790402,706.9481240097067,0.913786768999103,353
4938000,19752.000002189012,-831373.1562402043,162501.9818588352,-668871.1743813691,300.94382941106886,706.9481240097067,0.913786768999103,353
4939000,19756.000002189827,-833593.979713846,163071.7218932485,-670522.2578205975,301.9989534517964,706.9481240097067,0.913786768999103,353
4940000,19760.00000219064,-832978.5275567444,162370.64924347633,-670607.8783132681,300.70060936082353,706.9481240097067,0.913786768999103,353
4941000,19764.000002191457,-832823.0449132463,162013.56125184507,-670809.4836614012,300.0393040252888,706.9481240097067,0.913786768999103,353
4942000,19768.00000219227,-832734.9546768311,161744.9985937521,-670989.9560830791,299.5419422464428,706.9481240097067,0.913786768999103,353
4943000,19772.000002193086,-832779.6293074023,161314.95197052037,-671464.6773368819,298.74552194350093,706.9481240097067,0.913786768999103,353
4944000,19776.0000021939,-831750.3839270417,162082.8671481734,-669667.5167788683,300.16765434817853,706.9481240097067,0.913786768999103,353
4945000,19780.000002194716,-834184.552035939,163296.298696448,-670888.253339491,302.41485609112834,706.9481240097067,0.913786768999103,353
4946000,19784.00000219553,-832767.8256213386,162513.5292161497,-670254.2964051889,300.9652144175165,706.9481240097067,0.913786768999103,353
4947000,19788.000002196346,-833015.9435232775,162027.21549748897,-670988.7280257886,300.064590861331,706.9481240097067,0.913786768999103,353
4948000,19792.00000219716,-831403.2158833472,163475.55182247597,-667927.6640608712,302.7468220251046,706.9481240097067,0.913786768999103,353
4949000,19796.000002197976,-832568.5314949844,162240.9449515001,-670327.5865434844,300.4604048668729,706.9481240097067,0.913786768999103,353
4950000,19800.00000219879,-832922.5934204394,162648.32639544268,-670274.2670249967,301.2148506303565,706.9481240097067,0.913786768999103,353
4951000,19804.000002199606,-833924.2071065893,161246.5965826935,-672677.6105238958,298.61893190479384,706.9481240097067,0.913786768999103,353
4952000,19808.00000220042,-833680.2724222522,162314.3254592014,-671365.9469630509,300.5963011232702,706.9481240097067,0.913786768999103,353
4953000,19812.000002201235,-832946.3290927261,162100.49109598482,-670845.8379967413,300.200292832233,706.9481240097067,0.913786768999103,353
4954000,19816.00000220205,-831303.6526320511,163939.13492524953,-667364.5177068016,303.6053498572152,706.9481240097067,0.913786768999103,353
4955000,19820.000002202865,-831170.2318850867,163080.52881558484,-668089.7030695019,302.0152633386231,706.9481240097067,0.913786768999103,353
4956000,19824.00000220368,-832966.8260873156,161573.03399807418,-671393.7920892413,299.2234742292872,706.9481240097067,0.913786768999103,353
4957000,19828.000002204495,-833314.4690202633,162076.65719045652,-671237.8118298068,300.1561538825571,706.9481240097067,0.913786768999103,353
4958000,19832.00000220531,-833031.9561283374,162426.66084772744,-670605.29528061,300.8043394598781,706.9481240097067,0.913786768999103,353
4959000,19836.000002206125,-831255.5165291596,162064.5805822268,-669190.9359469328,300.1337887354655,706.9481240097067,0.913786768999103,353
4960000,19840.00000220694,-831912.5924422983,161704.2177920323,-670208.374650266,299.46641867131075,706.9481240097067,0.913786768999103,353
4961000,19844.000002207755,-831119.6358985417,162612.11690221238,-668507.5189963293,301.14779284171226,706.9481240097067,0.913786768999103,353
4962000,19848.00000220857,-831432.5670992648,162714.0069115673,-668718.5601876975,301.3364869686592,706.9481240097067,0.913786768999103,353
4963000,19852.000002209385,-832359.7512539346,161972.24445545496,-670387.5067984796,299.9627878204868,706.9481240097067,0.913786768999103,353
4964000,19856.0000022102,-832424.4993829057,161625.2623641731,-670799.2370187326,299.3201980003938,706.9481240097067,0.913786768999103,353
4965000,19860.000002211014,-832422.3326388737,162646.08941878588,-669776.2432200878,301.2107078850577,706.9481240097067,0.913786768999103,353
4966000,19864.00000221183,-831161.8854621248,163692.04945147576,-667469.8360106491,303.147762523087,706.9481240097067,0.913786768999103,353
4967000,19868.000002212644,-832656.4705876568,162793.7780160638,-669862.692571593,301.4842182233117,706.9481240097067,0.913786768999103,353
4968000,19872.00000221346,-832147.8869622825,162476.98855328842,-669670.8984089941,300.897543322771,706.9481240097067,0.913786768999103,353
4969000,19876.000002214274,-833636.5987823689,162350.0084778238,-671286.5903045451,300.66238391282354,706.9481240097067,0.913786768999103,353
4970000,19880.00000221509,-833019.5176269235,162791.34466362302,-670228.1729633005,301.47971180195333,706.9481240097067,0.913786768999103,353
4971000,19884.000002215904,-832229.6445234912,161641.43105321706,-670588.2134702741,299.3501414333402,706.9481240097067,0.913786768999103,353
4972000,19888.00000221672,-833593.0136351883,163041.40091200115,-670551.6127231872,301.94280083074096,706.9481240097067,0.913786768999103,353
4973000,19892.000002217534,-833955.7281340659,162723.15079892898,-671232.577335137,301.35342089430645,706.9481240097067,0.913786768999103,353
4974000,19896.00000221835,-834711.6802105037,162985.44137899927,-671726.2388315045,301.8391671644866,706.9481240097067,0.913786768999103,353
4975000,19900.000002219163,-832706.1642148048,161920.09865741144,-670786.0655573934,299.8662169604185,706.9481240097067,0.913786768999103,353
4976000,19904.00000221998,-830719.737566215,162307.5780009628,-668412.1595652523,300.583805239233,706.9481240097067,0.913786768999103,353
4977000,19908.000002220793,-831294.7093031928,162337.20238104582,-668957.506922147,300.63866779711776,706.9481240097067,0.913786768999103,353
4978000,19912.000002221608,-831997.4490507348,162895.38164172368,-669102.0674090111,301.67238198499865,706.9481240097067,0.913786768999103,353
4979000,19916.000002222423,-833119.3290434517,162940.62086374895,-670178.7081797027,301.7561622845379,706.9481240097067,0.913786768999103,353
4980000,19920.000002223238,-832810.2360227285,162620.51572637673,-670189.7202963517,301.1633469554385,706.9481240097067,0.913786768999103,353
4981000,19924.000002224053,-830989.1674779663,162135.88804105658,-668853.2794369097,300.2658458308949,706.9481240097067,0.913786768999103,353
4982000,19928.000002224868,-832381.2927207313,162466.67857345255,-669914.6141472788,300.8784498644792,706.9481240097067,0.913786768999103,353
4983000,19932.000002225683,-834123.9576038262,163447.0503615632,-670676.907242263,302.69403904552007,706.9481240097067,0.913786768999103,353
4984000,19936.000002226498,-833005.9871077863,163176.83111511695,-669829.1559926694,302.19360936536543,706.9481240097067,0.913786768999103,353
4985000,19940.000002227313,-831746.5193193872,162079.73600168223,-669666.7833177049,300.1618556544967,706.9481240097067,0.913786768999103,353
4986000,19944.000002228127,-831771.0206997413,161915.81305245293,-669855.2076472885,299.8582802795682,706.9481240097067,0.913786768999103,353
4987000,19948.000002228942,-833678.6973089613,162442.0553599036,-671236.6419490577,300.8328491641489,706.9481240097067,0.913786768999103,353
4988000,19952.000002229757,-833198.2018499598,162094.61654456687,-671103.585305393,300.18941351876515,706.9481240097067,0.913786768999103,353
4989000,19956.000002230572,-831763.8420487707,162583.89374225165,-669179.9483065191,301.0955252586373,706.9481240097067,0.913786768999103,353
4990000,19960.000002231387,-833130.943893712,162645.8100459667,-670485.1338477454,301.21019050351515,706.9481240097067,0.913786768999103,353
4991000,19964.000002232202,-834019.8697469719,162788.54706849897,-671231.3226784728,301.4745308252037,706.9481240097067,0.913786768999103,353
4992000,19968.000002233017,-832758.5904578324,162668.75918450218,-670089.8312733303,301.25269091830114,706.9481240097067,0.913786768999103,353
4993000,19972.00000223383,-831965.0212197583,162345.59279230598,-669619.4284274523,300.6542063306549,706.9481240097067,0.913786768999103,353
4994000,19976.000002234647,-831733.7706782548,163348.29017601046,-668385.4805022443,302.5111411627151,706.9481240097067,0.913786768999103,353
4995000,19980.00000223546,-831597.7660125038,162643.78649473382,-668953.97951777,301.2064430091765,706.9481240097067,0.913786768999103,353
4996000,19984.000002236276,-833951.0109677948,163209.3238420473,-670741.6871257476,302.2537839279066,706.9481240097067,0.913786768999103,353
4997000,19988.00000223709,-831807.9096775111,162762.13445842828,-669045.7752190828,301.4256162708796,706.9481240097067,0.913786768999103,353
4998000,19992.000002237906,-833790.0918477997,163558.89170542388,-670231.2001423759,302.9011624413267,706.9481240097067,0.913786768999103,353
4999000,19996.00000223872,-832015.1453610715,162252.9956211861,-669762.1497398854,300.4827219773523,706.9481240097067,0.913786768999103,353
5000000,20000.000002239536,-832706.8813801538,162365.16837406057,-670341.7130060933,300.69045912258264,706.9481240097067,0.913786768999103,353
5001000,20004.00000224035,-831027.2168830037,162428.10894702724,-668599.1079359765,300.80702125208563,706.9481240097067,0.913786768999103,353
5002000,20008.000002241166,-832896.9119237438,162756.29395145644,-670140.6179722873,301.4148000056642,706.9481240097067,0.913786768999103,353
5003000,20012.00000224198,-831912.5200844165,161624.6343472271,-670287.8857371893,299.31903495104206,706.9481240097067,0.913786768999103,353
5004000,20016.000002242796,-831726.996748141,163113.37910318235,-668613.6176449587,302.0761000818662,706.9481240097067,0.913786768999103,353
5005000,20020.00000224361,-830762.0440533245,163522.65514206042,-667239.388911264,302.8340545204352,706.9481240097067,0.913786768999103,353
5006000,20024.000002244426,-830770.5716077052,163074.25856823009,-667696.3130394751,302.0036512202433,706.9481240097067,0.913786768999103,353
5007000,20028.00000224524,-831496.3867944023,162940.91449814863,-668555.4722962537,301.75670607766386,706.9481240097067,0.913786768999103,353
5008000,20032.000002246055,-832205.9024331793,162669.51805997934,-669536.3843732,301.2540963097279,706.9481240097067,0.913786768999103,353
5009000,20036.00000224687,-832418.9964279868,163480.9195067557,-668938.0769212311,302.7567626513279,706.9481240097067,0.913786768999103,353
5010000,20040.000002247685,-832406.5620701537,161870.80278972175,-670535.7592804319,299.774923998776,706.9481240097067,0.913786768999103,353
5011000,20044.0000022485,-833214.0494387588,161729.15681557968,-671484.8926231791,299.512604232633,706.9481240097067,0.913786768999103,353
5012000,20048.000002249315,-832145.1257452257,161878.9770809207,-670266.148664305,299.79006229104783,706.9481240097067,0.913786768999103,353
5013000,20052.00000225013,-831723.561190811,162765.9245383854,-668957.6366524256,301.43263526943593,706.9481240097067,0.913786768999103,353
5014000,20056.000002250945,-831465.5967386039,162857.2222194043,-668608.3745191996,301.60171304576755,706.9481240097067,0.913786768999103,353
5015000,20060.00000225176,-832005.5753637552,163742.99957660568,-668262.5757871496,303.24211906932834,706.9481240097067,0.913786768999103,353
5016000,20064.000002252575,-832991.6224190071,161450.30545861757,-671541.3169603895,298.99618840655677,706.9481240097067,0.913786768999103,353
5017000,20068.00000225339,-832291.7547461316,162186.32619550647,-670105.4285506251,300.35925423844134,706.9481240097067,0.913786768999103,353
5018000,20072.000002254204,-832609.7422733093,161469.48718053044,-671140.2550927788,299.03171179390955,706.9481240097067,0.913786768999103,353
5019000,20076.00000225502,-832099.450373672,164108.53602930915,-667990.9143443628,303.9190704431367,706.9481240097067,0.913786768999103,353
5020000,20080.000002255834,-832790.9473120421,161855.0612405138,-670935.8860715283,299.7457716029386,706.9481240097067,0.913786768999103,353
5021000,20084.00000225665,-833032.2495541368,163557.23209641874,-669475.017457718,302.8980889459538,706.9481240097067,0.913786768999103,353
5022000,20088.000002257464,-833239.0556047708,162593.37086011877,-670645.684744652,301.1130763070004,706.9481240097067,0.913786768999103,353
5023000,20092.00000225828,-832091.9816187816,162789.43610109843,-669302.5455176831,301.4761772597388,706.9481240097067,0.913786768999103,353
5024000,20096.000002259094,-831617.5782151408,162700.98626056485,-668916.591954576,301.312373511523,706.9481240097067,0.913786768999103,353
5025000,20100.00000225991,-831261.8924917998,163036.5896739629,-668225.3028178369,301.9338907092589,706.9481240097067,0.913786768999103,353
5026000,20104.000002260724,-831852.5872235149,161690.9080326882,-670161.6791908267,299.441769803034,706.9481240097067,0.913786768999103,353
5027000,20108.00000226154,-833924.186257707,162038.03332369006,-671886.1529340169,300.0846248203364,706.9481240097067,0.913786768999103,353
5028000,20112.000002262354,-833157.936832102,163095.83914832922,-670062.0976837728,302.043617147684,706.9481240097067,0.913786768999103,353
5029000,20116.00000226317,-834407.6813613568,162988.28400373625,-671419.3973576205,301.84443153335235,706.9481240097067,0.913786768999103,353
5030000,20120.000002263983,-833204.3415359342,162650.8785519202,-670553.4629840141,301.2195770695963,706.9481240097067,0.913786768999103,353
5031000,20124.0000022648,-832818.032982137,163023.00127330492,-669795.0317088321,301.9087258141431,706.9481240097067,0.913786768999103,353
5032000,20128.000002265613,-832836.1965249637,163511.02562615712,-669325.1708988065,302.8125173612566,706.9481240097067,0.913786768999103,353
5033000,20132.000002266428,-832406.8358942969,162425.33955935645,-669981.4963349404,300.8018925138312,706.9481240097067,0.913786768999103,353
5034000,20136.000002267243,-832547.1043073982,162073.76600188832,-670473.3383055099,300.15079957641683,706.9481240097067,0.913786768999103,353
5035000,20140.000002268058,-833016.8244414972,163003.19795779412,-670013.626483703,301.8720512730902,706.9481240097067,0.913786768999103,353
5036000,20144.000002268873,-831060.8799535679,162216.3526039233,-668844.5273496446,300.41486132845375,706.9481240097067,0.913786768999103,353
5037000,20148.000002269688,-832781.1759049799,162119.50313289432,-670661.6727720856,300.23550197323544,706.9481240097067,0.913786768999103,353
5038000,20152.000002270503,-832411.8309679562,162550.90368047188,-669860.9272874843,301.0344296620732,706.9481240097067,0.913786768999103,353
5039000,20156.000002271317,-830944.1779150441,161698.75180655438,-669245.4261084897,299.45629599722145,706.9481240097067,0.913786768999103,353
5040000,20160.000002272132,-832387.9583655996,162021.5988609802,-670366.3595046194,300.05418919065573,706.9481240097067,0.913786768999103,353
5041000,20164.000002272947,-832316.979061408,162480.0505402225,-669836.9285211854,300.9032139371414,706.9481240097067,0.913786768999103,353
5042000,20168.000002273762,-833340.0160581889,162530.72657169917,-670809.2894864897,300.9970628785358,706.9481240097067,0.913786768999103,353
5043000,20172.000002274577,-830922.6542270537,162690.92302871775,-668231.731198336,301.2937370155635,706.9481240097067,0.913786768999103,353
5044000,20176.000002275392,-834268.2489820998,162646.3508481733,-671621.8981339266,301.21119203645117,706.9481240097067,0.913786768999103,353
5045000,20180.000002276207,-831824.0771954758,163937.65955411192,-667886.4176413639,303.6026175592156,706.9481240097067,0.913786768999103,353
5046000,20184.000002277022,-831608.1173908003,163990.4653468143,-667617.6520439859,303.7004106894234,706.9481240097067,0.913786768999103,353
5047000,20188.000002277837,-831808.4938524086,162865.33286188642,-668943.1609905222,301.6167334644703,706.9481240097067,0.913786768999103,353
5048000,20192.00000227865,-829718.3954314757,162665.69242786817,-667052.7030036076,301.24701147073534,706.9481240097067,0.913786768999103,353
5049000,20196.000002279467,-833934.102797444,161853.36057572177,-672080.7422217221,299.7426220747347,706.9481240097067,0.913786768999103,353
5050000,20200.00000228028,-832595.3266714979,162713.51634774267,-669881.8103237553,301.33557847416415,706.9481240097067,0.913786768999103,353
5051000,20204.000002281096,-833642.7404173408,161587.71152100537,-672055.0288963354,299.25065611289654,706.9481240097067,0.913786768999103,353
