#"Step","Time (ps)","Potential Energy (kJ/mole)","Kinetic Energy (kJ/mole)","Total Energy (kJ/mole)","Temperature (K)","Box Volume (nm^3)","Density (g/mL)","Speed (ns/day)"
1000,4.000000000000003,-1854790.7658136068,6899.079487632169,-1847891.6863259745,7.240721111756231,1237.2307821423828,0.9216012436914336,0
2000,7.999999999999562,-1853682.7658136068,11628.781590476294,-1842053.9842231304,12.204637519702274,1237.2307821423828,0.9216012436914336,290
3000,11.999999999999122,-1850145.2658136068,17231.862860957415,-1832913.4029526494,18.08518273139148,1237.2307821423828,0.9216012436914336,304
4000,15.999999999998682,-1846546.7658136068,22929.230441764823,-1823617.5353718419,24.064683300669046,1237.2307821423828,0.9216012436914336,355
5000,20.000000000000018,-1842937.7658136068,28791.68642627611,-1814146.0793873307,30.21744743244762,1237.2307821423828,0.9216012436914336,360
6000,24.000000000001354,-1839216.7658136068,34700.32681587431,-1804516.4389977325,36.41868301575045,1237.2307821423828,0.9216012436914336,384
7000,28.00000000000269,-1835500.7658136068,40186.630726721385,-1795314.1350868854,42.17666806636408,1237.2307821423828,0.9216012436914336,401
8000,32.00000000000402,-1832006.7658136068,46204.875041451734,-1785801.890772155,48.492935148587655,1237.2307821423828,0.9216012436914336,378
9000,36.000000000001805,-1828102.2658136068,51708.13560314555,-1776394.1302104613,54.26871654145112,1237.2307821423828,0.9216012436914336,391
10000,39.99999999999959,-1823986.7658136068,57412.88139621617,-1766573.8844173907,60.25596069121606,1237.2307821423828,0.9216012436914336,379
11000,43.99999999999737,-1820355.7658136068,63129.258666729365,-1757226.5071468775,66.25541230785107,1237.2307821423828,0.9216012436914336,389
12000,47.999999999995154,-1816647.7658136068,69106.26326666489,-1747541.5025469419,72.52839748933803,1237.2307821423828,0.9216012436914336,397
13000,51.99999999999294,-1811935.7658136068,74495.15317322548,-1737440.6126403813,78.18414460535732,1237.2307821423828,0.9216012436914336,393
14000,55.99999999999072,-1808046.7658136068,80235.92632745943,-1727810.8394861473,84.20920018707398,1237.2307821423828,0.9216012436914336,399
15000,59.9999999999885,-1803818.7658136068,86064.89486666373,-1717753.870946943,90.32681857909876,1237.2307821423828,0.9216012436914336,387
16000,63.99999999998629,-1799816.7658136068,91488.172125803,-1708328.5936878037,96.0186559054483,1237.2307821423828,0.9216012436914336,393
17000,67.99999999999118,-1795463.2658136068,97623.85756239743,-1697839.4082512094,102.45817978040691,1237.2307821423828,0.9216012436914336,398
18000,71.99999999999606,-1790688.7658136068,103138.14668298687,-1687550.6191306198,108.24553586513628,1237.2307821423828,0.9216012436914336,395
19000,76.00000000000095,-1785474.7658136068,108513.52921642298,-1676961.2365971839,113.88710672446476,1237.2307821423828,0.9216012436914336,400
20000,80.00000000000584,-1781210.2658136068,115085.53642533657,-1666124.7293882703,120.78455897581239,1237.2307821423828,0.9216012436914336,391
21000,84.00000000001073,-1776084.2658136068,120685.76237288656,-1655398.5034407203,126.66210746930673,1237.2307821423828,0.9216012436914336,395
22000,88.00000000001562,-1771857.7658136068,125333.3613644102,-1646524.4044491965,131.5398550292862,1237.2307821423828,0.9216012436914336,399
23000,92.0000000000205,-1766850.7658136068,131669.7743388917,-1635180.991474715,138.19004644676195,1237.2307821423828,0.9216012436914336,397
24000,96.0000000000254,-1760680.7658136068,137605.53571373317,-1623075.2300998736,144.41974604338344,1237.2307821423828,0.9216012436914336,400
25000,100.00000000003028,-1755774.7658136068,143018.15713755027,-1612756.6086760566,150.10039985866908,1237.2307821423828,0.9216012436914336,392
26000,104.00000000003517,-1751026.7658136068,148902.60846923024,-1602124.1573443767,156.27624854468277,1237.2307821423828,0.9216012436914336,395
27000,108.00000000004006,-1743532.7658136068,154937.35355997388,-1588595.412253633,162.60983351945333,1237.2307821423828,0.9216012436914336,398
28000,112.00000000004495,-1736390.7658136068,159909.56942386445,-1576481.1963897424,167.8282729420491,1237.2307821423828,0.9216012436914336,393
29000,116.00000000004984,-1730929.7658136068,166990.11584707268,-1563939.6499665342,175.25944721119637,1237.2307821423828,0.9216012436914336,396
30000,120.00000000005473,-1723072.7658136068,171636.25104392503,-1551436.5147696817,180.1356584895605,1237.2307821423828,0.9216012436914336,394
31000,124.00000000005961,-1714846.7658136068,177600.1841522877,-1537246.5816613191,186.3949248807127,1237.2307821423828,0.9216012436914336,396
32000,128.0000000000645,-1706274.7658136068,182950.83200632915,-1523323.9338072776,192.01053620216274,1237.2307821423828,0.9216012436914336,398
33000,132.00000000005517,-1697780.7658136068,189135.63674409344,-1508645.1290695134,198.50161176044563,1237.2307821423828,0.9216012436914336,392
34000,136.00000000004584,-1686841.7658136068,194263.43873719583,-1492578.3270764109,203.8833419195085,1237.2307821423828,0.9216012436914336,394
35000,140.00000000003652,-1674141.7658136068,200078.13786200984,-1474063.6279515969,209.9859842773807,1237.2307821423828,0.9216012436914336,390
36000,144.0000000000272,-1660010.2658136068,205068.79905807416,-1454941.4667555327,215.22378244288174,1237.2307821423828,0.9216012436914336,392
37000,148.00000000001788,-1647346.7658136068,211065.80611435627,-1436280.9596992505,221.51776060005702,1237.2307821423828,0.9216012436914336,393
38000,152.00000000000855,-1629930.7658136068,216657.46869230544,-1413273.2971213013,227.3863216668711,1237.2307821423828,0.9216012436914336,391
39000,155.99999999999923,-1612796.7658136068,221527.6547361708,-1391269.111077436,232.4976787644684,1237.2307821423828,0.9216012436914336,393
40000,159.9999999999899,-1595979.2658136068,228922.26349212695,-1367057.0023214798,240.25846769702284,1237.2307821423828,0.9216012436914336,388
41000,163.9999999999806,-1584092.7658136068,235202.530422905,-1348890.2353907018,246.8497327251572,1237.2307821423828,0.9216012436914336,389
42000,167.99999999997127,-1568874.2658136068,239946.526631788,-1328927.739181819,251.82865108163205,1237.2307821423828,0.9216012436914336,391
43000,171.99999999996194,-1557249.7658136068,245015.0913997112,-1312234.6744138957,257.148210594926,1237.2307821423828,0.9216012436914336,389
44000,175.99999999995262,-1543948.7658136068,251436.25615976323,-1292512.5096538435,263.88735069666313,1237.2307821423828,0.9216012436914336,390
45000,179.9999999999433,-1531063.7658136068,256949.15734052594,-1274114.608473081,269.67325011094493,1237.2307821423828,0.9216012436914336,386
46000,183.99999999993398,-1518689.7658136068,264741.25610753486,-1253948.509706072,277.8512127142625,1237.2307821423828,0.9216012436914336,387
47000,187.99999999992465,-1508223.7658136068,268873.44175442675,-1239350.32405918,282.18802371996014,1237.2307821423828,0.9216012436914336,388
48000,191.99999999991533,-1497783.2658136068,274023.8077545868,-1223759.4580590199,287.59343525311954,1237.2307821423828,0.9216012436914336,385
49000,195.999999999906,-1486906.7658136068,281000.47720228205,-1205906.2886113247,294.9155885708529,1237.2307821423828,0.9216012436914336,386
50000,199.9999999998967,-1473801.7658136068,284119.15343639895,-1189682.6123772077,298.1887012940189,1237.2307821423828,0.9216012436914336,385
51000,203.99999999988736,-1473529.7658136068,285275.7302760761,-1188254.0355375307,299.4025516860069,1237.2307821423828,0.9216012436914336,386
52000,207.99999999987804,-1471491.1113739433,286881.84810944874,-1184609.2632644945,301.08820429008506,1237.2307821423828,0.9216012436914336,343
53000,211.99999999986872,-1473649.0675933715,287784.2292117251,-1185864.8383816464,302.03527120094117,1237.2307821423828,0.9216012436914336,337
54000,215.9999999998594,-1475065.3838939182,285790.5236265383,-1189274.86026738,299.942837544079,1237.2307821423828,0.9216012436914336,335
55000,219.99999999985008,-1474360.376396955,286488.4300649921,-1187871.946331963,300.6753042292364,1237.2307821423828,0.9216012436914336,330
56000,223.99999999984075,-1472989.8833338544,284760.78926023503,-1188229.0940736192,298.8621108501833,1237.2307821423828,0.9216012436914336,328
57000,227.99999999983143,-1471427.337832288,289229.1167723205,-1182198.2210599673,303.5517094276455,1237.2307821423828,0.9216012436914336,326
58000,231.9999999998221,-1471329.7875690926,286489.0627988652,-1184840.7247702274,300.67596829601825,1237.2307821423828,0.9216012436914336,321
59000,235.9999999998128,-1473895.6303338064,286940.2891480684,-1186955.3411857379,301.1495393222274,1237.2307821423828,0.9216012436914336,319
60000,239.99999999980346,-1471484.2945293598,286724.7493282624,-1184759.5452010974,300.92332599529135,1237.2307821423828,0.9216012436914336,316
61000,243.99999999979414,-1473727.7215692364,287945.82405433396,-1185781.8975149025,302.2048682016028,1237.2307821423828,0.9216012436914336,315
62000,247.99999999978482,-1474684.2642040327,287224.5671831923,-1187459.6970208404,301.4478947730118,1237.2307821423828,0.9216012436914336,313
63000,251.9999999997755,-1473120.9162596986,287449.7140281857,-1185671.2022315129,301.6841908639195,1237.2307821423828,0.9216012436914336,309
64000,255.99999999976617,-1473308.9626482017,286496.2670926574,-1186812.6955555445,300.6835293456119,1237.2307821423828,0.9216012436914336,308
65000,259.99999999978525,-1473090.3566653552,287839.1780690022,-1185251.178596353,302.0929411193218,1237.2307821423828,0.9216012436914336,305
66000,263.99999999980434,-1471968.0775978053,287065.23428612156,-1184902.8433116837,301.2806717291716,1237.2307821423828,0.9216012436914336,304
67000,267.99999999982344,-1473252.2473929692,286494.0761429051,-1186758.1712500642,300.6812299002794,1237.2307821423828,0.9216012436914336,303
68000,271.99999999984254,-1472455.7097119745,287164.6013402125,-1185291.108371762,301.3849594283725,1237.2307821423828,0.9216012436914336,299
69000,275.99999999986164,-1472883.5453430815,286698.2649049303,-1186185.2804381512,300.8955300663566,1237.2307821423828,0.9216012436914336,298
70000,279.99999999988074,-1471579.6969949063,287815.7657131859,-1183763.9312817203,302.0683693863335,1237.2307821423828,0.9216012436914336,296
71000,283.99999999989984,-1472333.712260888,287383.8335934846,-1184949.8786674035,301.6150480376559,1237.2307821423828,0.9216012436914336,295
72000,287.99999999991894,-1473587.5383175407,286334.2049912705,-1187253.33332627,300.51344194757115,1237.2307821423828,0.9216012436914336,294
73000,291.99999999993804,-1473632.6301937783,287525.9904541334,-1186106.639739645,301.76424448972267,1237.2307821423828,0.9216012436914336,292
74000,295.99999999995714,-1473501.5469647571,286444.2815863204,-1187057.2653784368,300.62896952296967,1237.2307821423828,0.9216012436914336,291
75000,299.99999999997624,-1473400.0467497567,286497.6309223137,-1186902.415827443,300.6849607119562,1237.2307821423828,0.9216012436914336,288
76000,303.99999999999534,-1476600.6332292762,286390.4425883626,-1190210.1906409136,300.57246442401447,1237.2307821423828,0.9216012436914336,288
77000,308.00000000001444,-1474642.050749706,289066.921502661,-1185575.1292470451,303.38148226685456,1237.2307821423828,0.9216012436914336,287
78000,312.00000000003354,-1472977.9267098159,285855.18897429266,-1187122.7377355231,300.0107051124298,1237.2307821423828,0.9216012436914336,285
79000,316.00000000005264,-1476535.3209427968,285951.45229153096,-1190583.8686512657,300.1117353780854,1237.2307821423828,0.9216012436914336,285
80000,320.00000000007174,-1476044.8165950198,285271.3660690426,-1190773.4505259772,299.39797136394213,1237.2307821423828,0.9216012436914336,283
81000,324.00000000009084,-1472521.5323568387,285875.31212518644,-1186646.2202316523,300.03182475944544,1237.2307821423828,0.9216012436914336,282
82000,328.00000000010994,-1473585.4132203767,286861.5985289351,-1186723.8146914416,301.0669519526693,1237.2307821423828,0.9216012436914336,282
83000,332.00000000012903,-1473273.9340542937,287248.2616432514,-1186025.6724110423,301.47276258001267,1237.2307821423828,0.9216012436914336,279
84000,336.00000000014813,-1472777.8627503077,286715.2794675386,-1186062.5832827692,300.9133871881518,1237.2307821423828,0.9216012436914336,279
85000,340.00000000016723,-1474124.5821304927,286861.170816358,-1187263.4113141347,301.06650305981447,1237.2307821423828,0.9216012436914336,277
86000,344.00000000018633,-1475139.9556369334,286052.2834937533,-1189087.6721431802,300.2175597298651,1237.2307821423828,0.9216012436914336,277
87000,348.00000000020543,-1472809.6975136353,286991.6151848047,-1185818.0823288306,301.20340701840996,1237.2307821423828,0.9216012436914336,276
88000,352.00000000022453,-1476802.463875194,287476.5148553328,-1189325.9490198614,301.71231886494985,1237.2307821423828,0.9216012436914336,275
89000,356.00000000024363,-1474588.7635200908,286253.3940405365,-1188335.3694795542,300.4286292478349,1237.2307821423828,0.9216012436914336,274
90000,360.00000000026273,-1473176.3358985046,286005.8063447573,-1187170.5295537473,300.168781037787,1237.2307821423828,0.9216012436914336,272
91000,364.00000000028183,-1474729.0850342894,285733.2548470588,-1188995.8301872306,299.8827328212149,1237.2307821423828,0.9216012436914336,272
92000,368.00000000030093,-1473151.6619815156,285318.1640636254,-1187833.49791789,299.44708678984364,1237.2307821423828,0.9216012436914336,272
93000,372.00000000032003,-1473913.127033989,287538.6080636872,-1186374.5189703018,301.7774869218529,1237.2307821423828,0.9216012436914336,270
94000,376.0000000003391,-1472737.2111050952,287461.4454491015,-1185275.7656559937,301.69650322345217,1237.2307821423828,0.9216012436914336,270
95000,380.0000000003582,-1474124.3917542538,287902.75407930114,-1186221.6376749526,302.15966540635134,1237.2307821423828,0.9216012436914336,269
96000,384.0000000003773,-1475224.7462074514,286714.5092657432,-1188510.2369417083,300.9125788460519,1237.2307821423828,0.9216012436914336,268
97000,388.0000000003964,-1473132.9215067802,287682.30207557534,-1185450.6194312049,301.9282966447118,1237.2307821423828,0.9216012436914336,268
98000,392.0000000004155,-1474740.6007677363,285795.8545974473,-1188944.7461702889,299.94843250405546,1237.2307821423828,0.9216012436914336,266
99000,396.0000000004346,-1473653.999605162,287710.4725907882,-1185943.5270143738,301.95786216060367,1237.2307821423828,0.9216012436914336,266
100000,400.0000000004537,-1472221.537913262,286305.4159131085,-1185916.1220001534,300.48322723756394,1237.2307821423828,0.9216012436914336,265
101000,404.0000000004728,-1473119.7649276285,286829.4399478963,-1186290.3249797323,301.0332008823897,1237.2307821423828,0.9216012436914336,265
102000,408.0000000004919,-1473823.3612674326,287503.9127906336,-1186319.4484767988,301.74107354286116,1237.2307821423828,0.9216012436914336,265
103000,412.000000000511,-1474671.969251032,287973.77561934956,-1186698.1936316825,302.2342039249088,1237.2307821423828,0.9216012436914336,263
104000,416.0000000005301,-1473204.528910067,287170.2679184192,-1186034.2609916478,301.39090661488143,1237.2307821423828,0.9216012436914336,263
105000,420.0000000005492,-1474085.3251526598,285970.3041482015,-1188115.0210044584,300.1315207765339,1237.2307821423828,0.9216012436914336,262
106000,424.0000000005683,-1474453.060930892,286612.6076687157,-1187840.4532621761,300.80563109363925,1237.2307821423828,0.9216012436914336,262
107000,428.0000000005874,-1475127.5020304322,286676.35646339855,-1188451.1455670337,300.8725367213156,1237.2307821423828,0.9216012436914336,262
108000,432.0000000006065,-1475168.9131512279,287604.1668259353,-1187564.7463252926,301.8462921464805,1237.2307821423828,0.9216012436914336,261
109000,436.0000000006256,-1475924.3453981346,287814.33311052865,-1188110.012287606,302.0668658413571,1237.2307821423828,0.9216012436914336,260
110000,440.0000000006447,-1473620.1947296727,286680.6555016773,-1186939.5392279956,300.8770486474763,1237.2307821423828,0.9216012436914336,259
111000,444.0000000006638,-1475225.725932179,287128.6955782332,-1188097.0303539457,301.3472756171825,1237.2307821423828,0.9216012436914336,259
112000,448.0000000006829,-1472655.8632910578,287238.78757975914,-1185417.0757112987,301.462819361984,1237.2307821423828,0.9216012436914336,259
113000,452.000000000702,-1473430.038559761,285402.8203297632,-1188027.2182299977,299.535935224561,1237.2307821423828,0.9216012436914336,258
114000,456.0000000007211,-1472319.5969116725,286770.7786001682,-1185548.8183115043,300.97163463145716,1237.2307821423828,0.9216012436914336,258
115000,460.0000000007402,-1471633.6944412487,285965.96265219385,-1185667.7317890548,300.1269642901424,1237.2307821423828,0.9216012436914336,257
116000,464.0000000007593,-1473006.2571378006,287418.3599067327,-1185587.897231068,301.651284089972,1237.2307821423828,0.9216012436914336,257
117000,468.0000000007784,-1474786.3475802168,287437.43682007946,-1187348.9107601373,301.67130568987744,1237.2307821423828,0.9216012436914336,257
118000,472.0000000007975,-1474487.6548915543,286549.7683067098,-1187937.8865848444,300.7396799336416,1237.2307821423828,0.9216012436914336,256
119000,476.0000000008166,-1474909.4175123395,286045.52762626525,-1188863.8898860742,300.2104693125947,1237.2307821423828,0.9216012436914336,256
120000,480.0000000008357,-1472486.976243984,286789.2308506809,-1185697.745393303,300.9910006352967,1237.2307821423828,0.9216012436914336,255
121000,484.0000000008548,-1474929.5578887016,287423.6767003426,-1187505.8811883589,301.65686417059106,1237.2307821423828,0.9216012436914336,255
122000,488.0000000008739,-1474379.2640042799,287338.4444783694,-1187040.8195259105,301.56741125877153,1237.2307821423828,0.9216012436914336,255
123000,492.000000000893,-1473242.6746453354,288251.9738567191,-1184990.7007886162,302.5261785070521,1237.2307821423828,0.9216012436914336,254
124000,496.0000000009121,-1474318.8188700033,287277.1846222012,-1187041.6342478022,301.50311782155933,1237.2307821423828,0.9216012436914336,254
125000,500.0000000009312,-1471550.7473837622,286276.1503544283,-1185274.597029334,300.4525124517779,1237.2307821423828,0.9216012436914336,253
126000,504.0000000009503,-1473203.7399372738,286938.87339619617,-1186264.8665410776,301.14805346248494,1237.2307821423828,0.9216012436914336,253
127000,508.0000000009694,-1473520.423436854,286708.5022975381,-1186811.921139316,300.90627441347095,1237.2307821423828,0.9216012436914336,253
128000,512.0000000009885,-1472477.061574013,285653.1472676802,-1186823.9143063328,299.7986583237029,1237.2307821423828,0.9216012436914336,252
129000,516.0000000010076,-1473512.0289752,287302.7327821288,-1186209.2961930712,301.52993112343324,1237.2307821423828,0.9216012436914336,252
130000,520.0000000010267,-1474516.8286302332,286487.9264161973,-1188028.9022140359,300.6747756398112,1237.2307821423828,0.9216012436914336,251
131000,524.0000000010458,-1474522.5173538253,286494.59783492546,-1188027.9195188999,300.6817774264287,1237.2307821423828,0.9216012436914336,251
132000,528.0000000010649,-1473837.6972907418,286671.98634421115,-1187165.7109465306,300.86795019432776,1237.2307821423828,0.9216012436914336,251
133000,532.000000001084,-1473041.7563583823,284369.076797219,-1188672.6795611633,298.4510008309723,1237.2307821423828,0.9216012436914336,251
134000,536.0000000011031,-1472594.2956748288,285662.73175140074,-1186931.563923428,299.80871742995686,1237.2307821423828,0.9216012436914336,250
135000,540.0000000011222,-1475000.8481271286,286979.4307573427,-1188021.4173697857,301.190619219499,1237.2307821423828,0.9216012436914336,250
136000,544.0000000011413,-1472070.4374351408,287732.2698712859,-1184338.167563855,301.98073883992896,1237.2307821423828,0.9216012436914336,249
137000,548.0000000011604,-1474845.6247129506,288458.506083184,-1186387.1186297666,302.74293818565894,1237.2307821423828,0.9216012436914336,249
138000,552.0000000011795,-1473935.3083484098,287841.38946090813,-1186093.9188875016,302.09526201910097,1237.2307821423828,0.9216012436914336,249
139000,556.0000000011986,-1472589.8621672438,286979.8230247063,-1185610.0391425376,301.19103091189737,1237.2307821423828,0.9216012436914336,249
140000,560.0000000012177,-1477692.801180859,287626.39731022285,-1190066.4038706361,301.86962348179765,1237.2307821423828,0.9216012436914336,248
141000,564.0000000012368,-1473730.408552615,286606.12591003487,-1187124.28264258,300.79882835901265,1237.2307821423828,0.9216012436914336,248
142000,568.0000000012559,-1470699.6893008929,288599.70809107035,-1182099.9812098225,302.89113250076406,1237.2307821423828,0.9216012436914336,248
143000,572.000000001275,-1473294.004816413,287113.85023488966,-1186180.1545815233,301.331695134141,1237.2307821423828,0.9216012436914336,247
144000,576.0000000012941,-1472952.1439816635,287561.56940260355,-1185390.57457906,301.8015853036361,1237.2307821423828,0.9216012436914336,247
145000,580.0000000013132,-1471542.668495262,286349.41476386995,-1185193.253731392,300.5294049063634,1237.2307821423828,0.9216012436914336,246
146000,584.0000000013323,-1474901.7590256333,286672.3812275078,-1188229.3777981256,300.8683646321999,1237.2307821423828,0.9216012436914336,246
147000,588.0000000013514,-1473958.736355097,288210.09236638556,-1185748.6439887115,302.4822230501258,1237.2307821423828,0.9216012436914336,246
148000,592.0000000013705,-1475912.8182260375,286723.3613332545,-1189189.456892783,300.92186926693,1237.2307821423828,0.9216012436914336,246
149000,596.0000000013896,-1473951.4832586627,287317.9932159715,-1186633.4900426911,301.5459472522077,1237.2307821423828,0.9216012436914336,246
150000,600.0000000014087,-1475427.1837186879,287082.28755614604,-1188344.8961625418,301.29856947516976,1237.2307821423828,0.9216012436914336,245
151000,604.0000000014278,-1474044.0112967296,286050.65060697286,-1187993.3606897567,300.2158459827188,1237.2307821423828,0.9216012436914336,245
152000,608.0000000014469,-1474706.3290403066,287830.3879271741,-1186875.9411131325,302.0837156906795,1237.2307821423828,0.9216012436914336,245
153000,612.000000001466,-1473471.8774134386,287473.3169693249,-1185998.5604441138,301.70896261999405,1237.2307821423828,0.9216012436914336,244
154000,616.0000000014851,-1474751.1396206506,286794.4288389147,-1187956.7107817358,300.99645602731107,1237.2307821423828,0.9216012436914336,244
155000,620.0000000015042,-1472074.7853870047,285682.2069382905,-1186392.5784487142,299.82915702586536,1237.2307821423828,0.9216012436914336,244
156000,624.0000000015233,-1474119.7426911686,287722.80864285707,-1186396.9340483116,301.97080909255465,1237.2307821423828,0.9216012436914336,244
157000,628.0000000015424,-1475178.9555580337,286421.79028181336,-1188757.1652762203,300.60536445164576,1237.2307821423828,0.9216012436914336,244
158000,632.0000000015615,-1474787.0173966,286538.082973315,-1188248.934423285,300.72741594387867,1237.2307821423828,0.9216012436914336,243
159000,636.0000000015806,-1475944.9225596525,286783.3514124909,-1189161.5711471615,300.98483004800255,1237.2307821423828,0.9216012436914336,243
160000,640.0000000015997,-1474363.8218565797,287856.99160046916,-1186506.8302561105,302.1116367748217,1237.2307821423828,0.9216012436914336,242
161000,644.0000000016188,-1474863.1443072082,287516.92066072876,-1187346.2236464794,301.75472556118996,1237.2307821423828,0.9216012436914336,242
162000,648.0000000016379,-1472379.4620316457,287524.4578111812,-1184855.0042204645,301.7626359504674,1237.2307821423828,0.9216012436914336,242
163000,652.000000001657,-1474604.4331673821,286276.0170232781,-1188328.416144104,300.4523725180845,1237.2307821423828,0.9216012436914336,242
164000,656.0000000016761,-1474440.9020180283,288283.1633151958,-1186157.7387028325,302.5589124639316,1237.2307821423828,0.9216012436914336,242
165000,660.0000000016952,-1474877.4919150304,285897.93296071293,-1188979.5589543176,300.05556577615005,1237.2307821423828,0.9216012436914336,241
166000,664.0000000017143,-1473502.4770429423,285234.7665660797,-1188267.7104768627,299.35955945779466,1237.2307821423828,0.9216012436914336,241
167000,668.0000000017334,-1475366.3215416772,286236.2458262169,-1189130.0757154603,300.41063185591105,1237.2307821423828,0.9216012436914336,241
168000,672.0000000017525,-1474450.7860509707,286832.168328141,-1187618.6177228298,301.03606437171084,1237.2307821423828,0.9216012436914336,240
169000,676.0000000017716,-1473068.7040049192,287079.4103908692,-1185989.29361405,301.2955498329988,1237.2307821423828,0.9216012436914336,240
170000,680.0000000017907,-1474683.1137105618,288425.4728998195,-1186257.6408107423,302.7082692028469,1237.2307821423828,0.9216012436914336,240
171000,684.0000000018098,-1475577.8954643905,287909.6591444473,-1187668.2363199433,302.16691240953077,1237.2307821423828,0.9216012436914336,240
172000,688.0000000018289,-1472911.7031779382,288104.63690687646,-1184807.0662710618,302.3715454483695,1237.2307821423828,0.9216012436914336,240
173000,692.000000001848,-1473379.4074457223,288539.3668005321,-1184840.04064519,302.8278031164463,1237.2307821423828,0.9216012436914336,240
174000,696.0000000018671,-1473413.4582871124,288538.0295090741,-1184875.4287780384,302.8263996024689,1237.2307821423828,0.9216012436914336,240
175000,700.0000000018862,-1474790.8238265049,285665.61975241464,-1189125.2040740903,299.81174844444934,1237.2307821423828,0.9216012436914336,239
176000,704.0000000019053,-1475316.131010931,286099.4417484001,-1189216.6892625308,300.26705325586767,1237.2307821423828,0.9216012436914336,239
177000,708.0000000019244,-1473931.5564099718,286371.3101687116,-1187560.2462412603,300.55238456913895,1237.2307821423828,0.9216012436914336,239
178000,712.0000000019435,-1474278.5037140483,287241.03821353416,-1187037.465500514,301.4651814468851,1237.2307821423828,0.9216012436914336,239
179000,716.0000000019626,-1476058.5487321317,287027.4035324522,-1189031.1451996795,301.240967600924,1237.2307821423828,0.9216012436914336,239
180000,720.0000000019817,-1474877.9922324298,288821.42001238203,-1186056.5722200477,303.1238235709637,1237.2307821423828,0.9216012436914336,238
181000,724.0000000020008,-1473871.8676067134,286608.6123111923,-1187263.255295521,300.80143788647,1237.2307821423828,0.9216012436914336,238
182000,728.0000000020199,-1473623.5249530543,287058.7005689795,-1186564.8243840747,301.2738144631068,1237.2307821423828,0.9216012436914336,238
183000,732.000000002039,-1474484.1318255197,287999.6891258144,-1186484.4426997053,302.2614006652386,1237.2307821423828,0.9216012436914336,238
184000,736.0000000020581,-1472849.1764002824,286760.1396350834,-1186089.0367651992,300.9604688260428,1237.2307821423828,0.9216012436914336,238
185000,740.0000000020772,-1472258.2778822612,286323.96222392266,-1185934.3156583386,300.50269195956025,1237.2307821423828,0.9216012436914336,238
186000,744.0000000020963,-1475420.756725981,286309.313541738,-1189111.4431842428,300.4873178763157,1237.2307821423828,0.9216012436914336,238
187000,748.0000000021154,-1473109.1640865076,286901.93130764185,-1186207.2327788658,301.1092820059469,1237.2307821423828,0.9216012436914336,237
188000,752.0000000021345,-1472288.790942016,287558.16936164314,-1184730.621580373,301.7980168930377,1237.2307821423828,0.9216012436914336,237
189000,756.0000000021536,-1472616.8061647946,286412.71689115465,-1186204.08927364,300.59584174772334,1237.2307821423828,0.9216012436914336,237
190000,760.0000000021727,-1473363.7112017926,287089.2234580772,-1186274.4877437153,301.3058488421682,1237.2307821423828,0.9216012436914336,237
191000,764.0000000021918,-1471058.4873067988,286953.3180299662,-1184105.1692768326,301.1632133928609,1237.2307821423828,0.9216012436914336,237
192000,768.0000000022109,-1474057.7343093362,286274.5430131002,-1187783.191296236,300.4508255150918,1237.2307821423828,0.9216012436914336,237
193000,772.00000000223,-1475069.0432521915,286530.4392359042,-1188538.6040162873,300.71939368946886,1237.2307821423828,0.9216012436914336,236
194000,776.0000000022491,-1473012.4222052684,288472.0653759829,-1184540.3568292856,302.75716893308055,1237.2307821423828,0.9216012436914336,236
195000,780.0000000022682,-1472623.9436051156,286542.15206715616,-1186081.7915379596,300.7316865387796,1237.2307821423828,0.9216012436914336,235
196000,784.0000000022873,-1472228.2097164113,285580.89918204997,-1186647.3105343613,299.7228325211673,1237.2307821423828,0.9216012436914336,235
197000,788.0000000023064,-1472044.3866318176,288185.75648026686,-1183858.6301515508,302.45668205372056,1237.2307821423828,0.9216012436914336,235
198000,792.0000000023255,-1472761.4592113802,287498.4921158854,-1185262.9670954947,301.7353844369218,1237.2307821423828,0.9216012436914336,235
199000,796.0000000023446,-1474944.1148980614,286736.1486809571,-1188207.9662171043,300.9352898426227,1237.2307821423828,0.9216012436914336,235
200000,800.0000000023637,-1475447.5877160495,288072.9498225792,-1187374.6378934702,302.33828922329593,1237.2307821423828,0.9216012436914336,235
201000,804.0000000023828,-1474101.3149744105,286966.1748162747,-1187135.1401581357,301.17670684575126,1237.2307821423828,0.9216012436914336,235
202000,808.0000000024019,-1474192.1845928049,287256.9035821883,-1186935.2810106166,301.4818324667735,1237.2307821423828,0.9216012436914336,235
203000,812.000000002421,-1473763.1644506399,287217.4904168545,-1186545.6740337852,301.4404675660175,1237.2307821423828,0.9216012436914336,234
204000,816.0000000024401,-1472564.5923608188,285720.84295768884,-1186843.7494031298,299.8697062965084,1237.2307821423828,0.9216012436914336,234
205000,820.0000000024592,-1473473.5332892332,286005.86151524144,-1187467.6717739918,300.16883894030724,1237.2307821423828,0.9216012436914336,234
206000,824.0000000024783,-1474505.1781552127,287992.8432416116,-1186512.3349136012,302.254215773636,1237.2307821423828,0.9216012436914336,234
207000,828.0000000024974,-1471839.911666477,288018.31362828467,-1183821.5980381924,302.2809474509328,1237.2307821423828,0.9216012436914336,234
208000,832.0000000025165,-1472110.0169408862,286951.48795226007,-1185158.528988626,301.1612926899169,1237.2307821423828,0.9216012436914336,234
209000,836.0000000025356,-1471871.74257279,288142.83048941736,-1183728.9120833727,302.41163037273265,1237.2307821423828,0.9216012436914336,234
210000,840.0000000025547,-1471971.5322677102,285852.9742457786,-1186118.5580219317,300.008380710814,1237.2307821423828,0.9216012436914336,233
211000,844.0000000025738,-1471340.766930773,286689.45300070784,-1184651.3139300651,300.88628179764873,1237.2307821423828,0.9216012436914336,233
212000,848.0000000025929,-1473314.3971781433,286437.8147569861,-1186876.582421157,300.62218245698926,1237.2307821423828,0.9216012436914336,233
213000,852.000000002612,-1473625.674267307,286887.2348978659,-1186738.439369441,301.0938578316462,1237.2307821423828,0.9216012436914336,233
214000,856.000000002631,-1471832.9234865308,285908.8362231548,-1185924.087263376,300.0670089668962,1237.2307821423828,0.9216012436914336,233
215000,860.0000000026502,-1472753.5287224166,286917.07483476633,-1185836.4538876503,301.1251754387959,1237.2307821423828,0.9216012436914336,233
216000,864.0000000026693,-1473836.2003339007,287415.90123289864,-1186420.299101002,301.648703662892,1237.2307821423828,0.9216012436914336,233
217000,868.0000000026884,-1473111.1453046221,286815.8905631192,-1186295.254741503,301.0189805336341,1237.2307821423828,0.9216012436914336,233
218000,872.0000000027075,-1472610.616564543,287686.0068851603,-1184924.6096793828,301.932184916042,1237.2307821423828,0.9216012436914336,232
219000,876.0000000027266,-1473014.6891411534,287411.3051797635,-1185603.3839613898,301.64388001373334,1237.2307821423828,0.9216012436914336,232
220000,880.0000000027457,-1474661.3996765409,286723.62745139893,-1187937.772225142,300.9221485632144,1237.2307821423828,0.9216012436914336,232
221000,884.0000000027648,-1472469.095551704,287135.2639400299,-1185333.8316116743,301.3541692435012,1237.2307821423828,0.9216012436914336,232
222000,888.0000000027838,-1472300.9281247333,286842.4231896191,-1185458.5049351142,301.04682705275195,1237.2307821423828,0.9216012436914336,232
223000,892.000000002803,-1473856.429430239,287911.76420526643,-1185944.6652249724,302.16912171271997,1237.2307821423828,0.9216012436914336,231
224000,896.000000002822,-1471665.4360459773,286064.1527093694,-1185601.283336608,300.23001670767576,1237.2307821423828,0.9216012436914336,231
225000,900.0000000028411,-1472077.0721808868,287942.7652455918,-1184134.306935295,302.20165792100295,1237.2307821423828,0.9216012436914336,231
226000,904.0000000028602,-1475059.0231680023,286877.11959926714,-1188181.903568735,301.0832416246222,1237.2307821423828,0.9216012436914336,231
227000,908.0000000028793,-1474659.2942033056,285649.75997209724,-1189009.5342312083,299.7951032896315,1237.2307821423828,0.9216012436914336,231
228000,912.0000000028984,-1470904.7039785348,286459.1702878095,-1184445.5336907252,300.64459551124713,1237.2307821423828,0.9216012436914336,231
229000,916.0000000029175,-1473645.0040724427,286571.9214539085,-1187073.082618534,300.7629301021461,1237.2307821423828,0.9216012436914336,231
230000,920.0000000029366,-1475211.1996371187,287332.5131344437,-1187878.686502675,301.5611861953756,1237.2307821423828,0.9216012436914336,231
231000,924.0000000029557,-1474885.1022168472,286850.7228867694,-1188034.379330078,301.0555377499522,1237.2307821423828,0.9216012436914336,231
232000,928.0000000029748,-1474007.8685288476,288897.2673398088,-1185110.6011890387,303.2034268493364,1237.2307821423828,0.9216012436914336,231
233000,932.0000000029939,-1473648.0965216318,287270.99329551624,-1186377.1032261155,301.49661990108774,1237.2307821423828,0.9216012436914336,230
234000,936.000000003013,-1473188.1556292968,287602.4511117134,-1185585.7045175834,301.8444914702874,1237.2307821423828,0.9216012436914336,230
235000,940.0000000030321,-1473249.7280532354,287694.38127921766,-1185555.346774018,301.9409740091316,1237.2307821423828,0.9216012436914336,230
236000,944.0000000030512,-1474824.3963181842,285937.66343559115,-1188886.732882593,300.0972636995827,1237.2307821423828,0.9216012436914336,230
237000,948.0000000030703,-1474264.0291817226,287370.5719570143,-1186893.4572247083,301.6011296864703,1237.2307821423828,0.9216012436914336,230
238000,952.0000000030894,-1474710.302872952,286887.2967668661,-1187823.006106086,301.0939227643922,1237.2307821423828,0.9216012436914336,230
239000,956.0000000031085,-1473834.4785333276,286550.35079341265,-1187284.127739915,300.74029126501904,1237.2307821423828,0.9216012436914336,230
240000,960.0000000031276,-1473683.903530281,287248.00921000197,-1186435.8943202791,301.4724976462977,1237.2307821423828,0.9216012436914336,230
241000,964.0000000031467,-1472652.879307582,288145.5560824277,-1184507.3232251543,302.4144909367959,1237.2307821423828,0.9216012436914336,230
242000,968.0000000031658,-1473498.8135915017,286549.8328515021,-1186948.9807399996,300.73974767468457,1237.2307821423828,0.9216012436914336,230
243000,972.0000000031849,-1474571.1059065145,286188.09377583116,-1188383.0121306833,300.3600953215187,1237.2307821423828,0.9216012436914336,229
244000,976.000000003204,-1473192.2697170926,288339.55393314105,-1184852.7157839516,302.6180955388031,1237.2307821423828,0.9216012436914336,229
245000,980.0000000032231,-1475328.8041302096,286391.31759593775,-1188937.4865342719,300.57338276186425,1237.2307821423828,0.9216012436914336,229
246000,984.0000000032422,-1474584.296743052,286272.86527430214,-1188311.43146875,300.4490646948611,1237.2307821423828,0.9216012436914336,229
247000,988.0000000032613,-1473679.942196847,287008.32499618374,-1186671.6172006633,301.22094429773,1237.2307821423828,0.9216012436914336,229
248000,992.0000000032804,-1475560.914778619,285992.07512842276,-1189568.8396501963,300.1543698531961,1237.2307821423828,0.9216012436914336,229
249000,996.0000000032995,-1474474.9238914624,285380.2985430049,-1189094.6253484576,299.5122981615082,1237.2307821423828,0.9216012436914336,229
250000,1000.0000000033186,-1474798.0461548958,286376.6424156992,-1188421.4037391967,300.5579808683852,1237.2307821423828,0.9216012436914336,228
251000,1004.0000000033377,-1471381.3266500104,289695.9990253154,-1181685.327624695,304.0417116362045,1237.2307821423828,0.9216012436914336,228
252000,1008.0000000033568,-1472727.382867949,286061.7065666137,-1186665.6763013355,300.2274494322117,1237.2307821423828,0.9216012436914336,228
253000,1012.0000000033759,-1474019.7466222541,286347.5243438615,-1187672.2222783926,300.52742087297327,1237.2307821423828,0.9216012436914336,228
254000,1016.000000003395,-1474181.6972361803,286625.1221280779,-1187556.5751081025,300.8187652675922,1237.2307821423828,0.9216012436914336,228
255000,1020.0000000034141,-1474248.6152407173,285293.3929327771,-1188955.2223079402,299.42108899543985,1237.2307821423828,0.9216012436914336,228
256000,1024.0000000034331,-1475072.6178213377,286789.8465653561,-1188282.7712559816,300.99164684009196,1237.2307821423828,0.9216012436914336,228
257000,1028.0000000033385,-1476208.9602057263,286350.50693049026,-1189858.453275236,300.5305511569494,1237.2307821423828,0.9216012436914336,228
258000,1032.000000003244,-1475262.0549868355,287001.0786734027,-1188260.9763134327,301.21333913787686,1237.2307821423828,0.9216012436914336,228
259000,1036.0000000031494,-1473505.0524223102,285883.4246470263,-1187621.627775284,300.04033901243537,1237.2307821423828,0.9216012436914336,228
260000,1040.0000000030548,-1475869.6476929132,287858.51292890415,-1188011.1347640092,302.11323343926614,1237.2307821423828,0.9216012436914336,228
261000,1044.0000000029602,-1475617.2415268142,286299.57455914037,-1189317.6669676737,300.4770966204179,1237.2307821423828,0.9216012436914336,228
262000,1048.0000000028656,-1473952.1378893796,286413.79015453474,-1187538.3477348448,300.59696815898286,1237.2307821423828,0.9216012436914336,228
263000,1052.000000002771,-1473129.208454907,286691.4995818338,-1186437.708873073,300.88842972523713,1237.2307821423828,0.9216012436914336,227
264000,1056.0000000026764,-1474513.8354646377,286499.51667570503,-1188014.3187889326,300.68693984763894,1237.2307821423828,0.9216012436914336,227
265000,1060.0000000025818,-1474712.234979215,288113.7839632813,-1186598.4510159339,302.3811454659573,1237.2307821423828,0.9216012436914336,227
266000,1064.0000000024872,-1474220.8961094897,287163.0202925998,-1187057.87581689,301.38330008746357,1237.2307821423828,0.9216012436914336,227
267000,1068.0000000023927,-1472527.2858440867,286144.3545195424,-1186382.9313245444,300.3141901022804,1237.2307821423828,0.9216012436914336,227
268000,1072.000000002298,-1473873.9390250873,286718.57061604026,-1187155.368409047,300.91684131394936,1237.2307821423828,0.9216012436914336,227
269000,1076.0000000022035,-1474092.2592102028,287811.7725844041,-1186280.4866257987,302.0641785182729,1237.2307821423828,0.9216012436914336,227
270000,1080.000000002109,-1474889.7885281285,286755.68322272616,-1188134.1053054023,300.95579173265736,1237.2307821423828,0.9216012436914336,227
271000,1084.0000000020143,-1476677.319990866,286151.15711617726,-1190526.1628746886,300.32132956271954,1237.2307821423828,0.9216012436914336,227
272000,1088.0000000019197,-1473965.9490071014,285344.4577438097,-1188621.4912632918,299.47468253005184,1237.2307821423828,0.9216012436914336,227
273000,1092.0000000018251,-1475243.9214473078,285131.5628425464,-1190112.3586047613,299.25124509772104,1237.2307821423828,0.9216012436914336,226
274000,1096.0000000017305,-1474968.85357151,286777.07264694164,-1188191.7809245684,300.97824035870417,1237.2307821423828,0.9216012436914336,226
275000,1100.000000001636,-1476682.7371076448,287249.29898930097,-1189433.4381183437,301.47385129531943,1237.2307821423828,0.9216012436914336,226
276000,1104.0000000015414,-1476669.5491237743,286001.1229520472,-1190668.426171727,300.1638657240077,1237.2307821423828,0.9216012436914336,226
277000,1108.0000000014468,-1474978.1530954195,286617.35233457,-1188360.8007608494,300.81061071480184,1237.2307821423828,0.9216012436914336,226
278000,1112.0000000013522,-1474873.343139343,286751.22071912873,-1188122.1224202141,300.9511082463941,1237.2307821423828,0.9216012436914336,226
279000,1116.0000000012576,-1475725.5900912164,286546.0962105385,-1189179.493880678,300.7358259956895,1237.2307821423828,0.9216012436914336,226
280000,1120.000000001163,-1476052.6837245598,286170.157656559,-1189882.5260680008,300.3412710076795,1237.2307821423828,0.9216012436914336,226
281000,1124.0000000010684,-1475204.9060158199,288652.4165506054,-1186552.4894652145,302.94645107716366,1237.2307821423828,0.9216012436914336,226
282000,1128.0000000009738,-1473586.5584092205,286453.6248428862,-1187132.9335663344,300.6387754565279,1237.2307821423828,0.9216012436914336,226
283000,1132.0000000008793,-1473551.1142655862,287844.8978354251,-1185706.2164301611,302.0989441279212,1237.2307821423828,0.9216012436914336,225
284000,1136.0000000007847,-1474075.5029744068,287041.19326152216,-1187034.3097128847,301.2554401957943,1237.2307821423828,0.9216012436914336,226
285000,1140.00000000069,-1475610.0459220177,286275.3778609269,-1189334.6680610906,300.45170170448705,1237.2307821423828,0.9216012436914336,225
286000,1144.0000000005955,-1476201.6326516848,288178.97264230775,-1188022.6600093772,302.4495622808846,1237.2307821423828,0.9216012436914336,225
287000,1148.000000000501,-1476599.5375269456,287024.930106932,-1189574.6074200135,301.238371691656,1237.2307821423828,0.9216012436914336,225
288000,1152.0000000004063,-1473811.8168352637,286012.69058507436,-1187799.1262501893,300.1760061848942,1237.2307821423828,0.9216012436914336,225
289000,1156.0000000003117,-1473518.6782950219,286489.03282853216,-1187029.6454664897,300.67593684155776,1237.2307821423828,0.9216012436914336,225
290000,1160.0000000002171,-1474202.9491320634,286991.6734013873,-1187211.275730676,301.20346811787107,1237.2307821423828,0.9216012436914336,225
291000,1164.0000000001226,-1474470.9241656791,288069.75623537204,-1186401.167930307,302.3349374900169,1237.2307821423828,0.9216012436914336,225
292000,1168.000000000028,-1473409.8265193058,286646.41373800096,-1186763.412781305,300.8411112355941,1237.2307821423828,0.9216012436914336,225
293000,1171.9999999999334,-1474850.5401165513,286250.7052798019,-1188599.8348367494,300.4258073399775,1237.2307821423828,0.9216012436914336,225
294000,1175.9999999998388,-1473370.953976347,287214.6724634496,-1186156.2815128975,301.4375100678835,1237.2307821423828,0.9216012436914336,225
295000,1179.9999999997442,-1473942.3848433234,287003.6807424286,-1186938.7041008947,301.2160700610621,1237.2307821423828,0.9216012436914336,225
296000,1183.9999999996496,-1473143.285354901,287167.0006342377,-1185976.2847206634,301.38747753516236,1237.2307821423828,0.9216012436914336,225
297000,1187.999999999555,-1474506.6912398692,285469.8501394577,-1189036.8411004115,299.60628434273565,1237.2307821423828,0.9216012436914336,225
298000,1191.9999999994604,-1473887.5715373,285955.7266033038,-1187931.8449339962,300.1162213532865,1237.2307821423828,0.9216012436914336,224
299000,1195.9999999993659,-1473631.511778092,285056.79978129634,-1188574.7119967956,299.17277977826166,1237.2307821423828,0.9216012436914336,224
300000,1199.9999999992713,-1473073.3809764404,287410.4185923863,-1185662.962384054,301.64294952265095,1237.2307821423828,0.9216012436914336,224
301000,1203.9999999991767,-1473252.977898202,286458.30804321496,-1186794.669854987,300.6436905683992,1237.2307821423828,0.9216012436914336,224
302000,1207.999999999082,-1473885.798316964,287750.2829497971,-1186135.5153671668,301.99964392401995,1237.2307821423828,0.9216012436914336,224
303000,1211.9999999989875,-1472251.9445695719,286049.3815113803,-1186202.5630581914,300.2145140416582,1237.2307821423828,0.9216012436914336,224
304000,1215.999999998893,-1472820.7271776414,286538.39176090714,-1186282.3354167342,300.7277400225969,1237.2307821423828,0.9216012436914336,224
305000,1219.9999999987983,-1474555.0355991535,286509.0240665203,-1188046.011532633,300.6969180433558,1237.2307821423828,0.9216012436914336,224
306000,1223.9999999987037,-1475290.3651639596,286569.6047444331,-1188720.7604195266,300.7604986694834,1237.2307821423828,0.9216012436914336,224
307000,1227.9999999986092,-1476512.9211058598,286666.34276650555,-1189846.5783393541,300.8620271473022,1237.2307821423828,0.9216012436914336,224
308000,1231.9999999985146,-1472684.1895092428,285839.7371969649,-1186844.4523122779,299.99448816486284,1237.2307821423828,0.9216012436914336,224
309000,1235.99999999842,-1471545.273467376,286688.37666182825,-1184856.8968055476,300.8851521585914,1237.2307821423828,0.9216012436914336,224
310000,1239.9999999983254,-1474726.5723664612,286631.164221935,-1188095.4081445262,300.82510656524335,1237.2307821423828,0.9216012436914336,224
311000,1243.9999999982308,-1474250.8854235932,288398.8329043878,-1185852.0525192055,302.6803099979,1237.2307821423828,0.9216012436914336,224
312000,1247.9999999981362,-1472369.6708600856,286182.9215539812,-1186186.7493061044,300.35466697183654,1237.2307821423828,0.9216012436914336,224
313000,1251.9999999980416,-1475340.3270601425,288261.70851348626,-1187078.6185466563,302.53639522290473,1237.2307821423828,0.9216012436914336,224
314000,1255.999999997947,-1472310.1759736603,286819.02584357647,-1185491.1501300838,301.0222710728196,1237.2307821423828,0.9216012436914336,224
315000,1259.9999999978525,-1473648.871299183,287878.7674561392,-1185770.1038430438,302.13449096836445,1237.2307821423828,0.9216012436914336,224
316000,1263.9999999977579,-1474593.5526004666,287396.9765673912,-1187196.5760330753,301.6288418501214,1237.2307821423828,0.9216012436914336,224
317000,1267.9999999976633,-1474889.8132838719,286402.7493411987,-1188487.0639426732,300.585380605838,1237.2307821423828,0.9216012436914336,224
318000,1271.9999999975687,-1473188.282844619,287424.58801465563,-1185763.6948299631,301.65782061308425,1237.2307821423828,0.9216012436914336,224
319000,1275.999999997474,-1472436.728796102,286372.7969085481,-1186063.931887554,300.55394493216147,1237.2307821423828,0.9216012436914336,224
320000,1279.9999999973795,-1473498.3826710982,286281.0354808636,-1187217.3471902346,300.45763948911343,1237.2307821423828,0.9216012436914336,223
321000,1283.999999997285,-1473966.8833064176,286617.7844490353,-1187349.0988573823,300.81106422752583,1237.2307821423828,0.9216012436914336,223
322000,1287.9999999971903,-1474187.6638639383,286254.9847539477,-1187932.6791099906,300.43029873319165,1237.2307821423828,0.9216012436914336,224
323000,1291.9999999970958,-1475124.3873396404,286729.608900155,-1188394.7784394855,300.9284262126261,1237.2307821423828,0.9216012436914336,223
324000,1295.9999999970012,-1474379.7524215411,287821.57335813396,-1186558.1790634072,302.07446462519255,1237.2307821423828,0.9216012436914336,223
325000,1299.9999999969066,-1474443.077910211,286718.46594454604,-1187724.611965665,300.9167314591348,1237.2307821423828,0.9216012436914336,223
326000,1303.999999996812,-1471535.7729615076,285859.11376815394,-1185676.6591933537,300.01482426163244,1237.2307821423828,0.9216012436914336,223
327000,1307.9999999967174,-1475948.6890124371,285636.4678456538,-1190312.2211667832,299.7811529386128,1237.2307821423828,0.9216012436914336,223
328000,1311.9999999966228,-1473670.5451679137,287021.4526299281,-1186649.0925379856,301.2347220103902,1237.2307821423828,0.9216012436914336,223
329000,1315.9999999965282,-1473260.8553857962,287195.09932043776,-1186065.7560653584,301.416967665077,1237.2307821423828,0.9216012436914336,223
330000,1319.9999999964336,-1477004.950127934,287289.79639180296,-1189715.1537361313,301.51635412454374,1237.2307821423828,0.9216012436914336,223
331000,1323.999999996339,-1472844.358763937,286507.9404540678,-1186336.4183098692,300.69578077053905,1237.2307821423828,0.9216012436914336,223
332000,1327.9999999962445,-1474893.9225302981,287063.8140928716,-1187830.1084374264,301.27918120811495,1237.2307821423828,0.9216012436914336,223
333000,1331.9999999961499,-1474717.507059182,286900.67187089205,-1187816.83518829,301.10796020203384,1237.2307821423828,0.9216012436914336,223
334000,1335.9999999960553,-1473395.3022307726,288026.1068742798,-1185369.195356493,302.2891266175748,1237.2307821423828,0.9216012436914336,223
335000,1339.9999999959607,-1474264.0030976525,285488.3716129374,-1188775.631484715,299.6257229974556,1237.2307821423828,0.9216012436914336,223
336000,1343.9999999958661,-1475307.052531953,287667.42767585034,-1187639.6248561027,301.9126856664202,1237.2307821423828,0.9216012436914336,223
337000,1347.9999999957715,-1474103.1101280972,286555.76256610913,-1187547.347561988,300.7459710280781,1237.2307821423828,0.9216012436914336,223
338000,1351.999999995677,-1475983.6331066815,286264.35894737847,-1189719.274159303,300.4401371356048,1237.2307821423828,0.9216012436914336,223
339000,1355.9999999955824,-1474997.4722176949,287691.86745979136,-1187305.6047579036,301.93833570565596,1237.2307821423828,0.9216012436914336,223
340000,1359.9999999954878,-1473511.9454667978,287574.999600892,-1185936.9458659058,301.8156805638019,1237.2307821423828,0.9216012436914336,223
341000,1363.9999999953932,-1475167.8519850252,287224.3989515231,-1187943.4530335022,301.4477182105297,1237.2307821423828,0.9216012436914336,223
342000,1367.9999999952986,-1474669.1055688942,288096.16044328513,-1186572.9451256092,302.36264923127425,1237.2307821423828,0.9216012436914336,223
343000,1371.999999995204,-1475122.1707948893,286976.5999624498,-1188145.5708324395,301.187648243968,1237.2307821423828,0.9216012436914336,222
344000,1375.9999999951094,-1475246.6444543386,286436.2483897629,-1188810.3960645758,300.6205385234409,1237.2307821423828,0.9216012436914336,222
345000,1379.9999999950148,-1474769.8250728482,287332.6620016262,-1187437.1630712221,301.56134243444393,1237.2307821423828,0.9216012436914336,222
346000,1383.9999999949202,-1475212.8657843275,286939.38108350604,-1188273.4847008213,301.14858629041214,1237.2307821423828,0.9216012436914336,222
347000,1387.9999999948257,-1473730.2173321433,286243.35746204766,-1187486.8598700957,300.4180956591316,1237.2307821423828,0.9216012436914336,222
348000,1391.999999994731,-1473873.505178012,287234.73862214363,-1186638.7665558683,301.45856990045223,1237.2307821423828,0.9216012436914336,222
349000,1395.9999999946365,-1471915.9916445408,286553.91895832424,-1185362.0726862166,300.7440361250474,1237.2307821423828,0.9216012436914336,222
350000,1399.999999994542,-1472789.6360584153,288265.8350734981,-1184523.8009849172,302.5407261296945,1237.2307821423828,0.9216012436914336,222
351000,1403.9999999944473,-1475108.9394119047,288817.1101758765,-1186291.8292360283,303.11930031184926,1237.2307821423828,0.9216012436914336,222
352000,1407.9999999943527,-1473939.5534401033,287393.8842998396,-1186545.6691402637,301.6255964538357,1237.2307821423828,0.9216012436914336,222
353000,1411.9999999942581,-1475126.670485776,286867.6297825187,-1188259.040703257,301.0732818732379,1237.2307821423828,0.9216012436914336,222
354000,1415.9999999941635,-1476246.8285329752,287828.3532134739,-1188418.4753195012,302.08158021819054,1237.2307821423828,0.9216012436914336,222
355000,1419.999999994069,-1473562.6744224485,286925.14705065475,-1186637.5273717938,301.13364738988827,1237.2307821423828,0.9216012436914336,222
356000,1423.9999999939744,-1473319.1234498098,286489.1135691822,-1186830.0098806275,300.67602158047555,1237.2307821423828,0.9216012436914336,222
357000,1427.9999999938798,-1472852.7296110392,288805.389436129,-1184047.3401749101,303.10699916241515,1237.2307821423828,0.9216012436914336,222
358000,1431.9999999937852,-1474660.4344844483,287994.0863572006,-1186666.3481272478,302.25552044816624,1237.2307821423828,0.9216012436914336,222
359000,1435.9999999936906,-1474688.9359838339,286462.5247239625,-1188226.4112598714,300.64811605869323,1237.2307821423828,0.9216012436914336,222
360000,1439.999999993596,-1474279.0627188263,288424.9679691233,-1185854.094749703,302.70773926804054,1237.2307821423828,0.9216012436914336,222
361000,1443.9999999935014,-1474425.0259463433,286907.1546906214,-1187517.871255722,301.1147640502519,1237.2307821423828,0.9216012436914336,222
362000,1447.9999999934068,-1474596.6298696054,285436.5036798954,-1189160.12618971,299.5712865703245,1237.2307821423828,0.9216012436914336,222
363000,1451.9999999933123,-1473336.0784604112,286611.1839298415,-1186724.8945305697,300.80413685137944,1237.2307821423828,0.9216012436914336,222
364000,1455.9999999932177,-1476900.6104167076,286611.0572564574,-1190289.5531602502,300.8040039051439,1237.2307821423828,0.9216012436914336,222
365000,1459.999999993123,-1475231.1812772816,287157.83061734925,-1188073.3506599325,301.37785342009045,1237.2307821423828,0.9216012436914336,222
366000,1463.9999999930285,-1475042.047738392,286033.1153749715,-1189008.9323634205,300.197442408042,1237.2307821423828,0.9216012436914336,222
367000,1467.999999992934,-1475581.5624557612,288318.0261366345,-1187263.5363191268,302.5955016882853,1237.2307821423828,0.9216012436914336,222
368000,1471.9999999928393,-1473646.1426508324,286165.37665531726,-1187480.765995515,300.3362532518052,1237.2307821423828,0.9216012436914336,221
369000,1475.9999999927447,-1472455.1829637168,286305.3323899955,-1186149.8505737213,300.48313957839594,1237.2307821423828,0.9216012436914336,221
370000,1479.9999999926501,-1474141.9018599382,286799.99843614944,-1187341.9034237887,301.0023014303614,1237.2307821423828,0.9216012436914336,221
371000,1483.9999999925556,-1473246.4542368464,288447.19339404046,-1184799.260842806,302.7310652934479,1237.2307821423828,0.9216012436914336,221
372000,1487.999999992461,-1473924.8885403182,286208.55730550876,-1187716.3312348095,300.3815722028365,1237.2307821423828,0.9216012436914336,221
373000,1491.9999999923664,-1472953.5047138901,287707.0681883885,-1185246.4365255018,301.954289172588,1237.2307821423828,0.9216012436914336,221
374000,1495.9999999922718,-1473888.5364714805,287344.588061491,-1186543.9484099895,301.57385907142395,1237.2307821423828,0.9216012436914336,221
375000,1499.9999999921772,-1475272.6780211348,288754.7556304427,-1186517.9223906922,303.05385797648466,1237.2307821423828,0.9216012436914336,221
376000,1503.9999999920826,-1474515.8883397914,287188.210397135,-1187327.6779426564,301.4097376030832,1237.2307821423828,0.9216012436914336,221
377000,1507.999999991988,-1473293.9536563493,286733.38789962383,-1186560.5657567256,300.93239234771477,1237.2307821423828,0.9216012436914336,221
378000,1511.9999999918934,-1473939.0411895355,285897.7469264287,-1188041.2942631068,300.0553705294694,1237.2307821423828,0.9216012436914336,221
379000,1515.9999999917989,-1472924.6395975528,286966.21071272227,-1185958.4288848306,301.1767445197868,1237.2307821423828,0.9216012436914336,221
380000,1519.9999999917043,-1475532.9873665143,284928.1635992612,-1190604.8237672532,299.0377735472612,1237.2307821423828,0.9216012436914336,221
381000,1523.9999999916097,-1474524.4629092515,285957.328025333,-1188567.1348839183,300.1179020775508,1237.2307821423828,0.9216012436914336,221
382000,1527.999999991515,-1473973.1445881212,285373.5814732707,-1188599.5631148505,299.505248463252,1237.2307821423828,0.9216012436914336,221
383000,1531.9999999914205,-1472588.4842164032,286446.6076401443,-1186141.8765762588,300.6314107627119,1237.2307821423828,0.9216012436914336,221
384000,1535.999999991326,-1474529.4180620173,288009.09850850113,-1186520.319553516,302.2712759994756,1237.2307821423828,0.9216012436914336,221
385000,1539.9999999912313,-1473880.298725564,288707.9292730049,-1185172.3694525592,303.00471278320276,1237.2307821423828,0.9216012436914336,221
386000,1543.9999999911367,-1474148.7603910333,288410.7111401374,-1185738.0492508959,302.6927764425202,1237.2307821423828,0.9216012436914336,221
387000,1547.9999999910422,-1474885.6177026685,287649.61729120923,-1187236.0004114592,301.8939933135765,1237.2307821423828,0.9216012436914336,221
388000,1551.9999999909476,-1475568.7594048427,287202.79081998154,-1188365.9685848611,301.4250400467951,1237.2307821423828,0.9216012436914336,221
389000,1555.999999990853,-1474127.5916930772,286329.6858677241,-1187797.9058253532,300.5086990375456,1237.2307821423828,0.9216012436914336,221
390000,1559.9999999907584,-1475060.9259240525,286481.094615214,-1188579.8313088384,300.6676055288275,1237.2307821423828,0.9216012436914336,221
391000,1563.9999999906638,-1474801.4297837773,286112.5224604995,-1188688.9073232778,300.2807817233284,1237.2307821423828,0.9216012436914336,221
392000,1567.9999999905692,-1474344.381397809,287373.45024253655,-1186970.9311552723,301.60415050436114,1237.2307821423828,0.9216012436914336,221
393000,1571.9999999904746,-1472766.929154099,289195.4349704696,-1183571.4941836293,303.51635970683407,1237.2307821423828,0.9216012436914336,220
394000,1575.99999999038,-1474593.6963681206,287837.725255235,-1186755.9711128855,302.0914163623836,1237.2307821423828,0.9216012436914336,220
395000,1579.9999999902855,-1474976.0412527127,287389.7654473376,-1187586.275805375,301.6212736362307,1237.2307821423828,0.9216012436914336,220
396000,1583.9999999901909,-1474826.6812928095,286194.35494877247,-1188632.326344037,300.3666665470252,1237.2307821423828,0.9216012436914336,220
397000,1587.9999999900963,-1474909.159478156,287197.3219123625,-1187711.8375657934,301.4193003194986,1237.2307821423828,0.9216012436914336,220
398000,1591.9999999900017,-1473762.2792374939,288436.67093434406,-1185325.6083031497,302.72002176275544,1237.2307821423828,0.9216012436914336,220
399000,1595.999999989907,-1473700.2685569776,287536.3320318299,-1186163.9365251476,301.7750981811593,1237.2307821423828,0.9216012436914336,220
400000,1599.9999999898125,-1475044.189503936,287598.57923833537,-1187445.6102656007,301.8404278621842,1237.2307821423828,0.9216012436914336,220
401000,1603.999999989718,-1473898.723729508,286958.6891407356,-1186940.0345887723,301.16885048041894,1237.2307821423828,0.9216012436914336,220
402000,1607.9999999896233,-1474798.6981871445,285275.20282530034,-1189523.495361844,299.40199811592925,1237.2307821423828,0.9216012436914336,220
403000,1611.9999999895288,-1476129.988491119,286283.55159792636,-1189846.4368931926,300.4602802040043,1237.2307821423828,0.9216012436914336,220
404000,1615.9999999894342,-1474798.803599907,285679.583710515,-1189119.2198893921,299.8264038961516,1237.2307821423828,0.9216012436914336,220
405000,1619.9999999893396,-1474327.1086796643,285272.04982794914,-1189055.0588517152,299.39868898251126,1237.2307821423828,0.9216012436914336,220
406000,1623.999999989245,-1474977.6975033078,286291.9743594328,-1188685.7231438751,300.4691200596935,1237.2307821423828,0.9216012436914336,220
407000,1627.9999999891504,-1473854.1022130838,286120.2986295405,-1187733.8035835433,300.28894296736746,1237.2307821423828,0.9216012436914336,220
408000,1631.9999999890558,-1474572.410732043,285451.23180867516,-1189121.1789233678,299.58674403435043,1237.2307821423828,0.9216012436914336,220
409000,1635.9999999889612,-1474410.171310992,286229.914250197,-1188180.257060795,300.4039867409736,1237.2307821423828,0.9216012436914336,220
410000,1639.9999999888666,-1476506.399116424,286367.4206605813,-1190138.9784558425,300.5483024530127,1237.2307821423828,0.9216012436914336,220
411000,1643.999999988772,-1472554.9203261957,286775.8560016663,-1185779.0643245294,300.97696346529443,1237.2307821423828,0.9216012436914336,220
412000,1647.9999999886775,-1475446.3031644104,286699.576933537,-1188746.7262308733,300.8969070664693,1237.2307821423828,0.9216012436914336,220
413000,1651.9999999885829,-1473357.2429852104,288463.17346862075,-1184894.0695165896,302.7478366994867,1237.2307821423828,0.9216012436914336,220
414000,1655.9999999884883,-1474932.7048877236,286448.8130589296,-1188483.891828794,300.6337253935822,1237.2307821423828,0.9216012436914336,220
415000,1659.9999999883937,-1473663.085804266,286898.4758410174,-1186764.6099632485,301.1056554250119,1237.2307821423828,0.9216012436914336,220
416000,1663.9999999882991,-1474365.3876203382,287138.5995519693,-1187226.788068369,301.3576700345609,1237.2307821423828,0.9216012436914336,220
417000,1667.9999999882045,-1473711.9331626333,286936.95343568077,-1186774.9797269525,301.1460384257453,1237.2307821423828,0.9216012436914336,220
418000,1671.99999998811,-1473155.814268344,287522.1948585136,-1185633.6194098305,301.76026093664353,1237.2307821423828,0.9216012436914336,219
419000,1675.9999999880154,-1472436.2880394207,286978.42509826424,-1185457.8629411566,301.1895637602984,1237.2307821423828,0.9216012436914336,220
420000,1679.9999999879208,-1475490.5305879936,286191.0703857017,-1189299.4602022918,300.3632193327683,1237.2307821423828,0.9216012436914336,219
421000,1683.9999999878262,-1473230.1446495745,285266.5842384258,-1187963.5604111487,299.3929527376223,1237.2307821423828,0.9216012436914336,219
422000,1687.9999999877316,-1474962.8836170826,286224.4070068047,-1188738.4766102778,300.3982067795208,1237.2307821423828,0.9216012436914336,219
423000,1691.999999987637,-1474147.73761746,285700.83348630945,-1188446.9041311506,299.8487059584037,1237.2307821423828,0.9216012436914336,219
424000,1695.9999999875424,-1475256.2486842964,287348.5021302621,-1187907.7465540343,301.5779669644312,1237.2307821423828,0.9216012436914336,219
425000,1699.9999999874478,-1474677.0954503324,287186.17149560427,-1187490.923954728,301.4075977353828,1237.2307821423828,0.9216012436914336,219
426000,1703.9999999873532,-1475996.2548915185,285884.3154284672,-1190111.9394630513,300.0412739052709,1237.2307821423828,0.9216012436914336,219
427000,1707.9999999872587,-1473858.195278081,286856.86164406326,-1187001.333634018,301.0619804978025,1237.2307821423828,0.9216012436914336,219
428000,1711.999999987164,-1475206.135663975,288253.5869389321,-1186952.548725043,302.5278714689111,1237.2307821423828,0.9216012436914336,219
429000,1715.9999999870695,-1473353.7571155652,288132.06943322945,-1185221.6876823357,302.40033643027783,1237.2307821423828,0.9216012436914336,219
430000,1719.999999986975,-1472445.8989648502,286568.6859413321,-1185877.2130235182,300.7595343673583,1237.2307821423828,0.9216012436914336,219
431000,1723.9999999868803,-1474090.4767801873,287515.41274511954,-1186575.0640350678,301.75314297377287,1237.2307821423828,0.9216012436914336,219
432000,1727.9999999867857,-1475811.660959877,288347.0329286797,-1187464.6280311975,302.6259448933422,1237.2307821423828,0.9216012436914336,219
433000,1731.9999999866911,-1474501.6859162124,287971.3079283011,-1186530.3779879112,302.23161403408295,1237.2307821423828,0.9216012436914336,219
434000,1735.9999999865965,-1476267.315171456,285309.9098613316,-1190957.4053101244,299.4384238404,1237.2307821423828,0.9216012436914336,219
435000,1739.999999986502,-1472564.7766457153,286777.85970355035,-1185786.916942165,300.97906639026576,1237.2307821423828,0.9216012436914336,219
436000,1743.9999999864074,-1472789.299263984,287638.4659148924,-1185150.8333490915,301.88228972238477,1237.2307821423828,0.9216012436914336,219
437000,1747.9999999863128,-1473332.394290884,287128.77929790434,-1186203.6149929797,301.3473634826421,1237.2307821423828,0.9216012436914336,219
438000,1751.9999999862182,-1472974.3785689818,287639.9700031731,-1185334.4085658086,301.88386829294444,1237.2307821423828,0.9216012436914336,219
439000,1755.9999999861236,-1476420.413622452,288121.8486666824,-1188298.5649557696,302.38960953254485,1237.2307821423828,0.9216012436914336,219
440000,1759.999999986029,-1473701.2664104663,286888.6610291864,-1186812.60538128,301.0953545848259,1237.2307821423828,0.9216012436914336,219
441000,1763.9999999859344,-1473137.5895997314,288024.17740563507,-1185113.4121940963,302.2871016018644,1237.2307821423828,0.9216012436914336,219
442000,1767.9999999858398,-1475043.232187761,287189.87790751446,-1187853.3542802464,301.4114876883852,1237.2307821423828,0.9216012436914336,219
443000,1771.9999999857453,-1474675.184768674,287732.30821987713,-1186942.876548797,301.98077908753805,1237.2307821423828,0.9216012436914336,219
444000,1775.9999999856507,-1474694.4337836849,286465.435904873,-1188228.9978788118,300.6511714009483,1237.2307821423828,0.9216012436914336,219
445000,1779.999999985556,-1473857.1097048754,285699.8247951591,-1188157.2849097163,299.8476473169834,1237.2307821423828,0.9216012436914336,219
446000,1783.9999999854615,-1474573.1627307022,285295.3488653932,-1189277.813865309,299.4231417856145,1237.2307821423828,0.9216012436914336,219
447000,1787.999999985367,-1474052.499488961,288764.2145714025,-1185288.2849175585,303.0637853231148,1237.2307821423828,0.9216012436914336,219
448000,1791.9999999852723,-1473925.5955261067,287690.05003676855,-1186235.5454893382,301.9364282840537,1237.2307821423828,0.9216012436914336,219
449000,1795.9999999851777,-1476899.471736665,286572.1024387311,-1190327.3692979338,300.76312004931634,1237.2307821423828,0.9216012436914336,219
450000,1799.9999999850832,-1475452.1339476053,286182.516396159,-1189269.6175514462,300.35424175064554,1237.2307821423828,0.9216012436914336,218
451000,1803.9999999849886,-1474738.114651504,286797.7354934168,-1187940.379158087,300.99992642696446,1237.2307821423828,0.9216012436914336,218
452000,1807.999999984894,-1474807.781650614,286638.9798285794,-1188168.8018220346,300.8333091998315,1237.2307821423828,0.9216012436914336,219
453000,1811.9999999847994,-1474424.1288703494,286001.9718369262,-1188422.1570334232,300.16475664556833,1237.2307821423828,0.9216012436914336,218
454000,1815.9999999847048,-1474187.856365312,285466.1420999058,-1188721.7142654061,299.6023926814909,1237.2307821423828,0.9216012436914336,218
455000,1819.9999999846102,-1474722.3658229876,287139.3897303133,-1187582.9760926743,301.3584993424457,1237.2307821423828,0.9216012436914336,218
456000,1823.9999999845156,-1474346.0758419996,287769.29377230356,-1186576.782069696,302.01959616027426,1237.2307821423828,0.9216012436914336,218
457000,1827.999999984421,-1475672.2571236612,287330.2550697761,-1188342.0020538853,301.5588163116049,1237.2307821423828,0.9216012436914336,218
458000,1831.9999999843265,-1474382.5416244296,287268.03886613675,-1187114.502758293,301.4935191687046,1237.2307821423828,0.9216012436914336,218
459000,1835.9999999842319,-1476944.8449481418,287448.96337086405,-1189495.8815772778,301.6834030341335,1237.2307821423828,0.9216012436914336,218
460000,1839.9999999841373,-1472162.5109803658,286270.1750078311,-1185892.3359725347,300.4462412067033,1237.2307821423828,0.9216012436914336,218
461000,1843.9999999840427,-1474704.0970455147,286917.57964809134,-1187786.5173974233,301.12570525041883,1237.2307821423828,0.9216012436914336,218
462000,1847.999999983948,-1474134.4353590347,287352.7527517838,-1186781.6826072508,301.58242807624265,1237.2307821423828,0.9216012436914336,218
463000,1851.9999999838535,-1473765.1583926436,285710.1112302036,-1188055.04716244,299.85844313511024,1237.2307821423828,0.9216012436914336,218
464000,1855.999999983759,-1475113.4626725772,286700.6885240582,-1188412.7741485192,300.89807370282546,1237.2307821423828,0.9216012436914336,218
465000,1859.9999999836643,-1473556.6898002587,286775.90682196,-1186780.7829782986,300.9770168022033,1237.2307821423828,0.9216012436914336,218
466000,1863.9999999835698,-1472848.028374006,286914.9520825281,-1185933.076291478,301.12294756811053,1237.2307821423828,0.9216012436914336,218
467000,1867.9999999834752,-1473389.6532734158,287356.9934501938,-1186032.659823222,301.58687877355095,1237.2307821423828,0.9216012436914336,218
468000,1871.9999999833806,-1475023.0446826378,286657.49401539774,-1188365.55066724,300.8527402070554,1237.2307821423828,0.9216012436914336,218
469000,1875.999999983286,-1473723.1177153997,288231.557872649,-1185491.5598427507,302.50475152579486,1237.2307821423828,0.9216012436914336,218
470000,1879.9999999831914,-1473617.9725375883,287599.86395460455,-1186018.1085829837,301.8417761974555,1237.2307821423828,0.9216012436914336,218
471000,1883.9999999830968,-1474155.7368992306,287366.69691199495,-1186789.0399872358,301.59706274966646,1237.2307821423828,0.9216012436914336,218
472000,1887.9999999830022,-1474384.3109074775,286631.95565567643,-1187752.3552518012,300.82593719069285,1237.2307821423828,0.9216012436914336,218
473000,1891.9999999829076,-1472699.8855200168,286827.42963045934,-1185872.4558895575,301.03109101426406,1237.2307821423828,0.9216012436914336,218
474000,1895.999999982813,-1472148.3017315306,287724.39532018197,-1184423.9064113486,301.9724743419585,1237.2307821423828,0.9216012436914336,218
475000,1899.9999999827185,-1475940.1364292186,286202.67294166813,-1189737.4634875504,300.37539644597405,1237.2307821423828,0.9216012436914336,218
476000,1903.9999999826239,-1474592.6313616764,285889.7670550713,-1188702.864306605,300.0469954957986,1237.2307821423828,0.9216012436914336,218
477000,1907.9999999825293,-1474829.3927058922,286864.3395154024,-1187965.0531904898,301.0698286724717,1237.2307821423828,0.9216012436914336,218
478000,1911.9999999824347,-1472443.2992924917,286656.62962938467,-1185786.669663107,300.85183301674624,1237.2307821423828,0.9216012436914336,218
479000,1915.9999999823401,-1472709.05411907,287056.07299534953,-1185652.9811237205,301.27105677233243,1237.2307821423828,0.9216012436914336,218
480000,1919.9999999822455,-1475410.9816874983,287873.8905097314,-1187537.091177767,302.1293725161305,1237.2307821423828,0.9216012436914336,218
481000,1923.999999982151,-1473889.1514849095,285604.2785561661,-1188284.8729287433,299.7473696392053,1237.2307821423828,0.9216012436914336,218
482000,1927.9999999820564,-1475261.0899295546,286667.51569204737,-1188593.5742375073,300.86325815598207,1237.2307821423828,0.9216012436914336,218
483000,1931.9999999819618,-1475205.6279556202,287437.32357420394,-1187768.3043814162,301.6711868360792,1237.2307821423828,0.9216012436914336,218
484000,1935.9999999818672,-1473892.8695945255,287353.50789672526,-1186539.3616978002,301.5832206158749,1237.2307821423828,0.9216012436914336,218
485000,1939.9999999817726,-1472397.5507357745,287581.3152778803,-1184816.2354578942,301.8223089923895,1237.2307821423828,0.9216012436914336,218
486000,1943.999999981678,-1475744.71582881,288897.2360417864,-1186847.4797870235,303.20339400143945,1237.2307821423828,0.9216012436914336,218
487000,1947.9999999815834,-1474595.072670577,287127.6584987498,-1187467.4141718273,301.34618718164205,1237.2307821423828,0.9216012436914336,218
488000,1951.9999999814888,-1473747.4576385003,285464.4554348275,-1188283.0022036727,299.6006224929516,1237.2307821423828,0.9216012436914336,217
489000,1955.9999999813942,-1474314.589113216,286731.6189992315,-1187582.9701139843,300.9305358515781,1237.2307821423828,0.9216012436914336,217
490000,1959.9999999812997,-1475556.5060358085,286727.59248718,-1188828.9135486283,300.9263099471121,1237.2307821423828,0.9216012436914336,217
491000,1963.999999981205,-1476034.0139083173,285705.40685709286,-1190328.6070512244,299.85350580198315,1237.2307821423828,0.9216012436914336,217
492000,1967.9999999811105,-1472988.869533074,285696.0461922536,-1187292.8233408206,299.84368159809577,1237.2307821423828,0.9216012436914336,217
493000,1971.999999981016,-1474291.0384459589,286904.9875793435,-1187386.0508666155,301.11248962387225,1237.2307821423828,0.9216012436914336,217
494000,1975.9999999809213,-1473146.5743986703,286976.4051602367,-1186170.1692384337,301.18744379517165,1237.2307821423828,0.9216012436914336,217
495000,1979.9999999808267,-1475631.533120647,286642.71423244616,-1188988.818888201,300.83722853094895,1237.2307821423828,0.9216012436914336,217
496000,1983.9999999807321,-1476287.757444295,288816.3391018396,-1187471.4183424555,303.1184910543145,1237.2307821423828,0.9216012436914336,217
497000,1987.9999999806375,-1474207.1029270925,285385.0571305151,-1188822.0457965774,299.5172923937256,1237.2307821423828,0.9216012436914336,217
498000,1991.999999980543,-1473912.5230484623,286194.5663541522,-1187717.95669431,300.3668884211751,1237.2307821423828,0.9216012436914336,217
499000,1995.9999999804484,-1476399.6790837822,285836.86891159124,-1190562.810172191,299.9914778423268,1237.2307821423828,0.9216012436914336,217
500000,1999.9999999803538,-1473519.9624258373,287299.08278290177,-1186220.8796429355,301.5261003766636,1237.2307821423828,0.9216012436914336,217
501000,2003.9999999802592,-1474432.0757866139,286480.8287719231,-1187951.2470146907,300.66732652100734,1237.2307821423828,0.9216012436914336,217
502000,2007.9999999801646,-1475321.3644119697,286310.68680939754,-1189010.6776025721,300.48875914803205,1237.2307821423828,0.9216012436914336,217
503000,2011.99999998007,-1475776.3964589685,286256.15588593576,-1189520.2405730328,300.4315278595013,1237.2307821423828,0.9216012436914336,217
504000,2015.9999999799754,-1473198.4370969227,285416.53506279504,-1187781.9020341276,299.55032910959795,1237.2307821423828,0.9216012436914336,217
505000,2019.9999999798808,-1475804.5756339226,286405.0848338886,-1189399.490800034,300.58783175185783,1237.2307821423828,0.9216012436914336,217
506000,2023.9999999797863,-1474332.2782924864,285792.34411781194,-1188539.9341746746,299.9447481858715,1237.2307821423828,0.9216012436914336,217
507000,2027.9999999796917,-1476010.4002549192,285699.7773032746,-1190310.6229516445,299.84759747330617,1237.2307821423828,0.9216012436914336,217
508000,2031.999999979597,-1474050.4777856274,286532.70493447856,-1187517.7728511489,300.7217715851765,1237.2307821423828,0.9216012436914336,217
509000,2035.9999999795025,-1475738.936841444,286648.1048587425,-1189090.8319827016,300.8428861004406,1237.2307821423828,0.9216012436914336,217
510000,2039.999999979408,-1474443.1260229452,288584.88427871536,-1185858.2417442298,302.8755746149232,1237.2307821423828,0.9216012436914336,217
511000,2043.9999999793133,-1474656.1211386444,287612.5228102646,-1187043.59832838,301.85506191819445,1237.2307821423828,0.9216012436914336,217
512000,2047.9999999792187,-1473775.6109639127,286338.6356401857,-1187436.975323727,300.5180920017119,1237.2307821423828,0.9216012436914336,217
513000,2051.9999999791244,-1475792.9424720844,287530.57209830615,-1188262.3703737783,301.7690530163888,1237.2307821423828,0.9216012436914336,217
514000,2055.99999997903,-1475772.2487393646,286426.64316576853,-1189345.605573596,300.6104576498572,1237.2307821423828,0.9216012436914336,217
515000,2059.999999978935,-1475799.7241990631,287378.3090950342,-1188421.415104029,301.6092499666766,1237.2307821423828,0.9216012436914336,217
516000,2063.9999999788406,-1474167.6209533038,287157.1786048432,-1187010.4423484607,301.37716911999996,1237.2307821423828,0.9216012436914336,217
517000,2067.999999978746,-1473539.5830799695,288040.48688095255,-1185499.096199017,302.30421872052705,1237.2307821423828,0.9216012436914336,217
518000,2071.9999999786514,-1474537.077254993,286108.3737484553,-1188428.7035065377,300.2764275675401,1237.2307821423828,0.9216012436914336,217
519000,2075.999999978557,-1476099.5149868298,286479.090576326,-1189620.4244105038,300.66550225016385,1237.2307821423828,0.9216012436914336,217
520000,2079.9999999784623,-1475026.042590377,287826.1371555898,-1187199.905434787,302.07925442137446,1237.2307821423828,0.9216012436914336,217
521000,2083.9999999783677,-1473833.4831632096,288561.82113224326,-1185271.6620309665,302.85136938408573,1237.2307821423828,0.9216012436914336,217
522000,2087.999999978273,-1473277.3494363548,287239.60286822205,-1186037.7465681327,301.463675023438,1237.2307821423828,0.9216012436914336,217
523000,2091.9999999781785,-1476353.2142293984,285734.18310162076,-1190619.0311277776,299.88370704283625,1237.2307821423828,0.9216012436914336,217
524000,2095.999999978084,-1475889.00912607,287283.24149122357,-1188605.7676348463,301.50947462604023,1237.2307821423828,0.9216012436914336,217
525000,2099.9999999779893,-1474603.733874252,285731.71266891505,-1188872.021205337,299.8811142745866,1237.2307821423828,0.9216012436914336,217
526000,2103.9999999778947,-1474985.1436331375,287390.0318286899,-1187595.1118044476,301.621553208757,1237.2307821423828,0.9216012436914336,217
527000,2107.9999999778,-1473369.960320508,285815.2607760861,-1187554.6995444219,299.9687996744324,1237.2307821423828,0.9216012436914336,217
528000,2111.9999999777056,-1475805.9873882318,286711.9658039737,-1189094.021584258,300.90990943234766,1237.2307821423828,0.9216012436914336,217
529000,2115.999999977611,-1473552.1512584565,286341.8481252521,-1187210.3031332043,300.52146356867,1237.2307821423828,0.9216012436914336,217
530000,2119.9999999775164,-1475038.057681011,287297.826153007,-1187740.2315280042,301.52478151860066,1237.2307821423828,0.9216012436914336,217
531000,2123.999999977422,-1474311.4325116714,285448.89717197866,-1188862.5353396928,299.58429378671275,1237.2307821423828,0.9216012436914336,217
532000,2127.999999977327,-1473345.4038669849,286808.28897713404,-1186537.1148898508,301.0110025179837,1237.2307821423828,0.9216012436914336,217
533000,2131.9999999772326,-1474353.6357975267,286160.1079623497,-1188193.527835177,300.33072365376677,1237.2307821423828,0.9216012436914336,217
534000,2135.999999977138,-1474746.4466420999,287349.57410662016,-1187396.8725354797,301.57909202493545,1237.2307821423828,0.9216012436914336,217
535000,2139.9999999770434,-1472325.3830320183,286940.2209206462,-1185385.1621113722,301.1494677161911,1237.2307821423828,0.9216012436914336,217
536000,2143.999999976949,-1474803.727999744,287460.51144387526,-1187343.2165558687,301.6955229663943,1237.2307821423828,0.9216012436914336,217
537000,2147.9999999768543,-1476110.8942235457,287354.7227929038,-1188756.1714306418,301.58449567357263,1237.2307821423828,0.9216012436914336,217
538000,2151.9999999767597,-1474445.8607026413,287509.7622663232,-1186936.098436318,301.7472126839153,1237.2307821423828,0.9216012436914336,217
539000,2155.999999976665,-1475157.2893066742,286485.39506526676,-1188671.8942414075,300.67211893667314,1237.2307821423828,0.9216012436914336,217
540000,2159.9999999765705,-1473778.73349436,288184.2394693899,-1185594.49402497,302.4550899206391,1237.2307821423828,0.9216012436914336,217
541000,2163.999999976476,-1472292.9834282259,288159.95369113237,-1184133.0297370935,302.4296015134306,1237.2307821423828,0.9216012436914336,217
542000,2167.9999999763813,-1472582.074246958,286806.19789270783,-1185775.8763542501,301.00880788329675,1237.2307821423828,0.9216012436914336,217
543000,2171.9999999762867,-1471494.5186546762,286382.24210012425,-1185112.276554552,300.56385784854007,1237.2307821423828,0.9216012436914336,217
544000,2175.999999976192,-1472744.6170320548,288073.9977680495,-1184670.6192640052,302.3393890629055,1237.2307821423828,0.9216012436914336,217
545000,2179.9999999760976,-1474153.4383671312,286905.8848807014,-1187247.5534864299,301.1134313594904,1237.2307821423828,0.9216012436914336,217
546000,2183.999999976003,-1473951.8285922706,285978.9690294364,-1187972.8595628343,300.14061474169273,1237.2307821423828,0.9216012436914336,217
547000,2187.9999999759084,-1474250.5315658888,287201.81917672185,-1187048.712389167,301.42402028787274,1237.2307821423828,0.9216012436914336,217
548000,2191.999999975814,-1472909.3531274563,286380.7285162681,-1186528.6246111882,300.5622693121851,1237.2307821423828,0.9216012436914336,217
549000,2195.999999975719,-1472711.1525491718,286228.02363896545,-1186483.1289102063,300.40200250689094,1237.2307821423828,0.9216012436914336,217
550000,2199.9999999756246,-1476207.139130977,288600.7380141327,-1187606.4011168443,302.8922134254982,1237.2307821423828,0.9216012436914336,217
551000,2203.99999997553,-1473987.3665285045,286556.28809369175,-1187431.0784348128,300.7465225797263,1237.2307821423828,0.9216012436914336,217
552000,2207.9999999754355,-1474942.5548660513,287341.9853465653,-1187600.569519486,301.571127470354,1237.2307821423828,0.9216012436914336,217
553000,2211.999999975341,-1475218.5221326938,287104.9927517292,-1188113.5293809646,301.3223990294314,1237.2307821423828,0.9216012436914336,216
554000,2215.9999999752463,-1473422.727182828,286767.44077124406,-1186655.286411584,300.96813151362795,1237.2307821423828,0.9216012436914336,216
555000,2219.9999999751517,-1473130.5545635428,286958.14405018324,-1186172.4105133596,301.16827839704496,1237.2307821423828,0.9216012436914336,216
556000,2223.999999975057,-1475372.1684872275,285856.6747804193,-1189515.4937068082,300.01226449550524,1237.2307821423828,0.9216012436914336,216
557000,2227.9999999749625,-1473053.9127469296,285461.96192535,-1187591.9508215794,299.59800550517105,1237.2307821423828,0.9216012436914336,216
558000,2231.999999974868,-1475123.0547564263,286771.0295203633,-1188352.025236063,300.97189797719153,1237.2307821423828,0.9216012436914336,216
559000,2235.9999999747733,-1474647.1642001672,286532.1642734785,-1188114.9999266886,300.7212041507058,1237.2307821423828,0.9216012436914336,216
560000,2239.9999999746788,-1472770.292144618,288222.5537944892,-1184547.7383501288,302.4953015667184,1237.2307821423828,0.9216012436914336,216
561000,2243.999999974584,-1475757.1755905543,288256.4104958264,-1187500.7650947277,302.5308348480186,1237.2307821423828,0.9216012436914336,216
562000,2247.9999999744896,-1474422.6067192554,287225.16898054647,-1187197.437738709,301.44852637130185,1237.2307821423828,0.9216012436914336,216
563000,2251.999999974395,-1474776.2928287638,287443.01359368314,-1187333.2792350808,301.6771586246697,1237.2307821423828,0.9216012436914336,216
564000,2255.9999999743004,-1475991.6908842325,287110.517718517,-1188881.1731657155,301.3281975919401,1237.2307821423828,0.9216012436914336,216
565000,2259.999999974206,-1477632.7558303475,287304.2012811658,-1190328.5545491818,301.531472342374,1237.2307821423828,0.9216012436914336,216
566000,2263.9999999741112,-1476388.2622140022,288332.14096795104,-1188056.121246051,302.61031548442804,1237.2307821423828,0.9216012436914336,216
567000,2267.9999999740166,-1474934.3686848795,286473.2538276885,-1188461.114857191,300.659376466404,1237.2307821423828,0.9216012436914336,216
568000,2271.999999973922,-1475717.1908924393,286425.0728021743,-1189292.118090265,300.6088095220381,1237.2307821423828,0.9216012436914336,216
569000,2275.9999999738275,-1475283.559404932,287403.6189771992,-1187879.9404277327,301.6358131913005,1237.2307821423828,0.9216012436914336,216
570000,2279.999999973733,-1477016.5968194595,287656.38426642853,-1189360.2125530308,301.90109538863175,1237.2307821423828,0.9216012436914336,216
571000,2283.9999999736383,-1474230.8219111012,287784.72651911335,-1186446.0953919878,302.0357931349342,1237.2307821423828,0.9216012436914336,216
572000,2287.9999999735437,-1474984.5701408572,285552.2974003024,-1189432.2727405548,299.6928143824714,1237.2307821423828,0.9216012436914336,216
573000,2291.999999973449,-1476223.3849654356,287817.22110435134,-1188406.1638610843,302.06989684830234,1237.2307821423828,0.9216012436914336,216
574000,2295.9999999733545,-1475394.24570126,286424.9722849506,-1188969.2734163094,300.60870402721304,1237.2307821423828,0.9216012436914336,216
575000,2299.99999997326,-1474437.8906831332,286847.97333837365,-1187589.9173447595,301.0526520442356,1237.2307821423828,0.9216012436914336,216
576000,2303.9999999731654,-1473604.4368384583,287499.40160029934,-1186105.035238159,301.73633895889947,1237.2307821423828,0.9216012436914336,216
577000,2307.9999999730708,-1474346.1792248795,288304.12302359875,-1186042.0562012808,302.58091009468825,1237.2307821423828,0.9216012436914336,216
578000,2311.999999972976,-1474228.150810536,285417.3710210696,-1188810.7797894664,299.55120646443027,1237.2307821423828,0.9216012436914336,216
579000,2315.9999999728816,-1475023.5036418969,287546.8566449687,-1187476.6469969281,301.78614397193235,1237.2307821423828,0.9216012436914336,216
580000,2319.999999972787,-1474925.847590495,286651.9044285237,-1188273.9431619712,300.8468738244811,1237.2307821423828,0.9216012436914336,216
581000,2323.9999999726924,-1474808.9783563688,286513.68257706275,-1188295.295779306,300.7018072428055,1237.2307821423828,0.9216012436914336,216
582000,2327.999999972598,-1472382.7108414564,286221.4246909672,-1186161.2861504892,300.39507677974547,1237.2307821423828,0.9216012436914336,216
583000,2331.9999999725032,-1474542.60670585,287584.2804327842,-1186958.3262730658,301.8254209814238,1237.2307821423828,0.9216012436914336,216
584000,2335.9999999724087,-1477205.9109882927,287062.3923439934,-1190143.5186442994,301.2776890543956,1237.2307821423828,0.9216012436914336,216
585000,2339.999999972314,-1471149.0613790695,287547.6853327014,-1183601.376046368,301.7870136961865,1237.2307821423828,0.9216012436914336,216
586000,2343.9999999722195,-1472854.702114907,288018.73198761116,-1184835.970127296,302.28138652736516,1237.2307821423828,0.9216012436914336,216
587000,2347.999999972125,-1472999.4492286528,285266.5728435997,-1187732.8763850532,299.3929407785257,1237.2307821423828,0.9216012436914336,216
588000,2351.9999999720303,-1475110.5970129343,286961.30791874684,-1188149.2890941873,301.1715989400166,1237.2307821423828,0.9216012436914336,216
589000,2355.9999999719357,-1473726.8628082667,286087.1611129421,-1187639.7016953246,300.25416448475175,1237.2307821423828,0.9216012436914336,216
590000,2359.999999971841,-1474339.3390195621,287594.9176446672,-1186744.421374895,301.836584946818,1237.2307821423828,0.9216012436914336,216
591000,2363.9999999717465,-1472198.06812621,286641.7296164514,-1185556.3385097585,300.83619515688326,1237.2307821423828,0.9216012436914336,216
592000,2367.999999971652,-1473480.0193326129,287223.73406658275,-1186256.28526603,301.4470204005634,1237.2307821423828,0.9216012436914336,216
593000,2371.9999999715574,-1472471.3101468943,287112.0247755684,-1185359.285371326,301.3297792782837,1237.2307821423828,0.9216012436914336,216
594000,2375.999999971463,-1473404.4547516033,288186.7639839248,-1185217.6907676784,302.45773944884394,1237.2307821423828,0.9216012436914336,216
595000,2379.999999971368,-1472213.8553339913,287215.5523009014,-1184998.30303309,301.43843347478486,1237.2307821423828,0.9216012436914336,216
596000,2383.9999999712736,-1473328.493184669,286273.9557325618,-1187054.537452107,300.4502091524886,1237.2307821423828,0.9216012436914336,216
597000,2387.999999971179,-1474861.2065593945,286321.2358809968,-1188539.9706783977,300.49983060844573,1237.2307821423828,0.9216012436914336,216
598000,2391.9999999710844,-1474188.2672065515,286736.11697935686,-1187452.1502271947,300.9352565711628,1237.2307821423828,0.9216012436914336,216
599000,2395.99999997099,-1474563.5733307824,286871.63270450337,-1187691.940626279,301.07748301945963,1237.2307821423828,0.9216012436914336,216
600000,2399.9999999708953,-1475873.7552405745,285987.611294345,-1189886.1439462295,300.1496849705673,1237.2307821423828,0.9216012436914336,216
601000,2403.9999999708007,-1475635.8213400953,286333.04981220094,-1189302.7715278943,300.51222956416666,1237.2307821423828,0.9216012436914336,216
602000,2407.999999970706,-1475398.6703884434,284299.21123559854,-1191099.4591528447,298.3776755347619,1237.2307821423828,0.9216012436914336,216
603000,2411.9999999706115,-1476588.6850833967,285841.1513503097,-1190747.5337330871,299.99597234691896,1237.2307821423828,0.9216012436914336,216
604000,2415.999999970517,-1474760.2202218343,285752.49588703766,-1189007.7243347967,299.9029266752844,1237.2307821423828,0.9216012436914336,216
605000,2419.9999999704223,-1475804.82526677,286674.05255563726,-1189130.772711133,300.87011872430645,1237.2307821423828,0.9216012436914336,216
606000,2423.9999999703277,-1476392.663712806,286215.2855253581,-1190177.378187448,300.3886336033603,1237.2307821423828,0.9216012436914336,216
607000,2427.999999970233,-1472697.8089059647,287242.77154006466,-1185455.0373659001,301.46700060754637,1237.2307821423828,0.9216012436914336,216
608000,2431.9999999701386,-1474692.5281318752,286913.4488401039,-1187779.0792917712,301.12136988529414,1237.2307821423828,0.9216012436914336,216
609000,2435.999999970044,-1475363.0754236719,287074.7557883612,-1188288.3196353107,301.290664735109,1237.2307821423828,0.9216012436914336,216
610000,2439.9999999699494,-1476681.54053039,288313.855224097,-1188367.6853062932,302.59112423263775,1237.2307821423828,0.9216012436914336,216
611000,2443.999999969855,-1475730.2338721696,287447.36840321176,-1188282.865468958,301.6817290838662,1237.2307821423828,0.9216012436914336,216
612000,2447.99999996976,-1474814.4991481723,287008.8192771833,-1187805.679870989,301.22146305546795,1237.2307821423828,0.9216012436914336,216
613000,2451.9999999696656,-1474569.2185965907,288480.3827450955,-1186088.8358514952,302.7658981773567,1237.2307821423828,0.9216012436914336,216
614000,2455.999999969571,-1473040.255210328,288465.4036905341,-1184574.8515197937,302.75017736173317,1237.2307821423828,0.9216012436914336,216
615000,2459.9999999694764,-1474773.7353376858,287345.83612884674,-1187427.899208839,301.57516894293184,1237.2307821423828,0.9216012436914336,216
616000,2463.999999969382,-1474626.7698835656,287186.76388602133,-1187440.0059975442,301.40821946090523,1237.2307821423828,0.9216012436914336,216
617000,2467.9999999692873,-1471163.7541392157,287056.59454303636,-1184107.1595961794,301.27160414700074,1237.2307821423828,0.9216012436914336,216
618000,2471.9999999691927,-1475497.1681000814,285488.24301864044,-1190008.925081441,299.6255880351838,1237.2307821423828,0.9216012436914336,216
619000,2475.999999969098,-1474028.9354745569,287400.62643492455,-1186628.3090396323,301.632672458676,1237.2307821423828,0.9216012436914336,216
620000,2479.9999999690035,-1474283.9167579114,286305.69057299395,-1187978.2261849176,300.4835154985754,1237.2307821423828,0.9216012436914336,215
621000,2483.999999968909,-1474423.1702946518,287221.1467530816,-1187202.0235415702,301.44430496359473,1237.2307821423828,0.9216012436914336,215
622000,2487.9999999688143,-1476209.0516362442,288765.4817475805,-1187443.5698886637,303.06511524971165,1237.2307821423828,0.9216012436914336,216
623000,2491.9999999687197,-1473938.6174177155,286900.6685839853,-1187037.94883373,301.1079567523598,1237.2307821423828,0.9216012436914336,215
624000,2495.999999968625,-1473632.570366052,286016.08731412166,-1187616.4830519303,300.1795711195739,1237.2307821423828,0.9216012436914336,215
625000,2499.9999999685306,-1474596.4322077604,286023.7105444168,-1188572.7216633437,300.18757185135803,1237.2307821423828,0.9216012436914336,215
626000,2503.999999968436,-1474743.9604740497,287551.5657684119,-1187192.3947056378,301.79108629062785,1237.2307821423828,0.9216012436914336,215
627000,2507.9999999683414,-1469488.4844576828,285629.84989930945,-1183858.6345583734,299.7742072723252,1237.2307821423828,0.9216012436914336,215
628000,2511.999999968247,-1473434.801950315,286761.58912412066,-1186673.2128261942,300.9619900936108,1237.2307821423828,0.9216012436914336,215
629000,2515.999999968152,-1473978.348869346,286554.0693343165,-1187424.2795350295,300.7441939476415,1237.2307821423828,0.9216012436914336,215
630000,2519.9999999680576,-1474559.6844432922,287441.36650730844,-1187118.3179359837,301.6754299747668,1237.2307821423828,0.9216012436914336,215
631000,2523.999999967963,-1474787.453702541,287486.19012975803,-1187301.263572783,301.7224732578538,1237.2307821423828,0.9216012436914336,215
632000,2527.9999999678685,-1473979.4446933707,283926.3185311607,-1190053.12616221,297.98631722641323,1237.2307821423828,0.9216012436914336,215
633000,2531.999999967774,-1475007.8832362257,286618.0680235193,-1188389.8152127063,300.81136184458575,1237.2307821423828,0.9216012436914336,215
634000,2535.9999999676793,-1475645.028052142,288775.7494711485,-1186869.2785809934,303.07589142977184,1237.2307821423828,0.9216012436914336,215
635000,2539.9999999675847,-1475054.0689911777,286494.4607454701,-1188559.6082457076,300.6816335483192,1237.2307821423828,0.9216012436914336,215
636000,2543.99999996749,-1477047.0315835644,288492.08583047596,-1188554.9457530885,302.7781807981815,1237.2307821423828,0.9216012436914336,215
637000,2547.9999999673955,-1475254.0622268002,287622.2576494343,-1187631.804577366,301.86527882548216,1237.2307821423828,0.9216012436914336,215
638000,2551.999999967301,-1473827.5243786993,287207.16827533976,-1186620.3561033595,301.42963427324,1237.2307821423828,0.9216012436914336,215
639000,2555.9999999672063,-1475984.1213312643,287413.84278445214,-1188570.278546812,301.64654328031475,1237.2307821423828,0.9216012436914336,215
640000,2559.9999999671118,-1474369.850295459,286450.04684573214,-1187919.8034497267,300.6350202773656,1237.2307821423828,0.9216012436914336,215
641000,2563.999999967017,-1474736.879404611,286389.39880029525,-1188347.4806043156,300.57136894768183,1237.2307821423828,0.9216012436914336,215
642000,2567.9999999669226,-1477539.0007740213,285308.96081751015,-1192230.039956511,299.4374278000375,1237.2307821423828,0.9216012436914336,215
643000,2571.999999966828,-1474369.2210578714,286742.9631930956,-1187626.2578647758,300.9424418086199,1237.2307821423828,0.9216012436914336,215
644000,2575.9999999667334,-1474343.7513458822,286496.1645421494,-1187847.586803733,300.6834217168145,1237.2307821423828,0.9216012436914336,215
645000,2579.999999966639,-1474041.3784502372,286291.6011996519,-1187749.7772505854,300.4687284210831,1237.2307821423828,0.9216012436914336,215
646000,2583.9999999665442,-1475863.7940134583,287210.5478400182,-1188653.24617344,301.4331811935733,1237.2307821423828,0.9216012436914336,215
647000,2587.9999999664496,-1471962.483070815,286216.3728957639,-1185746.110175051,300.3897748202237,1237.2307821423828,0.9216012436914336,215
648000,2591.999999966355,-1474014.6269350657,287714.22464606195,-1186300.4022890038,301.96180001722377,1237.2307821423828,0.9216012436914336,215
649000,2595.9999999662605,-1474403.5324843256,287038.89653802523,-1187364.6359463003,301.25302973881344,1237.2307821423828,0.9216012436914336,215
650000,2599.999999966166,-1473799.3464100678,287002.74097939726,-1186796.6054306705,301.21508376107334,1237.2307821423828,0.9216012436914336,215
651000,2603.9999999660713,-1476410.0561577594,288071.9321671799,-1188338.1239905795,302.33722117371804,1237.2307821423828,0.9216012436914336,215
652000,2607.9999999659767,-1474151.4815668967,284563.5448684946,-1189587.936698402,298.65509893881006,1237.2307821423828,0.9216012436914336,215
653000,2611.999999965882,-1474538.425983362,286698.9459390028,-1187839.480044359,300.89624482515813,1237.2307821423828,0.9216012436914336,215
654000,2615.9999999657875,-1474087.1045785733,285472.0839520842,-1188615.020626489,299.60862877350695,1237.2307821423828,0.9216012436914336,215
655000,2619.999999965693,-1473859.7973206127,286700.5512684505,-1187159.2460521623,300.8979296503358,1237.2307821423828,0.9216012436914336,215
656000,2623.9999999655984,-1473480.1893410655,286588.27733529557,-1186891.91200577,300.78009592490156,1237.2307821423828,0.9216012436914336,215
657000,2627.999999965504,-1472768.703885655,286174.3950261063,-1186594.3088595485,300.34571821128026,1237.2307821423828,0.9216012436914336,215
658000,2631.999999965409,-1476451.1975306766,284944.24419161095,-1191506.9533390657,299.05465044869794,1237.2307821423828,0.9216012436914336,215
659000,2635.9999999653146,-1473747.1915625222,286513.4807887557,-1187233.7107737665,300.70159546196464,1237.2307821423828,0.9216012436914336,215
660000,2639.99999996522,-1473199.6165976506,285376.7865295143,-1187822.8300681363,299.5086122335128,1237.2307821423828,0.9216012436914336,215
661000,2643.9999999651254,-1473821.5781294722,287675.2804557006,-1186146.2976737716,301.92092731502703,1237.2307821423828,0.9216012436914336,215
662000,2647.999999965031,-1474486.7324296795,287031.1558745698,-1187455.5765551096,301.24490575859244,1237.2307821423828,0.9216012436914336,215
663000,2651.9999999649363,-1474610.83739861,287081.2916227536,-1187529.5457758564,301.2975242232701,1237.2307821423828,0.9216012436914336,215
664000,2655.9999999648417,-1473801.298577033,285809.1153035291,-1187992.183273504,299.96234987877983,1237.2307821423828,0.9216012436914336,215
665000,2659.999999964747,-1474810.0342039233,287361.1571747113,-1187448.877029212,301.5912486852285,1237.2307821423828,0.9216012436914336,215
666000,2663.9999999646525,-1473180.6302260645,287469.38318623684,-1185711.2470398275,301.7048340364191,1237.2307821423828,0.9216012436914336,215
667000,2667.999999964558,-1473880.020737052,286851.2252724444,-1187028.7954646074,301.0560650137082,1237.2307821423828,0.9216012436914336,215
668000,2671.9999999644633,-1472601.2093782714,285885.4604829833,-1186715.748895288,300.0424756627553,1237.2307821423828,0.9216012436914336,215
669000,2675.9999999643687,-1473859.337761484,286551.65359387523,-1187307.6841676089,300.74165858001095,1237.2307821423828,0.9216012436914336,215
670000,2679.999999964274,-1473129.3834810862,285702.61695565155,-1187426.7665254348,299.8505777449428,1237.2307821423828,0.9216012436914336,215
671000,2683.9999999641796,-1473444.6380686173,287039.38856757985,-1186405.2495010374,301.25354613361515,1237.2307821423828,0.9216012436914336,215
672000,2687.999999964085,-1473837.2484267512,286615.1300359954,-1187222.1183907557,300.808278368257,1237.2307821423828,0.9216012436914336,215
673000,2691.9999999639904,-1472713.2089331048,286312.8991403079,-1186400.3097927968,300.4910810333151,1237.2307821423828,0.9216012436914336,215
674000,2695.999999963896,-1474229.0692033553,287007.57162912225,-1187221.497574233,301.2201536240181,1237.2307821423828,0.9216012436914336,215
675000,2699.999999963801,-1471963.2652178258,286299.2187165229,-1185664.0465013029,300.47672315651494,1237.2307821423828,0.9216012436914336,215
676000,2703.9999999637066,-1472483.1622811602,286185.75606811745,-1186297.4062130428,300.3576418507874,1237.2307821423828,0.9216012436914336,215
677000,2707.999999963612,-1475065.8624770641,286839.15527555125,-1188226.707201513,301.04339731195466,1237.2307821423828,0.9216012436914336,215
678000,2711.9999999635174,-1474078.320863708,287127.1352007057,-1186951.185663002,301.34563796993893,1237.2307821423828,0.9216012436914336,215
679000,2715.999999963423,-1474502.3336531175,287538.96961788816,-1186963.3640352294,301.77786638017636,1237.2307821423828,0.9216012436914336,215
680000,2719.9999999633283,-1473476.7243721401,285885.70004471607,-1187591.0243274241,300.0427270875575,1237.2307821423828,0.9216012436914336,215
681000,2723.9999999632337,-1470826.0217677718,286383.3498240008,-1184442.671943771,300.5650204267758,1237.2307821423828,0.9216012436914336,215
682000,2727.999999963139,-1473760.151363695,287572.38430996856,-1186187.7670537266,301.8129357639722,1237.2307821423828,0.9216012436914336,215
683000,2731.9999999630445,-1474196.557108149,287213.1900256481,-1186983.3670825008,301.4359542199323,1237.2307821423828,0.9216012436914336,215
684000,2735.99999996295,-1472416.1110252505,287053.52244915254,-1185362.588576098,301.26837992338056,1237.2307821423828,0.9216012436914336,215
685000,2739.9999999628553,-1473360.3818833586,286307.180291509,-1187053.2015918496,300.48507898778024,1237.2307821423828,0.9216012436914336,215
686000,2743.9999999627607,-1473868.6029222384,287105.3021051486,-1186763.3008170899,301.3227237019966,1237.2307821423828,0.9216012436914336,215
687000,2747.999999962666,-1474265.467224449,287230.4901385967,-1187034.9770858523,301.4541110324878,1237.2307821423828,0.9216012436914336,215
688000,2751.9999999625716,-1475739.3778840816,287732.48906409787,-1188006.8888199837,301.98096888714383,1237.2307821423828,0.9216012436914336,215
689000,2755.999999962477,-1473272.6642406639,284989.86122493463,-1188282.8030157292,299.1025264322744,1237.2307821423828,0.9216012436914336,215
690000,2759.9999999623824,-1474997.2462233305,288188.0140319583,-1186809.2321913722,302.4590513991126,1237.2307821423828,0.9216012436914336,215
691000,2763.999999962288,-1471110.209432765,287397.3451841881,-1183712.8642485768,301.6292287207798,1237.2307821423828,0.9216012436914336,215
692000,2767.999999962193,-1472061.6221055584,286457.6618669896,-1185603.9602385687,300.6430123936014,1237.2307821423828,0.9216012436914336,215
693000,2771.9999999620986,-1474596.4503329769,286964.42431856756,-1187632.0260144093,301.17486966359866,1237.2307821423828,0.9216012436914336,215
694000,2775.999999962004,-1473916.177567958,287018.12393472285,-1186898.053633235,301.23122847858053,1237.2307821423828,0.9216012436914336,215
695000,2779.9999999619095,-1473974.127947691,288418.4067670112,-1185555.7211806797,302.70085315595327,1237.2307821423828,0.9216012436914336,215
696000,2783.999999961815,-1472373.5063615404,286959.2254564302,-1185414.2809051103,301.16941335440515,1237.2307821423828,0.9216012436914336,215
697000,2787.9999999617203,-1474177.6785089439,285974.97913743916,-1188202.6993715046,300.13642727070186,1237.2307821423828,0.9216012436914336,215
698000,2791.9999999616257,-1473910.129193768,286324.8630609097,-1187585.266132858,300.5036374058914,1237.2307821423828,0.9216012436914336,215
699000,2795.999999961531,-1475318.4785339432,287526.4989224315,-1187791.9796115118,301.7647781373125,1237.2307821423828,0.9216012436914336,215
700000,2799.9999999614365,-1474986.0954066468,287309.77727090043,-1187676.3181357463,301.5373244544801,1237.2307821423828,0.9216012436914336,215
701000,2803.999999961342,-1474287.0053394092,286564.42202214664,-1187722.5833172626,300.7550592993844,1237.2307821423828,0.9216012436914336,215
702000,2807.9999999612473,-1476065.3493901435,286956.0881119217,-1189109.2612782218,301.16612064895673,1237.2307821423828,0.9216012436914336,215
703000,2811.9999999611528,-1473435.3393421192,286183.5995628053,-1187251.7397793138,300.3553785555798,1237.2307821423828,0.9216012436914336,215
704000,2815.999999961058,-1474089.7261217432,286271.0671585612,-1187818.658963182,300.44717753663514,1237.2307821423828,0.9216012436914336,215
705000,2819.9999999609636,-1472833.039133313,286965.2407980379,-1185867.7983352751,301.1757265750386,1237.2307821423828,0.9216012436914336,215
706000,2823.999999960869,-1474981.8516029464,287586.4437244288,-1187395.4078785176,301.8276913990223,1237.2307821423828,0.9216012436914336,215
707000,2827.9999999607744,-1473425.8631674005,287553.20520724374,-1185872.6579601567,301.7928069142824,1237.2307821423828,0.9216012436914336,215
708000,2831.99999996068,-1475169.1624524547,286250.8703816574,-1188918.2920707972,300.42598061765784,1237.2307821423828,0.9216012436914336,215
709000,2835.9999999605852,-1475923.9080371577,284585.44498176285,-1191338.4630553948,298.67808354317293,1237.2307821423828,0.9216012436914336,215
710000,2839.9999999604906,-1474119.9878331944,287018.50110909407,-1187101.4867241003,301.2316243305833,1237.2307821423828,0.9216012436914336,215
711000,2843.999999960396,-1472481.54422516,288080.4389977144,-1184401.1052274457,302.34614926152386,1237.2307821423828,0.9216012436914336,215
712000,2847.9999999603015,-1473351.7409352092,287917.76995657873,-1185433.9709786305,302.17542486814773,1237.2307821423828,0.9216012436914336,215
713000,2851.999999960207,-1475485.9128098143,285999.09773811884,-1189486.8150716955,300.16174022171805,1237.2307821423828,0.9216012436914336,215
714000,2855.9999999601123,-1473450.7451652223,285543.12176180497,-1187907.6234034174,299.683184367409,1237.2307821423828,0.9216012436914336,215
715000,2859.9999999600177,-1476084.2213636534,286740.17578243336,-1189344.0455812202,300.9395163657017,1237.2307821423828,0.9216012436914336,215
716000,2863.999999959923,-1472369.3968550628,287566.46946017625,-1184802.9273948865,301.8067280114972,1237.2307821423828,0.9216012436914336,215
717000,2867.9999999598285,-1475251.2610424906,285721.04716095474,-1189530.213881536,299.8699206118966,1237.2307821423828,0.9216012436914336,215
718000,2871.999999959734,-1474040.648773319,286122.29022014106,-1187918.3585531781,300.291033181306,1237.2307821423828,0.9216012436914336,215
719000,2875.9999999596394,-1474185.731646224,286140.2101796177,-1188045.5214666063,300.3098405351184,1237.2307821423828,0.9216012436914336,215
720000,2879.9999999595448,-1473236.741413652,286735.5934760299,-1186501.147937622,300.93470714401127,1237.2307821423828,0.9216012436914336,215
721000,2883.99999995945,-1475892.9688907638,287700.12231273256,-1188192.8465780313,301.94699933796704,1237.2307821423828,0.9216012436914336,215
722000,2887.9999999593556,-1477340.6199185336,287269.24573498877,-1190071.374183545,301.4947858015636,1237.2307821423828,0.9216012436914336,215
723000,2891.999999959261,-1476542.7797845257,287306.6310005824,-1189236.1487839434,301.53402238121714,1237.2307821423828,0.9216012436914336,215
724000,2895.9999999591664,-1473937.1889440622,286426.808082988,-1187510.3808610742,300.6106307337585,1237.2307821423828,0.9216012436914336,215
725000,2899.999999959072,-1472636.5302060824,286660.7542493327,-1185975.7759567497,300.8561618874005,1237.2307821423828,0.9216012436914336,215
726000,2903.9999999589772,-1472631.5387487411,287591.29720370757,-1185040.2415450336,301.83278522203767,1237.2307821423828,0.9216012436914336,215
727000,2907.9999999588827,-1473756.4393090345,286515.40273302177,-1187241.0365760126,300.7036125806901,1237.2307821423828,0.9216012436914336,215
728000,2911.999999958788,-1475987.757149076,287607.940068786,-1188379.81708029,301.85025223988396,1237.2307821423828,0.9216012436914336,215
729000,2915.9999999586935,-1472617.9870435847,288168.9591205159,-1184449.0279230687,302.4390528906433,1237.2307821423828,0.9216012436914336,215
730000,2919.999999958599,-1477038.1862692107,287090.6588181559,-1189947.5274510547,301.3073552811132,1237.2307821423828,0.9216012436914336,215
731000,2923.9999999585043,-1473242.1921323342,285528.18419771676,-1187714.0079346173,299.66750709686227,1237.2307821423828,0.9216012436914336,215
732000,2927.9999999584097,-1474943.6942401798,286587.9137688334,-1188355.7804713463,300.77971435466986,1237.2307821423828,0.9216012436914336,215
733000,2931.999999958315,-1474167.1091946857,287081.48341546516,-1187085.6257792206,301.2977255135347,1237.2307821423828,0.9216012436914336,215
734000,2935.9999999582205,-1473742.2752611423,286185.40244729596,-1187556.8728138465,300.35727071870343,1237.2307821423828,0.9216012436914336,215
735000,2939.999999958126,-1474419.8185113156,287886.38528670603,-1186533.4332246096,302.1424860330263,1237.2307821423828,0.9216012436914336,215
736000,2943.9999999580314,-1474153.0721692154,286170.3959971143,-1187982.6761721012,300.34152115083174,1237.2307821423828,0.9216012436914336,215
737000,2947.999999957937,-1476407.881405782,287353.9821542068,-1189053.899251575,301.58371835853245,1237.2307821423828,0.9216012436914336,215
738000,2951.999999957842,-1474657.312066312,287693.3699760443,-1186963.9420902678,301.93991262634125,1237.2307821423828,0.9216012436914336,215
739000,2955.9999999577476,-1476169.0777106434,286779.7822149554,-1189389.295495688,300.9810841042149,1237.2307821423828,0.9216012436914336,215
740000,2959.999999957653,-1475075.8687019376,287458.80486055557,-1187617.063841382,301.6937318732646,1237.2307821423828,0.9216012436914336,215
741000,2963.9999999575584,-1473935.3149517756,287525.0736290626,-1186410.241322713,301.76328226357964,1237.2307821423828,0.9216012436914336,215
742000,2967.999999957464,-1475489.6843563942,285735.44242159335,-1189754.241934801,299.8850287241893,1237.2307821423828,0.9216012436914336,215
743000,2971.9999999573693,-1475117.884466784,287278.62793931685,-1187839.2565274672,301.5046326115728,1237.2307821423828,0.9216012436914336,215
744000,2975.9999999572747,-1475375.532929466,285551.4201937243,-1189824.1127357418,299.69189373672424,1237.2307821423828,0.9216012436914336,215
745000,2979.99999995718,-1474751.5324823149,286174.80932800996,-1188576.723154305,300.34615302936663,1237.2307821423828,0.9216012436914336,215
746000,2983.9999999570855,-1475076.3003212437,288861.6625400536,-1186214.6377811902,303.1660589039852,1237.2307821423828,0.9216012436914336,215
747000,2987.999999956991,-1474040.8169682762,286976.0666046803,-1187064.7503635958,301.187088474383,1237.2307821423828,0.9216012436914336,215
748000,2991.9999999568963,-1475567.0851719836,286158.77120959654,-1189408.313962387,300.32932070517074,1237.2307821423828,0.9216012436914336,215
749000,2995.9999999568017,-1475789.6511571445,286485.36852258944,-1189304.282634555,300.6720910796055,1237.2307821423828,0.9216012436914336,215
750000,2999.999999956707,-1473412.0739461165,285668.70522124344,-1187743.368724873,299.8149867053403,1237.2307821423828,0.9216012436914336,215
751000,3003.9999999566126,-1474910.9178156052,286158.434609259,-1188752.4832063462,300.32896743642317,1237.2307821423828,0.9216012436914336,215
752000,3007.999999956518,-1475297.2207922284,286600.88459562964,-1188696.3361965986,300.7933274953199,1237.2307821423828,0.9216012436914336,215
753000,3011.9999999564234,-1476618.7430677386,286629.33533044567,-1189989.4077372928,300.82318710725747,1237.2307821423828,0.9216012436914336,215
754000,3015.999999956329,-1474885.4793969207,286129.44317804044,-1188756.0362188802,300.2985403528592,1237.2307821423828,0.9216012436914336,215
755000,3019.999999956234,-1474697.0062321322,286259.6351248048,-1188437.3711073273,300.43517938987964,1237.2307821423828,0.9216012436914336,215
756000,3023.9999999561396,-1473847.8891288294,287881.4555373003,-1185966.433591529,302.137312162996,1237.2307821423828,0.9216012436914336,215
757000,3027.999999956045,-1477307.8274883889,286403.0945556951,-1190904.7329326938,300.5857429153166,1237.2307821423828,0.9216012436914336,215
758000,3031.9999999559504,-1473841.0139225358,287031.82144005666,-1186809.1924824791,301.24560428280586,1237.2307821423828,0.9216012436914336,215
759000,3035.999999955856,-1476230.0050990852,286644.7996880956,-1189585.2054109895,300.8394172581227,1237.2307821423828,0.9216012436914336,215
760000,3039.9999999557613,-1474813.0232376298,286782.6627353871,-1188030.3605022426,300.98410726768765,1237.2307821423828,0.9216012436914336,215
761000,3043.9999999556667,-1475207.3114269534,287574.05427244416,-1187633.2571545092,301.8146884227978,1237.2307821423828,0.9216012436914336,215
762000,3047.999999955572,-1473702.4650242943,286421.9547331182,-1187280.5102911761,300.60553704656036,1237.2307821423828,0.9216012436914336,215
763000,3051.9999999554775,-1477094.7372697042,285562.1490543734,-1191532.5882153308,299.7031538893209,1237.2307821423828,0.9216012436914336,215
764000,3055.999999955383,-1474969.7830787273,287697.70322764985,-1187272.0798510774,301.9444604600688,1237.2307821423828,0.9216012436914336,215
765000,3059.9999999552883,-1475682.4671005867,286588.5510730344,-1189093.9160275524,300.7803832181018,1237.2307821423828,0.9216012436914336,215
766000,3063.9999999551937,-1473769.991051172,287020.02093144704,-1186749.970119725,301.2332194143647,1237.2307821423828,0.9216012436914336,215
767000,3067.999999955099,-1474640.3296385286,287121.659835283,-1187518.6698032457,301.33989146504916,1237.2307821423828,0.9216012436914336,215
768000,3071.9999999550046,-1475647.4389117593,286923.0997429441,-1188724.3391688152,301.13149869973495,1237.2307821423828,0.9216012436914336,215
769000,3075.99999995491,-1473177.1107192608,288012.02279972506,-1185165.0879195356,302.2743451012652,1237.2307821423828,0.9216012436914336,215
770000,3079.9999999548154,-1474669.407178035,285941.6400404389,-1188727.7671375962,300.1014372254459,1237.2307821423828,0.9216012436914336,215
771000,3083.999999954721,-1474272.1075683217,286490.60978478694,-1187781.4977835347,300.6775918885052,1237.2307821423828,0.9216012436914336,215
772000,3087.999999954626,-1475362.4901222326,286542.3739103873,-1188820.1162118453,300.7319193676621,1237.2307821423828,0.9216012436914336,215
773000,3091.9999999545316,-1473682.556983281,287736.20601144014,-1185946.3509718408,301.98486989729173,1237.2307821423828,0.9216012436914336,215
774000,3095.999999954437,-1476157.401295106,286607.91872295126,-1189549.4825721546,300.8007099518188,1237.2307821423828,0.9216012436914336,215
775000,3099.9999999543425,-1473628.5295947827,286019.3479377363,-1187609.1816570465,300.1829932088956,1237.2307821423828,0.9216012436914336,215
776000,3103.999999954248,-1473857.9774206597,288550.28777520306,-1185307.6896454566,302.83926489652913,1237.2307821423828,0.9216012436914336,215
777000,3107.9999999541533,-1474582.6569593158,286308.9257053755,-1188273.7312539401,300.486910834341,1237.2307821423828,0.9216012436914336,215
778000,3111.9999999540587,-1473796.4585334426,286869.7985678942,-1186926.6599655484,301.07555805661616,1237.2307821423828,0.9216012436914336,215
779000,3115.999999953964,-1476655.3395948159,287577.9912441735,-1189077.3483506422,301.81882035291517,1237.2307821423828,0.9216012436914336,215
780000,3119.9999999538695,-1473774.4862142913,287339.26892977307,-1186435.2172845183,301.568276536914,1237.2307821423828,0.9216012436914336,215
781000,3123.999999953775,-1471957.1794626163,287223.354548712,-1184733.8249139043,301.44662208901127,1237.2307821423828,0.9216012436914336,215
782000,3127.9999999536803,-1473942.2625941886,286653.9016099954,-1187288.3609841932,300.84896990615,1237.2307821423828,0.9216012436914336,215
783000,3131.9999999535858,-1475937.5479943473,286668.02673140337,-1189269.521262944,300.86379450194835,1237.2307821423828,0.9216012436914336,215
784000,3135.999999953491,-1474866.7341809832,284873.6163149626,-1189993.1178660206,298.98052508770695,1237.2307821423828,0.9216012436914336,215
785000,3139.9999999533966,-1475951.7987485416,286661.31500360346,-1189290.4837449382,300.8567504101584,1237.2307821423828,0.9216012436914336,215
786000,3143.999999953302,-1474237.994684795,287055.95449921174,-1187182.0401855833,301.27093240827946,1237.2307821423828,0.9216012436914336,215
787000,3147.9999999532074,-1474875.9939493062,285304.9686437503,-1189571.025305556,299.4332379342914,1237.2307821423828,0.9216012436914336,215
788000,3151.999999953113,-1476066.739894119,286201.60454658733,-1189865.1353475316,300.3742751440915,1237.2307821423828,0.9216012436914336,215
789000,3155.9999999530182,-1474064.3358382275,286965.52323197894,-1187098.8126062485,301.176022995076,1237.2307821423828,0.9216012436914336,215
790000,3159.9999999529236,-1475102.7407587813,286478.294174657,-1188624.4465841244,300.6646664107757,1237.2307821423828,0.9216012436914336,215
791000,3163.999999952829,-1473864.0657270607,287516.2752928842,-1186347.7904341766,301.75404823480386,1237.2307821423828,0.9216012436914336,215
792000,3167.9999999527345,-1474692.869444727,287006.90199797193,-1187685.9674467552,301.2194508328101,1237.2307821423828,0.9216012436914336,215
793000,3171.99999995264,-1473718.2128456533,287298.3638503438,-1186419.8489953096,301.5253458426478,1237.2307821423828,0.9216012436914336,215
794000,3175.9999999525453,-1474534.8805419113,288122.66705287766,-1186412.2134890337,302.3904684451305,1237.2307821423828,0.9216012436914336,215
795000,3179.9999999524507,-1474904.1046783393,287138.36717783974,-1187765.7375004995,301.3574261532911,1237.2307821423828,0.9216012436914336,215
796000,3183.999999952356,-1473660.3999049962,287094.3134772336,-1186566.0864277626,301.3111909184888,1237.2307821423828,0.9216012436914336,215
797000,3187.9999999522615,-1473485.5904503847,288162.28766317875,-1185323.302787206,302.4320510635048,1237.2307821423828,0.9216012436914336,215
798000,3191.999999952167,-1473693.1532405987,285651.588025555,-1188041.5652150437,299.79702186808663,1237.2307821423828,0.9216012436914336,215
799000,3195.9999999520724,-1475575.071062454,286714.6034248113,-1188860.4676376428,300.91267766786626,1237.2307821423828,0.9216012436914336,215
800000,3199.9999999519778,-1474735.3802019292,286807.8522744068,-1187927.5279275225,301.01054418978754,1237.2307821423828,0.9216012436914336,215
801000,3203.999999951883,-1473812.8440636871,286267.4318129859,-1187545.4122507013,300.44336216916435,1237.2307821423828,0.9216012436914336,215
802000,3207.9999999517886,-1475073.4956896212,288004.6763926925,-1187068.8192969286,302.26663490099986,1237.2307821423828,0.9216012436914336,215
803000,3211.999999951694,-1475362.9207045278,286137.22687278537,-1189225.6938317423,300.3067094952743,1237.2307821423828,0.9216012436914336,215
804000,3215.9999999515994,-1476503.7745967498,285590.1312948671,-1190913.6433018828,299.7325218071511,1237.2307821423828,0.9216012436914336,215
805000,3219.999999951505,-1472743.4969252544,288220.75666281057,-1184522.7402624437,302.4934154412854,1237.2307821423828,0.9216012436914336,215
806000,3223.9999999514102,-1475131.6181775443,286164.0740909601,-1188967.5440865844,300.3348861846106,1237.2307821423828,0.9216012436914336,215
807000,3227.9999999513157,-1475862.631646826,288521.22692757734,-1187341.4047192486,302.8087649590655,1237.2307821423828,0.9216012436914336,215
808000,3231.999999951221,-1475400.49870456,286111.75738799607,-1189288.741316564,300.27997876452247,1237.2307821423828,0.9216012436914336,215
809000,3235.9999999511265,-1475238.8346210476,289210.8251743965,-1186028.0094466512,303.53251203189234,1237.2307821423828,0.9216012436914336,215
810000,3239.999999951032,-1473686.9943770822,287695.02136287634,-1185991.973014206,301.9416457896596,1237.2307821423828,0.9216012436914336,215
811000,3243.9999999509373,-1476603.337759669,285153.0816345039,-1191450.2561251651,299.2738294977857,1237.2307821423828,0.9216012436914336,215
812000,3247.9999999508427,-1475762.6417989284,287903.86743224965,-1187858.7743666787,302.16083389241004,1237.2307821423828,0.9216012436914336,215
813000,3251.999999950748,-1475317.131096662,288147.1641016186,-1187169.9669950434,302.41617858491253,1237.2307821423828,0.9216012436914336,215
814000,3255.9999999506535,-1474630.8833399909,286286.12437958503,-1188344.7589604058,300.4629803895153,1237.2307821423828,0.9216012436914336,215
815000,3259.999999950559,-1474962.236540379,285929.0408652438,-1189033.1956751351,300.0882141405417,1237.2307821423828,0.9216012436914336,215
816000,3263.9999999504644,-1475381.1089114128,287215.91177005204,-1188165.1971413607,301.43881074480663,1237.2307821423828,0.9216012436914336,215
817000,3267.99999995037,-1472738.3337453948,286951.64014709136,-1185786.6935983035,301.16145242141874,1237.2307821423828,0.9216012436914336,215
818000,3271.999999950275,-1474278.0834241435,288129.2597950651,-1186148.8236290785,302.39738765915416,1237.2307821423828,0.9216012436914336,215
819000,3275.9999999501806,-1475474.330443279,288537.393156335,-1186936.937286944,302.8257317376152,1237.2307821423828,0.9216012436914336,215
820000,3279.999999950086,-1473451.4995996086,285671.4342978564,-1187780.0653017522,299.8178509255138,1237.2307821423828,0.9216012436914336,215
821000,3283.9999999499914,-1471971.1559640672,285859.957057812,-1186111.1989062552,300.0157093108976,1237.2307821423828,0.9216012436914336,215
822000,3287.999999949897,-1473237.810550077,287392.04312044656,-1185845.7674296303,301.62366409945054,1237.2307821423828,0.9216012436914336,215
823000,3291.9999999498023,-1473187.9253303986,286147.960705354,-1187039.9646250447,300.3179748659993,1237.2307821423828,0.9216012436914336,215
824000,3295.9999999497077,-1474036.2508866014,286972.39426430844,-1187063.856622293,301.1832342801375,1237.2307821423828,0.9216012436914336,215
825000,3299.999999949613,-1473657.0292025479,286896.39023311465,-1186760.6389694333,301.10346653804527,1237.2307821423828,0.9216012436914336,215
826000,3303.9999999495185,-1475130.6062372467,287837.5906983626,-1187293.015538884,302.0912751422704,1237.2307821423828,0.9216012436914336,215
827000,3307.999999949424,-1473500.4532364383,285506.9646954802,-1187993.4885409581,299.64523680731116,1237.2307821423828,0.9216012436914336,215
828000,3311.9999999493293,-1473721.2849982623,286465.4719000716,-1187255.8130981908,300.6512091786249,1237.2307821423828,0.9216012436914336,215
829000,3315.9999999492347,-1474007.1567143798,285573.5248593701,-1188433.6318550096,299.7150930228749,1237.2307821423828,0.9216012436914336,215
830000,3319.99999994914,-1474109.9615133582,286697.5786214162,-1187412.382891942,300.89480979816165,1237.2307821423828,0.9216012436914336,215
831000,3323.9999999490456,-1473442.1678112475,287330.5244149226,-1186111.643396325,301.55909899469214,1237.2307821423828,0.9216012436914336,215
832000,3327.999999948951,-1475190.9093143167,286567.91252412956,-1188622.9967901872,300.75872265062475,1237.2307821423828,0.9216012436914336,215
833000,3331.9999999488564,-1473917.951568827,287039.0590781279,-1186878.8924906992,301.2532003278834,1237.2307821423828,0.9216012436914336,215
834000,3335.999999948762,-1473547.5555918273,286497.6591941656,-1187049.8963976617,300.68499038382697,1237.2307821423828,0.9216012436914336,215
835000,3339.999999948667,-1475294.3916400047,287853.2123825407,-1187441.1792574641,302.10767041045534,1237.2307821423828,0.9216012436914336,215
836000,3343.9999999485726,-1474950.7032239782,288501.63306982437,-1186449.0701541537,302.78820081572627,1237.2307821423828,0.9216012436914336,215
837000,3347.999999948478,-1472990.5246022688,287335.57906657783,-1185654.945535691,301.564403952117,1237.2307821423828,0.9216012436914336,215
838000,3351.9999999483834,-1472993.6826162785,286887.79176790296,-1186105.8908483756,301.09444227782353,1237.2307821423828,0.9216012436914336,215
839000,3355.999999948289,-1471268.7096511638,286190.6196042291,-1185078.0900469348,300.362746228649,1237.2307821423828,0.9216012436914336,215
840000,3359.9999999481943,-1473999.517906825,287230.04303266807,-1186769.474874157,301.45364178592496,1237.2307821423828,0.9216012436914336,215
841000,3363.9999999480997,-1472963.9004100244,286987.31051717047,-1185976.589892854,301.19888918412875,1237.2307821423828,0.9216012436914336,215
842000,3367.999999948005,-1473208.9328998253,287560.81841029355,-1185648.1144895316,301.80079712227314,1237.2307821423828,0.9216012436914336,215
843000,3371.9999999479105,-1474445.0665855082,286483.5780647086,-1187961.4885207997,300.6702119584559,1237.2307821423828,0.9216012436914336,215
844000,3375.999999947816,-1474823.7714690333,286402.79268363665,-1188420.9787853966,300.5854260945885,1237.2307821423828,0.9216012436914336,215
845000,3379.9999999477213,-1475329.260775107,286491.15984513494,-1188838.100929972,300.6781691877785,1237.2307821423828,0.9216012436914336,215
846000,3383.9999999476267,-1472822.0608186321,287294.81255522574,-1185527.2482634063,301.5216186878033,1237.2307821423828,0.9216012436914336,215
847000,3387.999999947532,-1475464.3823707663,287166.01858521043,-1188298.3637855558,301.38644685518,1237.2307821423828,0.9216012436914336,215
848000,3391.9999999474376,-1475254.5079516424,287211.7892106806,-1188042.7187409617,301.4344840367684,1237.2307821423828,0.9216012436914336,215
849000,3395.999999947343,-1471882.0248808684,285535.79631419585,-1186346.2285666727,299.67549616447536,1237.2307821423828,0.9216012436914336,215
850000,3399.9999999472484,-1473427.7989735287,287326.83158950316,-1186100.9673840255,301.55522330098194,1237.2307821423828,0.9216012436914336,215
851000,3403.999999947154,-1475041.1453086548,286546.76873563597,-1188494.3765730187,300.7365318241525,1237.2307821423828,0.9216012436914336,215
852000,3407.999999947059,-1474939.0812544208,287750.69670124794,-1187188.3845531729,302.0000781643951,1237.2307821423828,0.9216012436914336,215
853000,3411.9999999469646,-1473772.9386872891,287531.15198608564,-1186241.7867012036,301.7696616201446,1237.2307821423828,0.9216012436914336,215
854000,3415.99999994687,-1475288.6064544283,285827.54215303867,-1189461.0643013897,299.9816892237615,1237.2307821423828,0.9216012436914336,215
855000,3419.9999999467755,-1474035.5331410645,284793.5617417881,-1189241.9713992763,298.89650622126015,1237.2307821423828,0.9216012436914336,215
856000,3423.999999946681,-1472430.750872626,287997.1259811196,-1184433.6248915065,302.2587105939127,1237.2307821423828,0.9216012436914336,215
857000,3427.9999999465863,-1474293.8154517906,288559.96450665034,-1185733.8509451402,302.8494208186067,1237.2307821423828,0.9216012436914336,215
858000,3431.9999999464917,-1473634.3733546278,286037.2388733025,-1187597.1344813253,300.2017701015369,1237.2307821423828,0.9216012436914336,215
859000,3435.999999946397,-1474210.326801042,286864.13047972554,-1187346.1963213165,301.06960928537217,1237.2307821423828,0.9216012436914336,215
860000,3439.9999999463025,-1474203.2531974,286709.92834262457,-1187493.3248547753,300.90777107614633,1237.2307821423828,0.9216012436914336,215
861000,3443.999999946208,-1474361.3682735637,285742.6817865992,-1188618.6864869646,299.89262658171907,1237.2307821423828,0.9216012436914336,215
862000,3447.9999999461133,-1474495.161622977,285075.4860748438,-1189419.675548133,299.1923914149202,1237.2307821423828,0.9216012436914336,215
863000,3451.9999999460188,-1474364.6553597208,286087.8759468789,-1188276.779412842,300.25491471718306,1237.2307821423828,0.9216012436914336,215
864000,3455.999999945924,-1474569.4490764448,285516.76063542964,-1189052.6884410153,299.65551784108226,1237.2307821423828,0.9216012436914336,215
865000,3459.9999999458296,-1473465.4667809736,286939.7204080268,-1186525.7463729468,301.14894241824425,1237.2307821423828,0.9216012436914336,215
866000,3463.999999945735,-1475340.8836438004,287454.0342744311,-1187886.8493693692,301.688725048263,1237.2307821423828,0.9216012436914336,215
867000,3467.9999999456404,-1473399.2984492742,286396.372289003,-1187002.9261602713,300.5786877627498,1237.2307821423828,0.9216012436914336,215
868000,3471.999999945546,-1473746.5338825006,287223.03729092004,-1186523.4965915806,301.4462891206499,1237.2307821423828,0.9216012436914336,215
869000,3475.9999999454512,-1477385.0961737856,286770.50241572945,-1190614.5937580562,300.97134477039674,1237.2307821423828,0.9216012436914336,215
870000,3479.9999999453566,-1475711.0106146764,288066.4458746545,-1187644.564740022,302.3314632006167,1237.2307821423828,0.9216012436914336,215
871000,3483.999999945262,-1475014.9140821835,286298.2706323009,-1188716.6434498825,300.47572812327104,1237.2307821423828,0.9216012436914336,215
872000,3487.9999999451675,-1474432.874403135,287109.41911972367,-1187323.4552834113,301.3270445906607,1237.2307821423828,0.9216012436914336,215
873000,3491.999999945073,-1472445.4875246845,286923.89842820406,-1185521.5890964805,301.13233693579724,1237.2307821423828,0.9216012436914336,215
874000,3495.9999999449783,-1476233.8323728675,287767.56508305785,-1188466.2672898096,302.01778186653553,1237.2307821423828,0.9216012436914336,215
875000,3499.9999999448837,-1475532.7990389261,286487.02911425405,-1189045.769924672,300.67383390357867,1237.2307821423828,0.9216012436914336,215
876000,3503.999999944789,-1474272.3696380388,287923.4751906935,-1186348.8944473453,302.1814126248008,1237.2307821423828,0.9216012436914336,215
877000,3507.9999999446945,-1472968.208370138,287522.9764675584,-1185445.2319025795,301.76108125087853,1237.2307821423828,0.9216012436914336,215
878000,3511.9999999446,-1478298.0646445416,286179.34245925496,-1192118.7221852867,300.35091064075044,1237.2307821423828,0.9216012436914336,215
879000,3515.9999999445054,-1473722.8887282936,285626.2453657131,-1188096.6433625806,299.7704242426391,1237.2307821423828,0.9216012436914336,215
880000,3519.999999944411,-1473098.0662566992,286966.93223124335,-1186131.134025456,301.1775017678222,1237.2307821423828,0.9216012436914336,215
881000,3523.999999944316,-1473722.6343786465,288279.04750302585,-1185443.5868756208,302.5545928372156,1237.2307821423828,0.9216012436914336,215
882000,3527.9999999442216,-1473751.4056635825,288310.36611599446,-1185441.039547588,302.5874623443026,1237.2307821423828,0.9216012436914336,215
883000,3531.999999944127,-1472508.0467092413,285881.3615998272,-1186626.6851094142,300.03817380337586,1237.2307821423828,0.9216012436914336,215
884000,3535.9999999440324,-1473363.8242233265,286220.52819343715,-1187143.2960298895,300.3941358877606,1237.2307821423828,0.9216012436914336,215
885000,3539.999999943938,-1474434.6314318152,287458.56176197215,-1186976.0696698432,301.69347673646723,1237.2307821423828,0.9216012436914336,214
886000,3543.9999999438432,-1473104.9798635636,286171.5489264888,-1186933.4309370748,300.3427311731365,1237.2307821423828,0.9216012436914336,215
887000,3547.9999999437487,-1473205.7494462654,287128.2931184105,-1186077.456327855,301.34685322759555,1237.2307821423828,0.9216012436914336,215
888000,3551.999999943654,-1475624.4833355108,287202.4843572467,-1188421.9989782642,301.42471840806087,1237.2307821423828,0.9216012436914336,215
889000,3555.9999999435595,-1474950.3614165364,286711.15935217583,-1188239.2020643605,300.9090630451493,1237.2307821423828,0.9216012436914336,215
890000,3559.999999943465,-1476594.2954407139,286358.22917025775,-1190236.0662704562,300.5386558011436,1237.2307821423828,0.9216012436914336,214
891000,3563.9999999433703,-1474070.7336574923,286959.6897619853,-1187111.043895507,301.169900652318,1237.2307821423828,0.9216012436914336,214
892000,3567.9999999432757,-1475553.799180598,286492.0303423718,-1189061.7688382263,300.6790827919386,1237.2307821423828,0.9216012436914336,214
893000,3571.999999943181,-1475727.8137059025,286768.7908670699,-1188959.0228388326,300.96954846604405,1237.2307821423828,0.9216012436914336,214
894000,3575.9999999430866,-1475977.1585297808,286807.7680384814,-1189169.3904912993,301.0104557825088,1237.2307821423828,0.9216012436914336,214
895000,3579.999999942992,-1475825.0638947021,288527.0237951491,-1187298.040099553,302.8148488868539,1237.2307821423828,0.9216012436914336,214
896000,3583.9999999428974,-1476149.4661625354,286993.44171414315,-1189156.0244483922,301.2053239972716,1237.2307821423828,0.9216012436914336,214
897000,3587.999999942803,-1475613.3647757964,285716.5857907281,-1189896.7789850682,299.8652383151286,1237.2307821423828,0.9216012436914336,214
898000,3591.999999942708,-1476614.4028147645,286446.17302420264,-1190168.2297905618,300.63095462463866,1237.2307821423828,0.9216012436914336,214
899000,3595.9999999426136,-1475324.8864114843,286599.7981987309,-1188725.0882127534,300.79218730017146,1237.2307821423828,0.9216012436914336,214
900000,3599.999999942519,-1474857.3246464944,285947.5461151942,-1188909.7785313001,300.107635768345,1237.2307821423828,0.9216012436914336,214
901000,3603.9999999424244,-1474017.3506740741,286413.5359266349,-1187603.8147474392,300.5967013417466,1237.2307821423828,0.9216012436914336,214
902000,3607.99999994233,-1474301.308149984,287140.62123731384,-1187160.6869126703,301.3597918335316,1237.2307821423828,0.9216012436914336,214
903000,3611.9999999422353,-1473670.3416682724,286357.3421003609,-1187312.9995679115,300.5377248036473,1237.2307821423828,0.9216012436914336,214
904000,3615.9999999421407,-1472167.5348961093,288108.93642895995,-1184058.5984671493,302.37605788229286,1237.2307821423828,0.9216012436914336,214
905000,3619.999999942046,-1474615.8276084587,287815.83672021644,-1186799.9908882421,302.068443909624,1237.2307821423828,0.9216012436914336,214
906000,3623.9999999419515,-1475860.5842369217,287475.74602632865,-1188384.838210593,301.7115119636217,1237.2307821423828,0.9216012436914336,214
907000,3627.999999941857,-1473178.4993567262,288421.21734057594,-1184757.2820161502,302.70380290879825,1237.2307821423828,0.9216012436914336,214
908000,3631.9999999417623,-1474075.0170881534,287008.3388547673,-1187066.678233386,301.220958842589,1237.2307821423828,0.9216012436914336,214
909000,3635.9999999416677,-1475931.8497049678,286214.0503080557,-1189717.799396912,300.3873372182388,1237.2307821423828,0.9216012436914336,214
910000,3639.999999941573,-1474766.5115218218,287887.83145993075,-1186878.6800618912,302.14400382058307,1237.2307821423828,0.9216012436914336,214
911000,3643.9999999414786,-1474370.226312221,287501.7600347448,-1186868.4662774762,301.7388141827479,1237.2307821423828,0.9216012436914336,214
912000,3647.999999941384,-1473463.55695346,286508.78699605545,-1186954.7699574046,300.6966692331888,1237.2307821423828,0.9216012436914336,214
913000,3651.9999999412894,-1475513.4286659556,287212.5138007662,-1188300.9148651892,301.43524450847184,1237.2307821423828,0.9216012436914336,214
914000,3655.999999941195,-1475445.4530013893,285764.66029062634,-1189680.792710763,299.91569345874217,1237.2307821423828,0.9216012436914336,214
915000,3659.9999999411,-1475244.7167175245,286119.0674522108,-1189125.6492653135,300.28765082227784,1237.2307821423828,0.9216012436914336,214
916000,3663.9999999410056,-1473072.138534245,284681.98764756677,-1188390.1508866784,298.7794069907031,1237.2307821423828,0.9216012436914336,214
917000,3667.999999940911,-1475678.3435376678,286829.9700936215,-1188848.3734440464,301.03375728087036,1237.2307821423828,0.9216012436914336,214
918000,3671.9999999408165,-1476475.5724725248,286234.95381582214,-1190240.6186567028,300.4092758653099,1237.2307821423828,0.9216012436914336,214
919000,3675.999999940722,-1475012.7281456683,287202.27587799245,-1187810.452267676,301.4244996049378,1237.2307821423828,0.9216012436914336,214
920000,3679.9999999406273,-1474249.2453493923,285819.9117066687,-1188429.3336427235,299.97368091856333,1237.2307821423828,0.9216012436914336,214
921000,3683.9999999405327,-1476600.7916835146,286892.9435648675,-1189707.848118647,301.0998491911823,1237.2307821423828,0.9216012436914336,214
922000,3687.999999940438,-1476329.4855097039,287505.73959602066,-1188823.7459136832,301.74299081144125,1237.2307821423828,0.9216012436914336,214
923000,3691.9999999403435,-1473731.0003680056,286842.1733702886,-1186888.826997717,301.0465648623969,1237.2307821423828,0.9216012436914336,214
924000,3695.999999940249,-1472963.534894187,288814.8987262871,-1184148.6361679,303.1169793515301,1237.2307821423828,0.9216012436914336,214
925000,3699.9999999401543,-1472452.639208937,285961.4833375297,-1186491.1558714074,300.12226316033036,1237.2307821423828,0.9216012436914336,214
926000,3703.9999999400598,-1474859.4325609896,288064.99887918343,-1186794.433681806,302.32994455009606,1237.2307821423828,0.9216012436914336,214
927000,3707.999999939965,-1473738.1313101463,286360.31421894295,-1187377.8170912033,300.54084410120026,1237.2307821423828,0.9216012436914336,214
928000,3711.9999999398706,-1474727.634319949,287382.438242829,-1187345.19607712,301.6135835893961,1237.2307821423828,0.9216012436914336,214
929000,3715.999999939776,-1472829.7325254166,286294.78077015706,-1186534.9517552597,300.4720654435546,1237.2307821423828,0.9216012436914336,214
930000,3719.9999999396814,-1475008.705451359,287574.49255618255,-1187434.2128951764,301.8151484102966,1237.2307821423828,0.9216012436914336,214
931000,3723.999999939587,-1475361.7843236886,287307.92227811535,-1188053.8620455733,301.5353776026652,1237.2307821423828,0.9216012436914336,214
932000,3727.999999939492,-1475364.9383111726,287947.89909275115,-1187417.0392184216,302.20704599568415,1237.2307821423828,0.9216012436914336,214
933000,3731.9999999393976,-1475272.4425948411,286266.4111522067,-1189006.0314426343,300.4422909653805,1237.2307821423828,0.9216012436914336,214
934000,3735.999999939303,-1473536.6610299982,287465.73750064016,-1186070.923529358,301.70100781689024,1237.2307821423828,0.9216012436914336,214
935000,3739.9999999392085,-1474835.7659903094,287563.3921827913,-1187272.373807518,301.80349834768947,1237.2307821423828,0.9216012436914336,214
936000,3743.999999939114,-1473583.2056259671,286838.94577713776,-1186744.2598488294,301.04317743920376,1237.2307821423828,0.9216012436914336,214
937000,3747.9999999390193,-1471237.3738597594,287531.15845748695,-1183706.2154022725,301.7696684120089,1237.2307821423828,0.9216012436914336,214
938000,3751.9999999389247,-1472928.6884132307,285710.58250281936,-1187218.1059104113,299.8589377450918,1237.2307821423828,0.9216012436914336,214
939000,3755.99999993883,-1474489.9129661508,288161.0304037054,-1186328.8825624455,302.43073154468664,1237.2307821423828,0.9216012436914336,214
940000,3759.9999999387355,-1473482.2518203082,286648.348151135,-1186833.9036691731,300.84314144064444,1237.2307821423828,0.9216012436914336,214
941000,3763.999999938641,-1473693.4343011798,287823.8793144204,-1185869.5549867596,302.07688477216954,1237.2307821423828,0.9216012436914336,214
942000,3767.9999999385464,-1477114.9386907024,287366.3906971265,-1189748.547993576,301.5967413710729,1237.2307821423828,0.9216012436914336,214
943000,3771.9999999384518,-1472984.2084773388,286799.29652643786,-1186184.911950901,301.0015647621614,1237.2307821423828,0.9216012436914336,214
944000,3775.999999938357,-1475124.2520532822,286249.0740930243,-1188875.177960258,300.4240953770179,1237.2307821423828,0.9216012436914336,214
945000,3779.9999999382626,-1476325.2837004485,287004.7351611442,-1189320.5485393042,301.2171766944715,1237.2307821423828,0.9216012436914336,214
946000,3783.999999938168,-1474217.3264734522,286156.68018015206,-1188060.6462933002,300.3271261281883,1237.2307821423828,0.9216012436914336,214
947000,3787.9999999380734,-1474213.683989727,288120.439219986,-1186093.2447697408,302.38813029020986,1237.2307821423828,0.9216012436914336,214
948000,3791.999999937979,-1475869.8734285934,286285.8134174687,-1189584.0600111247,300.46265402859063,1237.2307821423828,0.9216012436914336,214
949000,3795.9999999378842,-1472007.2594294362,286313.3305233905,-1185693.9289060456,300.4915337784384,1237.2307821423828,0.9216012436914336,214
950000,3799.9999999377897,-1473510.7748832116,286290.2346603446,-1187220.540222867,300.4672942109062,1237.2307821423828,0.9216012436914336,214
951000,3803.999999937695,-1474454.2108600559,287214.92635286466,-1187239.2845071913,301.43777652987325,1237.2307821423828,0.9216012436914336,214
952000,3807.9999999376005,-1474053.597416914,287222.6791154649,-1186830.9183014492,301.44591320838737,1237.2307821423828,0.9216012436914336,214
953000,3811.999999937506,-1472911.810146859,286484.86755246867,-1186426.9425943904,300.67156530150186,1237.2307821423828,0.9216012436914336,214
954000,3815.9999999374113,-1472671.3499891115,287940.55752167385,-1184730.7924674377,302.19934087085005,1237.2307821423828,0.9216012436914336,214
955000,3819.9999999373167,-1474543.6701000277,286971.4155147333,-1187572.2545852945,301.1822070629958,1237.2307821423828,0.9216012436914336,214
956000,3823.999999937222,-1473379.894544267,287668.72854140535,-1185711.1660028617,301.91405095068814,1237.2307821423828,0.9216012436914336,214
957000,3827.9999999371275,-1475092.386872651,285986.62087020697,-1189105.766002444,300.14864550073975,1237.2307821423828,0.9216012436914336,214
958000,3831.999999937033,-1473985.020315771,284920.58451953717,-1189064.4357962338,299.02981915237945,1237.2307821423828,0.9216012436914336,214
959000,3835.9999999369384,-1474976.9992846036,285806.9900636268,-1189170.0092209768,299.9601193972416,1237.2307821423828,0.9216012436914336,214
960000,3839.999999936844,-1476548.701469074,286549.0348160099,-1189999.666653064,300.7389101205664,1237.2307821423828,0.9216012436914336,214
961000,3843.999999936749,-1473864.9497691207,285158.6005194383,-1188706.3492496824,299.2796216772683,1237.2307821423828,0.9216012436914336,214
962000,3847.9999999366546,-1475093.0613657562,288291.21301488957,-1186801.8483508667,302.56736078383,1237.2307821423828,0.9216012436914336,214
963000,3851.99999993656,-1474545.3323166529,286502.8075300423,-1188042.5247866106,300.6903936647052,1237.2307821423828,0.9216012436914336,214
964000,3855.9999999364654,-1475681.948647323,288081.1334718361,-1187600.815175487,302.3468781259244,1237.2307821423828,0.9216012436914336,214
965000,3859.999999936371,-1475387.7890186235,286901.7731144279,-1188486.0159041956,301.10911597902316,1237.2307821423828,0.9216012436914336,214
966000,3863.9999999362763,-1475162.8391546644,286932.1829092784,-1188230.656245386,301.1410316634232,1237.2307821423828,0.9216012436914336,214
967000,3867.9999999361817,-1475899.2396052815,287708.52032655664,-1188190.7192787249,301.9558132204715,1237.2307821423828,0.9216012436914336,214
968000,3871.999999936087,-1472123.7596748825,288148.79582085717,-1183974.9638540254,302.4178911067005,1237.2307821423828,0.9216012436914336,214
969000,3875.9999999359925,-1474867.558820852,286389.8397316554,-1188477.7190891968,300.5718317139123,1237.2307821423828,0.9216012436914336,214
970000,3879.999999935898,-1474249.2298296122,286070.1102191676,-1188179.1196104446,300.2362692326752,1237.2307821423828,0.9216012436914336,214
971000,3883.9999999358033,-1474994.2061437191,287782.7247422082,-1187211.481401511,302.03369223026647,1237.2307821423828,0.9216012436914336,214
972000,3887.9999999357087,-1473515.6247192547,286127.5711931317,-1187388.053526123,300.2965756674727,1237.2307821423828,0.9216012436914336,214
973000,3891.999999935614,-1473846.091736611,286242.7455405561,-1187603.346196055,300.4174534353581,1237.2307821423828,0.9216012436914336,214
974000,3895.9999999355196,-1472610.0761649814,287992.47308271576,-1184617.6030822657,302.25382728451416,1237.2307821423828,0.9216012436914336,214
975000,3899.999999935425,-1473026.0673138527,287875.9027994696,-1185150.164514383,302.1314844542254,1237.2307821423828,0.9216012436914336,214
976000,3903.9999999353304,-1475406.2736450275,286557.40219358116,-1188848.8714514463,300.7476918497143,1237.2307821423828,0.9216012436914336,214
977000,3907.999999935236,-1475962.2731497092,287388.6792628345,-1188573.5938868746,301.6201336639957,1237.2307821423828,0.9216012436914336,214
978000,3911.999999935141,-1475775.2545504747,287533.4877307324,-1188241.7668197423,301.77211303059806,1237.2307821423828,0.9216012436914336,214
979000,3915.9999999350466,-1475145.1880228277,287012.3576823821,-1188132.8303404455,301.22517668208593,1237.2307821423828,0.9216012436914336,214
980000,3919.999999934952,-1473046.53875513,287145.463044018,-1185901.075711112,301.36487340594783,1237.2307821423828,0.9216012436914336,214
981000,3923.9999999348574,-1475442.5557852853,286503.9194402802,-1188938.6363450051,300.6915606366104,1237.2307821423828,0.9216012436914336,214
982000,3927.999999934763,-1472971.9878432937,288013.1322437179,-1184958.8555995757,302.2755094847972,1237.2307821423828,0.9216012436914336,214
983000,3931.9999999346683,-1474741.8115716958,287576.1091276251,-1187165.7024440707,301.81684503417137,1237.2307821423828,0.9216012436914336,214
984000,3935.9999999345737,-1474707.724685221,286611.20697120077,-1188096.5177140203,300.80416103374415,1237.2307821423828,0.9216012436914336,214
985000,3939.999999934479,-1474305.429739167,287723.1936887233,-1186582.2360504437,301.97121320584796,1237.2307821423828,0.9216012436914336,214
986000,3943.9999999343845,-1473766.4121341957,286238.17696782947,-1187528.2351663662,300.41265862743455,1237.2307821423828,0.9216012436914336,214
987000,3947.99999993429,-1474214.454389207,286437.2442953338,-1187777.2100938733,300.62158374614137,1237.2307821423828,0.9216012436914336,214
988000,3951.9999999341953,-1474271.8285310287,287617.62258126226,-1186654.2059497666,301.8604142292663,1237.2307821423828,0.9216012436914336,214
989000,3955.9999999341007,-1473412.2677101009,287328.1808002803,-1186084.0869098206,301.5566393245219,1237.2307821423828,0.9216012436914336,214
990000,3959.999999934006,-1473867.942070594,285741.2146722855,-1188126.7273983085,299.89108681607297,1237.2307821423828,0.9216012436914336,214
991000,3963.9999999339116,-1475097.1824034005,287691.28501641925,-1187405.8973869812,301.93772441975494,1237.2307821423828,0.9216012436914336,214
992000,3967.999999933817,-1473193.2296895282,285332.30163470865,-1187860.9280548196,299.4619244518238,1237.2307821423828,0.9216012436914336,214
993000,3971.9999999337224,-1472613.9938515937,286440.1001390052,-1186173.8937125886,300.6245810108636,1237.2307821423828,0.9216012436914336,214
994000,3975.999999933628,-1471341.5393739296,286974.7210985304,-1184366.8182753993,301.18567633892303,1237.2307821423828,0.9216012436914336,214
995000,3979.999999933533,-1470889.8997332556,287834.5881845191,-1183055.3115487364,302.088123944286,1237.2307821423828,0.9216012436914336,214
996000,3983.9999999334386,-1473411.8582463851,287002.0442832853,-1186409.8139630998,301.2143525646499,1237.2307821423828,0.9216012436914336,214
997000,3987.999999933344,-1473477.4282491244,288356.72906877473,-1185120.6991803497,302.6361211851815,1237.2307821423828,0.9216012436914336,214
998000,3991.9999999332495,-1473424.6994462889,285334.06477602,-1188090.6346702687,299.4637749036905,1237.2307821423828,0.9216012436914336,214
999000,3995.999999933155,-1472420.6099655163,286351.7750477826,-1186068.8349177337,300.5318820712644,1237.2307821423828,0.9216012436914336,214
1000000,3999.9999999330603,-1472771.9997712057,286793.26221579406,-1185978.7375554116,300.9952316331474,1237.2307821423828,0.9216012436914336,214
1001000,4003.9999999329657,-1472033.8851558883,286242.00098975434,-1185791.884166134,300.41667201448615,1237.2307821423828,0.9216012436914336,214
1002000,4007.999999932871,-1472453.3159914622,286436.70594659983,-1186016.6100448624,300.62101873843994,1237.2307821423828,0.9216012436914336,214
1003000,4011.9999999327765,-1475449.897778323,286172.81816605316,-1189277.0796122698,300.34406326529836,1237.2307821423828,0.9216012436914336,214
1004000,4015.999999932682,-1472021.2175605372,286329.2961475046,-1185691.9214130326,300.50829001842555,1237.2307821423828,0.9216012436914336,214
1005000,4019.9999999325873,-1471608.5671503143,285851.0558171369,-1185757.5113331773,300.0063672818062,1237.2307821423828,0.9216012436914336,214
1006000,4023.9999999324928,-1472821.7866862714,286446.7213569719,-1186375.0653292995,300.63153011078373,1237.2307821423828,0.9216012436914336,214
1007000,4027.999999932398,-1474923.941277651,289481.5559829705,-1185442.3852946805,303.81664939902356,1237.2307821423828,0.9216012436914336,214
1008000,4031.9999999323036,-1473572.5471141087,286337.4045798506,-1187235.142534258,300.5167999794104,1237.2307821423828,0.9216012436914336,214
1009000,4035.999999932209,-1476265.0223026527,286777.2111060969,-1189487.8111965558,300.9783856743409,1237.2307821423828,0.9216012436914336,214
1010000,4039.9999999321144,-1474828.3369409638,287103.29297749046,-1187725.0439634733,301.3206150825675,1237.2307821423828,0.9216012436914336,214
1011000,4043.99999993202,-1473606.0956937326,286105.8275523253,-1187500.2681414073,300.2737552840701,1237.2307821423828,0.9216012436914336,214
1012000,4047.9999999319252,-1473568.5495266626,286718.5567359614,-1186849.992790701,300.9168267465306,1237.2307821423828,0.9216012436914336,214
1013000,4051.9999999318306,-1472488.2435092926,287012.9676494266,-1185475.275859866,301.2258168546284,1237.2307821423828,0.9216012436914336,214
1014000,4055.999999931736,-1473319.301657414,288154.2866764604,-1185165.0149809537,302.42365386884273,1237.2307821423828,0.9216012436914336,214
1015000,4059.9999999316415,-1474842.3810303723,287117.1770662483,-1187725.203964124,301.3351867098065,1237.2307821423828,0.9216012436914336,214
1016000,4063.999999931547,-1473254.1889563212,286679.80698137725,-1186574.381974944,300.8761581085484,1237.2307821423828,0.9216012436914336,214
1017000,4067.9999999314523,-1472772.7303637983,286673.27497689996,-1186099.4553868985,300.86930263995936,1237.2307821423828,0.9216012436914336,214
1018000,4071.9999999313577,-1472395.3314433657,286544.81916504103,-1185850.5122783247,300.7344857110456,1237.2307821423828,0.9216012436914336,214
1019000,4075.999999931263,-1474893.3813495822,286997.7666351885,-1187895.6147143939,301.2098630879105,1237.2307821423828,0.9216012436914336,214
1020000,4079.9999999311685,-1473376.2653854415,287438.1156019847,-1185938.1497834567,301.6720180849847,1237.2307821423828,0.9216012436914336,214
1021000,4083.999999931074,-1474716.3910153117,287286.69114578835,-1187429.6998695233,301.513095107103,1237.2307821423828,0.9216012436914336,214
1022000,4087.9999999309794,-1475151.4617279451,285684.8044594178,-1189466.6572685274,299.8318831759407,1237.2307821423828,0.9216012436914336,214
1023000,4091.9999999308848,-1472982.3602119246,287423.09765321366,-1185559.262558711,301.6562564491148,1237.2307821423828,0.9216012436914336,214
1024000,4095.99999993079,-1473406.4064426962,287000.1052232413,-1186406.301219455,301.2123174825752,1237.2307821423828,0.9216012436914336,214
1025000,4099.999999930696,-1473660.1409550058,287692.73790155957,-1185967.4030534462,301.9392492516006,1237.2307821423828,0.9216012436914336,214
1026000,4103.999999930601,-1475458.7588252788,289401.84744816355,-1186056.9113771152,303.7329937067245,1237.2307821423828,0.9216012436914336,214
1027000,4107.999999930506,-1472274.1958467523,287196.006790717,-1185078.1890560351,301.41792007318026,1237.2307821423828,0.9216012436914336,214
1028000,4111.999999930412,-1475487.1315913294,287141.6395051101,-1188345.4920862191,301.36086052583215,1237.2307821423828,0.9216012436914336,214
1029000,4115.999999930317,-1475062.8918350115,286658.4735840005,-1188404.418251011,300.8537682837829,1237.2307821423828,0.9216012436914336,214
1030000,4119.999999930223,-1472971.1533372412,287051.14955967135,-1185920.0037775699,301.26588952868474,1237.2307821423828,0.9216012436914336,214
1031000,4123.999999930128,-1473316.409699197,287964.66007010295,-1185351.749629094,302.2246369747101,1237.2307821423828,0.9216012436914336,214
1032000,4127.9999999300335,-1475417.1106120506,288440.5032831414,-1186976.6073289092,302.72404388902527,1237.2307821423828,0.9216012436914336,214
1033000,4131.999999929939,-1476940.9625877235,288042.25425513065,-1188898.7083325929,302.30607361487154,1237.2307821423828,0.9216012436914336,214
1034000,4135.999999929844,-1471961.6761816721,286714.7492061588,-1185246.9269755133,300.91283066828936,1237.2307821423828,0.9216012436914336,214
1035000,4139.99999992975,-1475379.0919667147,286868.88285672787,-1188510.209109987,301.074596999538,1237.2307821423828,0.9216012436914336,214
1036000,4143.999999929655,-1476586.0269597117,287379.11800961837,-1189206.9089500932,301.6100989386181,1237.2307821423828,0.9216012436914336,214
1037000,4147.9999999295605,-1474659.1677377392,287738.3201770804,-1186920.8475606588,301.98708875617183,1237.2307821423828,0.9216012436914336,214
1038000,4151.999999929466,-1474493.6855689585,288244.2886786175,-1186249.396890341,302.5181127598133,1237.2307821423828,0.9216012436914336,214
1039000,4155.999999929371,-1473924.6242709039,286044.7195633161,-1187879.9047075878,300.2096212344611,1237.2307821423828,0.9216012436914336,214
1040000,4159.999999929277,-1473243.0094916,288219.04597915837,-1185023.9635124416,302.4916200447751,1237.2307821423828,0.9216012436914336,214
1041000,4163.999999929182,-1474333.2594504477,284923.43646341894,-1189409.8229870289,299.0328123241948,1237.2307821423828,0.9216012436914336,214
1042000,4167.999999929088,-1473660.8045602003,285874.2474163673,-1187786.557143833,300.03070732636775,1237.2307821423828,0.9216012436914336,214
1043000,4171.999999928993,-1475217.9468243755,287045.4430072336,-1188172.503817142,301.2599003884254,1237.2307821423828,0.9216012436914336,214
1044000,4175.999999928898,-1476963.005545402,288305.33283090725,-1188657.6727144946,302.58217981151574,1237.2307821423828,0.9216012436914336,214
1045000,4179.999999928804,-1474489.8224659422,287325.481147922,-1187164.3413180201,301.5538059856887,1237.2307821423828,0.9216012436914336,214
1046000,4183.999999928709,-1473746.0930851884,286691.4366313092,-1187054.656453879,300.8883636574098,1237.2307821423828,0.9216012436914336,214
1047000,4187.999999928615,-1474152.4082381586,287340.0488507819,-1186812.3593873766,301.5690950795217,1237.2307821423828,0.9216012436914336,214
1048000,4191.99999992852,-1474725.636326206,287486.78778270556,-1187238.8485435003,301.7231005065067,1237.2307821423828,0.9216012436914336,214
1049000,4195.9999999284255,-1474189.5952441767,285282.7574499023,-1188906.8377942743,299.40992684467415,1237.2307821423828,0.9216012436914336,214
1050000,4199.999999928331,-1475518.1391068613,287303.4242881175,-1188214.7148187438,301.53065687271913,1237.2307821423828,0.9216012436914336,214
1051000,4203.999999928236,-1473703.926837217,286772.6176383628,-1186931.3091988543,300.973564738612,1237.2307821423828,0.9216012436914336,214
1052000,4207.999999928142,-1473673.4281749753,287342.14023533976,-1186331.2879396356,301.57129002920277,1237.2307821423828,0.9216012436914336,214
1053000,4211.999999928047,-1475955.690174669,287014.7366528561,-1188940.9535218128,301.2276734589047,1237.2307821423828,0.9216012436914336,214
1054000,4215.999999927953,-1476058.0145218838,286249.90422898985,-1189808.1102928938,300.4249666212212,1237.2307821423828,0.9216012436914336,214
1055000,4219.999999927858,-1474455.9616765734,287564.860156511,-1186891.1015200624,301.80503901529926,1237.2307821423828,0.9216012436914336,214
1056000,4223.999999927763,-1474978.0812927373,285968.7826948149,-1189009.2985979223,300.1299239809503,1237.2307821423828,0.9216012436914336,214
1057000,4227.999999927669,-1474977.219402616,287186.78458824416,-1187790.4348143716,301.40824118829977,1237.2307821423828,0.9216012436914336,214
1058000,4231.999999927574,-1475576.6154647795,287073.26791738183,-1188503.3475473977,301.2891031849295,1237.2307821423828,0.9216012436914336,214
1059000,4235.99999992748,-1474379.6238074517,287301.8713703194,-1187077.7524371324,301.5290270546099,1237.2307821423828,0.9216012436914336,214
1060000,4239.999999927385,-1474974.0641389647,285341.220686686,-1189632.8434522788,299.47128517423107,1237.2307821423828,0.9216012436914336,214
1061000,4243.99999992729,-1475842.1840223586,286962.5151286384,-1188879.6688937203,301.17286593080337,1237.2307821423828,0.9216012436914336,214
1062000,4247.999999927196,-1474944.2191030271,285986.89711521775,-1188957.3219878094,300.1489354253717,1237.2307821423828,0.9216012436914336,214
1063000,4251.999999927101,-1473439.5112845171,287024.2440491973,-1186415.2672353198,301.237651660421,1237.2307821423828,0.9216012436914336,214
1064000,4255.999999927007,-1475417.47504876,286795.09822553716,-1188622.3768232227,300.9971585618822,1237.2307821423828,0.9216012436914336,214
1065000,4259.999999926912,-1473618.9494878687,287291.40951878595,-1186327.5399690827,301.5180471333897,1237.2307821423828,0.9216012436914336,214
1066000,4263.9999999268175,-1473310.4391900646,286870.699270181,-1186439.7399198837,301.07650336157684,1237.2307821423828,0.9216012436914336,214
1067000,4267.999999926723,-1461362.999750224,287015.8773564702,-1174347.1223937538,301.22887065003073,1237.2307821423828,0.9216012436914336,214
1068000,4271.999999926628,-1473853.9193401784,288578.8784268425,-1185275.040913336,302.8692713539551,1237.2307821423828,0.9216012436914336,214
1069000,4275.999999926534,-1472707.0787472194,286713.2083190746,-1185993.870428145,300.91121347665364,1237.2307821423828,0.9216012436914336,214
1070000,4279.999999926439,-1472016.760366167,288124.0079568181,-1183892.7524093487,302.39187575048015,1237.2307821423828,0.9216012436914336,214
1071000,4283.999999926345,-1473732.1051909504,286443.1949592542,-1187288.9102316962,300.62782908625593,1237.2307821423828,0.9216012436914336,214
1072000,4287.99999992625,-1476046.3011404686,287118.0647502544,-1188928.2363902142,301.3361183518227,1237.2307821423828,0.9216012436914336,214
1073000,4291.999999926155,-1477426.654601398,285964.20426588506,-1191462.4503355129,300.1251188287455,1237.2307821423828,0.9216012436914336,214
1074000,4295.999999926061,-1474921.8577634264,286784.62351017783,-1188137.2342532487,300.9861651398209,1237.2307821423828,0.9216012436914336,214
1075000,4299.999999925966,-1476769.224906535,287508.34440420836,-1189260.8805023264,301.7457246094313,1237.2307821423828,0.9216012436914336,214
1076000,4303.999999925872,-1477355.8819254823,286466.78215523995,-1190889.0997702423,300.65258431747884,1237.2307821423828,0.9216012436914336,214
1077000,4307.999999925777,-1474257.9253727421,285813.1679977411,-1188444.757375001,299.96660326194393,1237.2307821423828,0.9216012436914336,214
1078000,4311.9999999256825,-1472616.2970453259,287866.50880883174,-1184749.7882364942,302.12162527424977,1237.2307821423828,0.9216012436914336,214
1079000,4315.999999925588,-1474563.4593775198,285726.20999073674,-1188837.249386783,299.87533910441664,1237.2307821423828,0.9216012436914336,214
1080000,4319.999999925493,-1471896.835133859,287867.0963507711,-1184029.7387830878,302.12224191119844,1237.2307821423828,0.9216012436914336,214
1081000,4323.999999925399,-1472873.7025375273,285448.0675072779,-1187425.6350302494,299.5834230371113,1237.2307821423828,0.9216012436914336,214
1082000,4327.999999925304,-1473921.3963436643,286218.9841725348,-1187702.4121711296,300.39251540712047,1237.2307821423828,0.9216012436914336,214
1083000,4331.9999999252095,-1473842.9395385887,287837.37391989457,-1186005.5656186943,302.0910476289574,1237.2307821423828,0.9216012436914336,214
1084000,4335.999999925115,-1473842.9574597152,287364.9793788575,-1186477.9780808578,301.5952601644852,1237.2307821423828,0.9216012436914336,214
1085000,4339.99999992502,-1473997.5612117061,287601.2038898703,-1186396.3573218358,301.84318248616177,1237.2307821423828,0.9216012436914336,214
1086000,4343.999999924926,-1475388.750857125,286747.07000706275,-1188641.6808500623,300.9467519915432,1237.2307821423828,0.9216012436914336,214
1087000,4347.999999924831,-1473977.061611033,286906.7498506716,-1187070.3117603613,301.1143391626743,1237.2307821423828,0.9216012436914336,214
1088000,4351.999999924737,-1472244.7612528028,287560.0108956018,-1184684.7503572009,301.79994961954657,1237.2307821423828,0.9216012436914336,214
1089000,4355.999999924642,-1473649.9018430682,288077.0761038762,-1185572.8257391918,302.342619837569,1237.2307821423828,0.9216012436914336,214
1090000,4359.999999924547,-1472977.913715194,287036.3028226858,-1185941.6108925082,301.2503075829882,1237.2307821423828,0.9216012436914336,214
1091000,4363.999999924453,-1475283.744097732,286552.4549040748,-1188731.2891936572,300.7424995709996,1237.2307821423828,0.9216012436914336,214
1092000,4367.999999924358,-1474742.2136370065,286615.15026705613,-1188127.0633699503,300.8082996011575,1237.2307821423828,0.9216012436914336,214
1093000,4371.999999924264,-1474057.7907309337,287131.9001087253,-1186925.8906222084,301.3506388356566,1237.2307821423828,0.9216012436914336,214
1094000,4375.999999924169,-1474141.708135807,286057.8582570208,-1188083.8498787861,300.2234105547696,1237.2307821423828,0.9216012436914336,214
1095000,4379.9999999240745,-1472430.230919186,286389.479570211,-1186040.751348975,300.57145371731457,1237.2307821423828,0.9216012436914336,214
1096000,4383.99999992398,-1474279.132652142,285970.82866825245,-1188308.3039838895,300.13207127075754,1237.2307821423828,0.9216012436914336,214
1097000,4387.999999923885,-1474592.869732406,286824.1459910701,-1187768.7237413358,301.02764476942923,1237.2307821423828,0.9216012436914336,214
1098000,4391.999999923791,-1474015.4726669742,286282.50558139035,-1187732.9670855838,300.4591823888495,1237.2307821423828,0.9216012436914336,214
1099000,4395.999999923696,-1475822.1644347524,286405.01935556513,-1189417.1450791874,300.5877630310552,1237.2307821423828,0.9216012436914336,214
1100000,4399.9999999236015,-1475024.9962680414,286431.52065822965,-1188593.4756098117,300.615576675185,1237.2307821423828,0.9216012436914336,214
1101000,4403.999999923507,-1476145.440476779,287255.3065163666,-1188890.1339604123,301.48015631443565,1237.2307821423828,0.9216012436914336,214
1102000,4407.999999923412,-1471849.3082272233,284175.93659234716,-1187673.3716348761,298.24829634533023,1237.2307821423828,0.9216012436914336,214
1103000,4411.999999923318,-1473577.7440717155,285909.8327126816,-1187667.911359034,300.06805480246993,1237.2307821423828,0.9216012436914336,214
1104000,4415.999999923223,-1472083.2738296045,286756.916952306,-1185326.3568772986,300.9570865563843,1237.2307821423828,0.9216012436914336,214
1105000,4419.999999923129,-1474897.0353700686,285357.3175277222,-1189539.7178423465,299.4881791289872,1237.2307821423828,0.9216012436914336,214
1106000,4423.999999923034,-1475319.33227144,286949.0385398506,-1188370.2937315893,301.1587219828861,1237.2307821423828,0.9216012436914336,214
1107000,4427.999999922939,-1475163.9251671657,287457.1759383098,-1187706.7492288558,301.6920222869763,1237.2307821423828,0.9216012436914336,214
1108000,4431.999999922845,-1474812.2446881467,288438.9477089277,-1186373.2969792192,302.722411282955,1237.2307821423828,0.9216012436914336,214
1109000,4435.99999992275,-1475754.6132735927,286047.68688774033,-1189706.9263858523,300.21273550045015,1237.2307821423828,0.9216012436914336,214
1110000,4439.999999922656,-1476080.1516921408,285374.2747649141,-1190705.8769272268,299.505976086618,1237.2307821423828,0.9216012436914336,214
1111000,4443.999999922561,-1475552.2729289494,287253.85524150956,-1188298.4176874398,301.4786331726143,1237.2307821423828,0.9216012436914336,214
1112000,4447.9999999224665,-1473915.1757294713,285797.65118568763,-1188117.5245437836,299.95031805913914,1237.2307821423828,0.9216012436914336,214
1113000,4451.999999922372,-1475611.351460494,286775.47060747835,-1188835.8808530157,300.97655898643063,1237.2307821423828,0.9216012436914336,214
1114000,4455.999999922277,-1475013.3757849187,286316.870978786,-1188696.5048061325,300.49524955677856,1237.2307821423828,0.9216012436914336,214
1115000,4459.999999922183,-1475338.7493518032,287175.18639114324,-1188163.56296066,301.39606864981005,1237.2307821423828,0.9216012436914336,214
1116000,4463.999999922088,-1475472.0432457402,287007.57759606285,-1188464.4656496774,301.22015988644097,1237.2307821423828,0.9216012436914336,214
1117000,4467.999999921994,-1474107.5287581878,286268.5265835388,-1187839.002174649,300.44451115262933,1237.2307821423828,0.9216012436914336,214
1118000,4471.999999921899,-1474693.988920276,286496.32681058586,-1188197.6621096903,300.68359202076533,1237.2307821423828,0.9216012436914336,214
1119000,4475.999999921804,-1473002.4463653825,287262.4668873809,-1185739.9794780016,301.4876712662005,1237.2307821423828,0.9216012436914336,214
1120000,4479.99999992171,-1472534.2880959427,286814.53205335117,-1185719.7560425915,301.01755475061833,1237.2307821423828,0.9216012436914336,214
1121000,4483.999999921615,-1472940.625303262,286708.2096742575,-1186232.4156290044,300.9059672995191,1237.2307821423828,0.9216012436914336,214
1122000,4487.999999921521,-1474627.8577653319,287008.04828871763,-1187619.8094766142,301.22065388774195,1237.2307821423828,0.9216012436914336,214
1123000,4491.999999921426,-1475008.170017072,285075.2088527791,-1189932.9611642929,299.1921004648507,1237.2307821423828,0.9216012436914336,214
1124000,4495.999999921331,-1474666.6660734378,287341.9361458301,-1187324.7299276078,301.57107583320396,1237.2307821423828,0.9216012436914336,214
1125000,4499.999999921237,-1477289.4351426885,287050.339004892,-1190239.0961377965,301.26503883532575,1237.2307821423828,0.9216012436914336,214
1126000,4503.999999921142,-1474649.1159183532,288032.87567217776,-1186616.2402461753,302.2962306055676,1237.2307821423828,0.9216012436914336,214
1127000,4507.999999921048,-1474134.7296985313,286526.50755065377,-1187608.2221478776,300.7152673076163,1237.2307821423828,0.9216012436914336,214
1128000,4511.999999920953,-1474486.265061074,287262.7573700806,-1187223.5076909934,301.48797613357016,1237.2307821423828,0.9216012436914336,214
1129000,4515.9999999208585,-1475781.8983430164,287148.6656113368,-1188633.2327316795,301.36823456403255,1237.2307821423828,0.9216012436914336,214
1130000,4519.999999920764,-1471980.865500778,287121.5989526741,-1184859.266548104,301.3398275675404,1237.2307821423828,0.9216012436914336,214
1131000,4523.999999920669,-1473093.0325195463,287515.2513316279,-1185577.7811879185,301.75297356710365,1237.2307821423828,0.9216012436914336,214
1132000,4527.999999920575,-1474723.056482762,284554.312428516,-1190168.7440542462,298.64540930946373,1237.2307821423828,0.9216012436914336,214
1133000,4531.99999992048,-1473793.4902925454,285579.31041866774,-1188214.1798738777,299.72116508240475,1237.2307821423828,0.9216012436914336,214
1134000,4535.999999920386,-1473997.8115787506,286396.405374909,-1187601.4062038416,300.57872248706605,1237.2307821423828,0.9216012436914336,214
1135000,4539.999999920291,-1476636.1071075024,285687.4193767992,-1190948.6877307033,299.8346275837306,1237.2307821423828,0.9216012436914336,214
1136000,4543.999999920196,-1475608.3758913158,287176.09385171824,-1188432.2820395976,301.3970210477285,1237.2307821423828,0.9216012436914336,214
1137000,4547.999999920102,-1475424.27377229,287961.0766715284,-1187463.1971007616,302.2208761266495,1237.2307821423828,0.9216012436914336,214
1138000,4551.999999920007,-1473802.0952590043,286105.5485677358,-1187696.5466912684,300.2734624841957,1237.2307821423828,0.9216012436914336,214
1139000,4555.999999919913,-1474834.2485520318,286139.9360458707,-1188694.3125061612,300.30955282629975,1237.2307821423828,0.9216012436914336,214
1140000,4559.999999919818,-1474575.9541361928,288030.24749764253,-1186545.7066385504,302.2934722841311,1237.2307821423828,0.9216012436914336,214
1141000,4563.999999919723,-1472886.3953728313,286713.29504573275,-1186173.1003270985,300.9113044980059,1237.2307821423828,0.9216012436914336,214
1142000,4567.999999919629,-1474267.810037678,286493.05317201343,-1187774.7568656646,300.6801562719866,1237.2307821423828,0.9216012436914336,214
1143000,4571.999999919534,-1472377.1724516042,284985.2902450633,-1187391.8822065408,299.09772909800466,1237.2307821423828,0.9216012436914336,214
1144000,4575.99999991944,-1473847.4955457216,286563.62305642065,-1187283.872489301,300.75422076896734,1237.2307821423828,0.9216012436914336,214
1145000,4579.999999919345,-1472341.1686428795,287045.2703507744,-1185295.8982921052,301.2597191820382,1237.2307821423828,0.9216012436914336,214
1146000,4583.9999999192505,-1472525.2303023087,287656.361085366,-1184868.8692169427,301.90107105964563,1237.2307821423828,0.9216012436914336,214
1147000,4587.999999919156,-1475478.7905759737,287709.3068343154,-1187769.4837416583,301.9566386760042,1237.2307821423828,0.9216012436914336,214
1148000,4591.999999919061,-1474081.0717846518,286378.37852044083,-1187702.693264211,300.5598029448343,1237.2307821423828,0.9216012436914336,214
1149000,4595.999999918967,-1473726.779313838,288498.78069176973,-1185227.9986220684,302.7852071882378,1237.2307821423828,0.9216012436914336,214
1150000,4599.999999918872,-1474493.9829016188,284679.6658671508,-1189814.317034468,298.77697023598756,1237.2307821423828,0.9216012436914336,214
1151000,4603.999999918778,-1473046.3916062992,287362.41940106085,-1185683.9722052384,301.592573416882,1237.2307821423828,0.9216012436914336,214
1152000,4607.999999918683,-1474914.0632357085,286101.54863427323,-1188812.5146014353,300.26926447448733,1237.2307821423828,0.9216012436914336,214
1153000,4611.999999918588,-1473641.0427649906,285804.10363495396,-1187836.9391300366,299.9570900329523,1237.2307821423828,0.9216012436914336,214
1154000,4615.999999918494,-1474267.4854410645,288852.9241287358,-1185414.5613123286,303.1568877675422,1237.2307821423828,0.9216012436914336,214
1155000,4619.999999918399,-1473396.8710247977,286440.63043199753,-1186956.2405928,300.625137563904,1237.2307821423828,0.9216012436914336,214
1156000,4623.999999918305,-1472827.4983476885,286591.05749196553,-1186236.4408557229,300.7830137546106,1237.2307821423828,0.9216012436914336,214
1157000,4627.99999991821,-1473183.0217469865,285720.2041720182,-1187462.8175749683,299.8690358782447,1237.2307821423828,0.9216012436914336,214
1158000,4631.9999999181155,-1474615.2654913133,287904.67441914324,-1186710.59107217,302.1616808412019,1237.2307821423828,0.9216012436914336,214
1159000,4635.999999918021,-1475775.3310428262,287587.90641812276,-1188187.4246247034,301.82922652514,1237.2307821423828,0.9216012436914336,214
1160000,4639.999999917926,-1474440.607925688,287147.7474181666,-1187292.8605075213,301.367270902042,1237.2307821423828,0.9216012436914336,214
1161000,4643.999999917832,-1473621.515859169,284534.03484105144,-1189087.4810181176,298.624127578196,1237.2307821423828,0.9216012436914336,214
1162000,4647.999999917737,-1474940.8323956076,286653.06836999336,-1188287.7640256141,300.8480954041987,1237.2307821423828,0.9216012436914336,214
1163000,4651.9999999176425,-1473377.0659352625,286485.8090974516,-1186891.2568378109,300.67255347168424,1237.2307821423828,0.9216012436914336,214
1164000,4655.999999917548,-1473076.0331343245,286887.5474267867,-1186188.4857075377,301.0941858369632,1237.2307821423828,0.9216012436914336,214
1165000,4659.999999917453,-1474061.4564114427,288268.7963251782,-1185792.6600862646,302.5438340222178,1237.2307821423828,0.9216012436914336,214
1166000,4663.999999917359,-1473396.7146227406,286538.78771808755,-1186857.9269046532,300.72815558753143,1237.2307821423828,0.9216012436914336,214
1167000,4667.999999917264,-1472251.506698139,288098.86322222964,-1184152.6434759093,302.36548585152184,1237.2307821423828,0.9216012436914336,214
1168000,4671.99999991717,-1474009.5981029104,286059.977379522,-1187949.6207233884,300.2256346159737,1237.2307821423828,0.9216012436914336,214
1169000,4675.999999917075,-1472392.0996944262,286769.34116814856,-1185622.7585262777,300.97012601796894,1237.2307821423828,0.9216012436914336,214
1170000,4679.99999991698,-1473437.0149670783,285619.6763527229,-1187817.3386143553,299.7635299328798,1237.2307821423828,0.9216012436914336,214
1171000,4683.999999916886,-1472535.1213334203,286647.22820731194,-1185887.8931261082,300.8419660373319,1237.2307821423828,0.9216012436914336,214
1172000,4687.999999916791,-1472303.8555715894,287127.5982913808,-1185176.2572802086,301.3461239928111,1237.2307821423828,0.9216012436914336,214
1173000,4691.999999916697,-1473817.5358647872,287458.7730780563,-1186358.762786731,301.6936985168996,1237.2307821423828,0.9216012436914336,214
1174000,4695.999999916602,-1473496.0659763692,285564.81517364405,-1187931.250802725,299.7059520345117,1237.2307821423828,0.9216012436914336,214
1175000,4699.9999999165075,-1475417.8327006157,285902.05103803956,-1189515.7816625761,300.05988778019304,1237.2307821423828,0.9216012436914336,214
1176000,4703.999999916413,-1473914.3201235263,287091.15104426944,-1186823.1690792567,301.30787188220745,1237.2307821423828,0.9216012436914336,214
1177000,4707.999999916318,-1474181.515818106,287826.8944455955,-1186354.6213725104,302.0800492122943,1237.2307821423828,0.9216012436914336,214
1178000,4711.999999916224,-1474878.0939291334,287974.96581741044,-1186903.1281117229,302.235453061441,1237.2307821423828,0.9216012436914336,214
1179000,4715.999999916129,-1474472.1843935838,286934.7374471793,-1187537.4469464044,301.14371270174763,1237.2307821423828,0.9216012436914336,214
1180000,4719.9999999160345,-1471471.107362873,286577.54879507783,-1184893.558567795,300.768836108604,1237.2307821423828,0.9216012436914336,214
1181000,4723.99999991594,-1473738.3159148796,287729.3540490147,-1186008.961865865,301.9776786264737,1237.2307821423828,0.9216012436914336,214
1182000,4727.999999915845,-1472460.5332136424,285175.07119068905,-1187285.4620229534,299.29690797426844,1237.2307821423828,0.9216012436914336,214
1183000,4731.999999915751,-1473200.1570680998,286860.3066530902,-1186339.8504150095,301.06559610328094,1237.2307821423828,0.9216012436914336,214
1184000,4735.999999915656,-1473432.9451263025,287523.5645340287,-1185909.3805922738,301.76169843833287,1237.2307821423828,0.9216012436914336,214
1185000,4739.999999915562,-1473243.2865669206,287100.62484365096,-1186142.6617232696,301.3178148230466,1237.2307821423828,0.9216012436914336,214
1186000,4743.999999915467,-1473111.3691758066,287069.20323082444,-1186042.1659449823,301.28483721556046,1237.2307821423828,0.9216012436914336,214
1187000,4747.999999915372,-1473865.6024505803,287442.07167035213,-1186423.5307802283,301.6761700574035,1237.2307821423828,0.9216012436914336,214
1188000,4751.999999915278,-1473680.2830782076,285247.4589909703,-1188432.8240872375,299.37288041010856,1237.2307821423828,0.9216012436914336,214
1189000,4755.999999915183,-1475127.3888009414,287015.8469889577,-1188111.5418119836,301.22883877872255,1237.2307821423828,0.9216012436914336,214
1190000,4759.999999915089,-1474833.1897412539,286476.75221691024,-1188356.4375243436,300.6630480954583,1237.2307821423828,0.9216012436914336,214
1191000,4763.999999914994,-1475472.249763675,286085.13663587015,-1189387.1131278048,300.25203975580763,1237.2307821423828,0.9216012436914336,214
1192000,4767.9999999148995,-1474289.461536725,286456.7711609748,-1187832.6903757502,300.642077579927,1237.2307821423828,0.9216012436914336,214
1193000,4771.999999914805,-1476581.3520089034,287153.2819207779,-1189428.0700881255,301.37307947258716,1237.2307821423828,0.9216012436914336,214
1194000,4775.99999991471,-1472748.1341159176,285824.63549955934,-1186923.4986163583,299.97863863313563,1237.2307821423828,0.9216012436914336,214
1195000,4779.999999914616,-1473369.320593169,286058.2156633325,-1187311.1049298365,300.2237856598008,1237.2307821423828,0.9216012436914336,214
1196000,4783.999999914521,-1473367.2167321276,285491.51703675784,-1187875.6996953697,299.6290241823025,1237.2307821423828,0.9216012436914336,214
1197000,4787.999999914427,-1474999.6397165135,287425.23148040124,-1187574.4082361122,301.65849594317973,1237.2307821423828,0.9216012436914336,214
1198000,4791.999999914332,-1476668.991996794,286081.4810751969,-1190587.510921597,300.2482031721895,1237.2307821423828,0.9216012436914336,214
1199000,4795.999999914237,-1474863.7651654165,285893.1945903919,-1188970.5705750247,300.0505927622747,1237.2307821423828,0.9216012436914336,214
1200000,4799.999999914143,-1476274.4152381634,286770.1843076297,-1189504.2309305337,300.9710109096204,1237.2307821423828,0.9216012436914336,214
1201000,4803.999999914048,-1475318.1924958443,286795.69312438805,-1188522.4993714562,300.99778292005584,1237.2307821423828,0.9216012436914336,214
1202000,4807.999999913954,-1473216.5739199026,285046.9298781863,-1188169.6440417161,299.16242111868286,1237.2307821423828,0.9216012436914336,214
1203000,4811.999999913859,-1474077.317691843,288065.43217751954,-1186011.8855143236,302.33039930531595,1237.2307821423828,0.9216012436914336,214
1204000,4815.999999913764,-1476223.3914283486,286232.806906139,-1189990.5845222096,300.4070226409057,1237.2307821423828,0.9216012436914336,214
1205000,4819.99999991367,-1476480.9937129747,286896.83126436186,-1189584.162448613,301.10392940910924,1237.2307821423828,0.9216012436914336,214
1206000,4823.999999913575,-1475010.4236495383,286918.7519370336,-1188091.6717125047,301.12693559097494,1237.2307821423828,0.9216012436914336,214
1207000,4827.999999913481,-1473570.0142174996,285977.9907170158,-1187592.023500484,300.1395879833534,1237.2307821423828,0.9216012436914336,214
1208000,4831.999999913386,-1473460.1088689165,286501.9035488737,-1186958.2053200428,300.68944491849294,1237.2307821423828,0.9216012436914336,214
1209000,4835.9999999132915,-1475656.592035843,287351.5181658966,-1188305.0738699464,301.58113235380404,1237.2307821423828,0.9216012436914336,214
1210000,4839.999999913197,-1472896.5017656041,287451.1656000192,-1185445.3361655849,301.68571431742356,1237.2307821423828,0.9216012436914336,214
1211000,4843.999999913102,-1475042.8665355565,287091.34514793765,-1187951.521387619,301.308075597867,1237.2307821423828,0.9216012436914336,214
1212000,4847.999999913008,-1475407.5799216041,286355.8387547195,-1189051.7411668845,300.5361470125022,1237.2307821423828,0.9216012436914336,214
1213000,4851.999999912913,-1474500.1614840291,286206.80233984615,-1188293.3591441829,300.37973033147574,1237.2307821423828,0.9216012436914336,214
1214000,4855.999999912819,-1474458.247254136,287223.6600205128,-1187234.5872336233,301.44694268774066,1237.2307821423828,0.9216012436914336,214
1215000,4859.999999912724,-1473478.5539188525,288001.7959337304,-1185476.757985122,302.26361180204066,1237.2307821423828,0.9216012436914336,214
1216000,4863.999999912629,-1474729.3013213882,288009.3922725889,-1186719.9090487994,302.2715843107273,1237.2307821423828,0.9216012436914336,214
1217000,4867.999999912535,-1473485.6799823307,287741.22036431084,-1185744.4596180199,301.9901325603409,1237.2307821423828,0.9216012436914336,214
1218000,4871.99999991244,-1474773.674948207,286632.9079158324,-1188140.7670323746,300.82693660666246,1237.2307821423828,0.9216012436914336,214
1219000,4875.999999912346,-1476691.6868965328,286273.0607135542,-1190418.6261829785,300.4492698122425,1237.2307821423828,0.9216012436914336,214
1220000,4879.999999912251,-1475526.5860724896,286971.92309498636,-1188554.6629775031,301.1827397785647,1237.2307821423828,0.9216012436914336,214
1221000,4883.999999912156,-1476917.571573277,289252.2140957129,-1187665.3574775641,303.57595052784035,1237.2307821423828,0.9216012436914336,214
1222000,4887.999999912062,-1473529.2926734453,286347.880977462,-1187181.4116959833,300.52779516702867,1237.2307821423828,0.9216012436914336,214
1223000,4891.999999911967,-1473805.7535468852,286787.8722039986,-1187017.8813428865,300.9895747085867,1237.2307821423828,0.9216012436914336,214
1224000,4895.999999911873,-1473229.2693925658,286043.1081725837,-1187186.1612199822,300.2079300478446,1237.2307821423828,0.9216012436914336,214
1225000,4899.999999911778,-1472436.5772830183,285353.31246552325,-1187083.264817495,299.483975736568,1237.2307821423828,0.9216012436914336,214
1226000,4903.9999999116835,-1473711.5657547489,286588.79723216296,-1187122.768522586,300.78064156700214,1237.2307821423828,0.9216012436914336,214
1227000,4907.999999911589,-1475167.9429086857,288538.8458591806,-1186629.097049505,302.8272563781389,1237.2307821423828,0.9216012436914336,214
1228000,4911.999999911494,-1474654.9863035418,286549.793028354,-1188105.1932751879,300.73970587949873,1237.2307821423828,0.9216012436914336,214
1229000,4915.9999999114,-1472381.9201504309,286964.16281159845,-1185417.7573388324,301.17459520683445,1237.2307821423828,0.9216012436914336,214
1230000,4919.999999911305,-1472332.2470593257,288175.0170992782,-1184157.2299600474,302.4454108598184,1237.2307821423828,0.9216012436914336,214
1231000,4923.999999911211,-1474286.4339761315,286617.0756574306,-1187669.358318701,300.8103203366423,1237.2307821423828,0.9216012436914336,214
1232000,4927.999999911116,-1475793.5476767356,288729.2164538697,-1187064.3312228657,303.02705410282,1237.2307821423828,0.9216012436914336,214
1233000,4931.999999911021,-1476812.5935785938,287377.36857378576,-1189435.225004808,301.6082628709239,1237.2307821423828,0.9216012436914336,214
1234000,4935.999999910927,-1474459.6623778362,285481.604355818,-1188978.058022018,299.6186206265406,1237.2307821423828,0.9216012436914336,214
1235000,4939.999999910832,-1475239.4511526674,286178.37766795506,-1189061.0734847123,300.34989807309614,1237.2307821423828,0.9216012436914336,214
1236000,4943.999999910738,-1477085.3526758412,285802.3189518038,-1191283.0337240375,299.95521697249745,1237.2307821423828,0.9216012436914336,214
1237000,4947.999999910643,-1473796.9343620893,287919.91594495845,-1185877.0184171307,302.1776771256256,1237.2307821423828,0.9216012436914336,214
1238000,4951.9999999105485,-1474288.3246843796,287461.47788598936,-1186826.8467983902,301.696537266611,1237.2307821423828,0.9216012436914336,214
1239000,4955.999999910454,-1474273.757905989,287581.77199720335,-1186691.9859087856,301.822788328401,1237.2307821423828,0.9216012436914336,214
1240000,4959.999999910359,-1475071.1152609214,286105.8856388341,-1188965.2296220874,300.2738162470161,1237.2307821423828,0.9216012436914336,214
1241000,4963.999999910265,-1475571.3091853643,286652.29518503323,-1188919.014000331,300.84728393120815,1237.2307821423828,0.9216012436914336,214
1242000,4967.99999991017,-1474328.1443415731,287732.819845118,-1186595.324496455,301.9813160484021,1237.2307821423828,0.9216012436914336,214
1243000,4971.9999999100755,-1475222.59812289,286173.18045365944,-1189049.4176692306,300.3444434933453,1237.2307821423828,0.9216012436914336,214
1244000,4975.999999909981,-1472569.1290390547,287399.68845650746,-1185169.4405825473,301.6316880316753,1237.2307821423828,0.9216012436914336,214
1245000,4979.999999909886,-1474069.9256263021,286960.33927575056,-1187109.5863505516,301.17058232993037,1237.2307821423828,0.9216012436914336,214
1246000,4983.999999909792,-1474300.426478737,287240.58414429985,-1187059.8423344372,301.46470489219445,1237.2307821423828,0.9216012436914336,214
1247000,4987.999999909697,-1474417.8409356233,286763.8119229468,-1187654.0290126763,300.9643229651797,1237.2307821423828,0.9216012436914336,214
1248000,4991.999999909603,-1475138.992132892,288089.65259598853,-1187049.3395369034,302.3558191161267,1237.2307821423828,0.9216012436914336,214
1249000,4995.999999909508,-1473848.457412825,286178.12837426004,-1187670.329038565,300.3496364344059,1237.2307821423828,0.9216012436914336,214
1250000,4999.999999909413,-1472360.9592536455,287065.9468817028,-1185295.0123719426,301.28141961240425,1237.2307821423828,0.9216012436914336,214
1251000,5003.999999909319,-1474116.0260769138,287022.6971780522,-1187093.3288988615,301.2360281883945,1237.2307821423828,0.9216012436914336,214
1252000,5007.999999909224,-1472261.2633428946,287159.3384164563,-1185101.9249264384,301.3794358852362,1237.2307821423828,0.9216012436914336,214
1253000,5011.99999990913,-1472745.8765138807,286046.3935556713,-1186699.4829582092,300.2113781227256,1237.2307821423828,0.9216012436914336,214
1254000,5015.999999909035,-1473840.2187251886,287845.43132776953,-1185994.787397419,302.0995040387453,1237.2307821423828,0.9216012436914336,214
1255000,5019.9999999089405,-1473320.3215183178,286906.9657452955,-1186413.3557730224,301.1145657483751,1237.2307821423828,0.9216012436914336,214
1256000,5023.999999908846,-1470635.5026428988,285640.4270766781,-1184995.0755662208,299.7853082303028,1237.2307821423828,0.9216012436914336,214
1257000,5027.999999908751,-1472123.1456908556,286772.3215194361,-1185350.8241714195,300.9732539559101,1237.2307821423828,0.9216012436914336,214
1258000,5031.999999908657,-1474525.2582322108,288180.2647793788,-1186344.993452832,302.450918404435,1237.2307821423828,0.9216012436914336,214
1259000,5035.999999908562,-1473564.4001030605,286497.2414008139,-1187067.1587022466,300.6845519013965,1237.2307821423828,0.9216012436914336,214
1260000,5039.9999999084675,-1474316.1837827405,287014.2027974724,-1187301.980985268,301.22711316706364,1237.2307821423828,0.9216012436914336,214
1261000,5043.999999908373,-1474010.7034226013,287350.68760013394,-1186660.0158224674,301.58026065852016,1237.2307821423828,0.9216012436914336,214
1262000,5047.999999908278,-1473372.5428724056,287378.6151554522,-1185993.9277169534,301.6095711831714,1237.2307821423828,0.9216012436914336,214
1263000,5051.999999908184,-1475098.2084475178,286755.2845325732,-1188342.9239149448,300.9553732994138,1237.2307821423828,0.9216012436914336,214
1264000,5055.999999908089,-1473436.9739648402,287067.0196847056,-1186369.9542801345,301.28254554048857,1237.2307821423828,0.9216012436914336,214
1265000,5059.999999907995,-1472001.0334073054,288004.962896748,-1183996.0705105574,302.2669355927033,1237.2307821423828,0.9216012436914336,214
1266000,5063.9999999079,-1474315.1913147205,286817.8507273407,-1187497.3405873799,301.0210377649627,1237.2307821423828,0.9216012436914336,214
1267000,5067.999999907805,-1476015.1617440246,286875.57681146037,-1189139.5849325643,301.08162243814036,1237.2307821423828,0.9216012436914336,214
1268000,5071.999999907711,-1475122.3488666182,286032.62364460714,-1189089.725222011,300.19692632724644,1237.2307821423828,0.9216012436914336,214
1269000,5075.999999907616,-1475944.3950306894,286047.55197415454,-1189896.8430565349,300.21259390595907,1237.2307821423828,0.9216012436914336,214
1270000,5079.999999907522,-1477027.1238391483,287391.8281992816,-1189635.2956398667,301.6234385354141,1237.2307821423828,0.9216012436914336,214
1271000,5083.999999907427,-1475250.921849954,286464.82410768996,-1188786.097742264,300.6505293076389,1237.2307821423828,0.9216012436914336,214
1272000,5087.9999999073325,-1474468.6990125906,285642.5500272395,-1188826.148985351,299.78753630913224,1237.2307821423828,0.9216012436914336,214
1273000,5091.999999907238,-1475460.5794212911,284935.8449255506,-1190524.7344957404,299.0458352519466,1237.2307821423828,0.9216012436914336,214
1274000,5095.999999907143,-1475270.670563629,288000.85915110214,-1187269.8114125268,302.2626286300442,1237.2307821423828,0.9216012436914336,214
1275000,5099.999999907049,-1476056.682817446,287623.8803210773,-1188432.8024963688,301.86698185163857,1237.2307821423828,0.9216012436914336,214
1276000,5103.999999906954,-1475992.1332445564,288529.74319155246,-1187462.390053004,302.8177029474549,1237.2307821423828,0.9216012436914336,214
1277000,5107.99999990686,-1473602.3633058015,287158.14627894375,-1186444.2170268577,301.3781847132109,1237.2307821423828,0.9216012436914336,214
1278000,5111.999999906765,-1476133.5073314132,286204.65273803007,-1189928.8545933831,300.37747428162453,1237.2307821423828,0.9216012436914336,214
1279000,5115.99999990667,-1474416.8974601394,288024.67213866924,-1186392.22532147,302.2876208340216,1237.2307821423828,0.9216012436914336,214
1280000,5119.999999906576,-1472600.4108193154,288159.6254227266,-1184440.7853965887,302.4292569892111,1237.2307821423828,0.9216012436914336,214
1281000,5123.999999906481,-1475066.4673816059,286132.4796290565,-1188933.9877525494,300.301727168581,1237.2307821423828,0.9216012436914336,214
1282000,5127.999999906387,-1473681.6179942163,286887.15636140085,-1186794.4616328154,301.0937754060644,1237.2307821423828,0.9216012436914336,214
1283000,5131.999999906292,-1475236.457044853,285540.49681305233,-1189695.9602318006,299.6804294314956,1237.2307821423828,0.9216012436914336,214
1284000,5135.999999906197,-1473124.8235235782,286599.8187299133,-1186525.004793665,300.7922088480557,1237.2307821423828,0.9216012436914336,214
1285000,5139.999999906103,-1475103.4743788913,286057.82890327554,-1189045.6454756157,300.2233797474302,1237.2307821423828,0.9216012436914336,214
1286000,5143.999999906008,-1474346.4889297355,285472.40533620166,-1188874.0835935338,299.60896607252903,1237.2307821423828,0.9216012436914336,214
1287000,5147.999999905914,-1473867.8954109447,286686.3214636474,-1187181.5739472974,300.88299518723267,1237.2307821423828,0.9216012436914336,214
1288000,5151.999999905819,-1474966.417280984,286873.9400114284,-1188092.4772695557,301.0799045839587,1237.2307821423828,0.9216012436914336,214
1289000,5155.9999999057245,-1474574.9769769693,287227.78035849857,-1187347.1966184708,301.4512670643903,1237.2307821423828,0.9216012436914336,214
1290000,5159.99999990563,-1472617.381327846,287584.36899134185,-1185033.0123365042,301.825513925391,1237.2307821423828,0.9216012436914336,214
1291000,5163.999999905535,-1472591.3201207258,287041.3569101166,-1185549.9632106093,301.2556119482484,1237.2307821423828,0.9216012436914336,214
1292000,5167.999999905441,-1475136.7872272553,286717.8455949662,-1188418.941632289,300.91608038991495,1237.2307821423828,0.9216012436914336,214
1293000,5171.999999905346,-1473187.9509621533,285200.501508976,-1187987.4494531774,299.32359759899725,1237.2307821423828,0.9216012436914336,214
1294000,5175.999999905252,-1474857.4862410966,286093.87875698484,-1188763.6074841118,300.26121478575624,1237.2307821423828,0.9216012436914336,214
1295000,5179.999999905157,-1474882.0796046602,286236.279290574,-1188645.800314086,300.4106669774193,1237.2307821423828,0.9216012436914336,214
1296000,5183.999999905062,-1474518.7168369181,287554.1046729509,-1186964.6121639672,301.7937509214281,1237.2307821423828,0.9216012436914336,214
1297000,5187.999999904968,-1473929.0268865814,287108.5435764574,-1186820.483310124,301.32612569059245,1237.2307821423828,0.9216012436914336,214
1298000,5191.999999904873,-1476831.0211149147,286188.22715825704,-1190642.7939566576,300.360235309027,1237.2307821423828,0.9216012436914336,214
1299000,5195.999999904779,-1473366.9239153275,286551.10175051226,-1186815.8221648154,300.74107940942804,1237.2307821423828,0.9216012436914336,214
1300000,5199.999999904684,-1474059.3666523704,287202.70984818676,-1186856.6568041837,301.4249550652863,1237.2307821423828,0.9216012436914336,214
1301000,5203.9999999045895,-1473462.8318167794,288339.80184617767,-1185123.0299706017,302.61835572846485,1237.2307821423828,0.9216012436914336,214
1302000,5207.999999904495,-1474259.042991275,286646.08104254236,-1187612.9619487326,300.84076206509457,1237.2307821423828,0.9216012436914336,214
1303000,5211.9999999044,-1475408.588355749,288499.55403181864,-1186909.0343239303,302.7860188239972,1237.2307821423828,0.9216012436914336,214
1304000,5215.999999904306,-1474684.11052847,287105.65770829667,-1187578.4528201735,301.3230969145717,1237.2307821423828,0.9216012436914336,214
1305000,5219.999999904211,-1473824.558404087,286309.11731067044,-1187515.4410934167,300.4871119279082,1237.2307821423828,0.9216012436914336,214
1306000,5223.9999999041165,-1474463.8359073289,286509.1820794729,-1187954.6538278558,300.6970838810917,1237.2307821423828,0.9216012436914336,214
1307000,5227.999999904022,-1474338.5550501142,285627.85618332017,-1188710.698866794,299.7721148277491,1237.2307821423828,0.9216012436914336,214
1308000,5231.999999903927,-1472884.008486542,285705.791040674,-1187178.2174458678,299.8539090102912,1237.2307821423828,0.9216012436914336,214
1309000,5235.999999903833,-1475128.2909670044,285347.25029555673,-1189781.0406714478,299.47761336864073,1237.2307821423828,0.9216012436914336,214
1310000,5239.999999903738,-1476466.4040117757,286991.0768931953,-1189475.3271185805,301.20284207066186,1237.2307821423828,0.9216012436914336,214
1311000,5243.999999903644,-1473735.825413649,286071.68692924385,-1187664.1384844051,300.2379240212534,1237.2307821423828,0.9216012436914336,214
1312000,5247.999999903549,-1475764.0354012903,287033.8644591893,-1188730.170942101,301.2477484720114,1237.2307821423828,0.9216012436914336,214
1313000,5251.999999903454,-1478482.833431378,286799.64494989626,-1191683.1884814817,301.0019304395095,1237.2307821423828,0.9216012436914336,214
1314000,5255.99999990336,-1476623.7312226137,287419.4275311039,-1189204.3036915099,301.65240458297956,1237.2307821423828,0.9216012436914336,214
1315000,5259.999999903265,-1474604.487893436,286307.8510589518,-1188296.6368344843,300.48578297154984,1237.2307821423828,0.9216012436914336,214
1316000,5263.999999903171,-1475483.9013664192,286841.3833067409,-1188642.5180596784,301.045735674993,1237.2307821423828,0.9216012436914336,214
1317000,5267.999999903076,-1472654.4880080856,287026.25220519933,-1185628.2358028863,301.2397592600778,1237.2307821423828,0.9216012436914336,214
1318000,5271.9999999029815,-1475490.1984318495,286155.85824142816,-1189334.3401904213,300.32626348715314,1237.2307821423828,0.9216012436914336,214
1319000,5275.999999902887,-1476345.4812535578,286571.592389376,-1189773.888864182,300.76258474237574,1237.2307821423828,0.9216012436914336,214
1320000,5279.999999902792,-1473502.26690784,285833.10460706963,-1187669.1623007704,299.9875271298775,1237.2307821423828,0.9216012436914336,214
1321000,5283.999999902698,-1475190.3678598404,286005.3956609984,-1189184.972198842,300.16835001701554,1237.2307821423828,0.9216012436914336,214
1322000,5287.999999902603,-1476617.2257910892,285538.85783495114,-1191078.3679561382,299.67870929138695,1237.2307821423828,0.9216012436914336,214
1323000,5291.9999999025085,-1477333.0422509434,286147.49349196965,-1191185.5487589738,300.31748451626186,1237.2307821423828,0.9216012436914336,214
1324000,5295.999999902414,-1474121.3018092653,284561.44293466484,-1189559.8588746004,298.6528929174584,1237.2307821423828,0.9216012436914336,214
1325000,5299.999999902319,-1476009.5314258337,287671.9558428778,-1188337.575582956,301.91743806775895,1237.2307821423828,0.9216012436914336,214
1326000,5303.999999902225,-1474888.2773421807,285739.29393683985,-1189148.983405341,299.88907096602856,1237.2307821423828,0.9216012436914336,214
1327000,5307.99999990213,-1476881.9671971593,286299.3387231291,-1190582.6284740302,300.4768491058345,1237.2307821423828,0.9216012436914336,214
1328000,5311.999999902036,-1472988.6344532026,286139.1955119551,-1186849.4389412475,300.3087756212297,1237.2307821423828,0.9216012436914336,214
1329000,5315.999999901941,-1474899.5320519926,285374.5966334615,-1189524.935418531,299.50631389405885,1237.2307821423828,0.9216012436914336,214
1330000,5319.999999901846,-1474542.0286934786,287735.4509484338,-1186806.5777450448,301.98407744365204,1237.2307821423828,0.9216012436914336,214
1331000,5323.999999901752,-1472753.6165448306,286669.68399073585,-1186083.9325540948,300.86553382857267,1237.2307821423828,0.9216012436914336,214
1332000,5327.999999901657,-1474856.614899831,286478.5066505248,-1188378.1082493062,300.664889408424,1237.2307821423828,0.9216012436914336,214
1333000,5331.999999901563,-1471529.412057167,286288.5963933488,-1185240.815663818,300.4655748171168,1237.2307821423828,0.9216012436914336,214
1334000,5335.999999901468,-1473936.1431326913,288139.8058332254,-1185796.337299466,302.4084559359133,1237.2307821423828,0.9216012436914336,214
1335000,5339.9999999013735,-1474036.0566926068,286807.4085529657,-1187228.6481396412,301.0100784953116,1237.2307821423828,0.9216012436914336,214
1336000,5343.999999901279,-1472106.183232626,285909.28776273265,-1186196.8954698932,300.0674828666621,1237.2307821423828,0.9216012436914336,214
1337000,5347.999999901184,-1473150.115858945,285593.61758448393,-1187556.4982744611,299.73618073742955,1237.2307821423828,0.9216012436914336,214
1338000,5351.99999990109,-1474078.605974963,285873.2213996036,-1188205.3845753593,300.02963050137174,1237.2307821423828,0.9216012436914336,214
1339000,5355.999999900995,-1475597.6329162149,287268.13271235226,-1188329.5002038626,301.4936176621739,1237.2307821423828,0.9216012436914336,214
1340000,5359.999999900901,-1473610.157693375,288609.61186738627,-1185000.5458259885,302.90152671094603,1237.2307821423828,0.9216012436914336,214
1341000,5363.999999900806,-1475993.69280353,286156.6441375399,-1189837.0486659901,300.3270883007501,1237.2307821423828,0.9216012436914336,214
1342000,5367.999999900711,-1474284.694215482,286410.5883921988,-1187874.1058232833,300.5936078457436,1237.2307821423828,0.9216012436914336,214
1343000,5371.999999900617,-1477031.2909798007,287242.2052123783,-1189789.0857674223,301.46640623537803,1237.2307821423828,0.9216012436914336,214
1344000,5375.999999900522,-1474996.7043194044,287845.57241675025,-1187151.1319026542,302.09965211443614,1237.2307821423828,0.9216012436914336,214
1345000,5379.999999900428,-1474237.1090305615,287118.0563206526,-1187119.052709909,301.336109504788,1237.2307821423828,0.9216012436914336,214
1346000,5383.999999900333,-1474830.2311754161,286354.5520721143,-1188475.6791033018,300.53479661352225,1237.2307821423828,0.9216012436914336,214
1347000,5387.999999900238,-1474963.5893782647,286492.7006922893,-1188470.8886859755,300.67978633750704,1237.2307821423828,0.9216012436914336,214
1348000,5391.999999900144,-1474810.4577001482,286513.1556588051,-1188297.3020413432,300.7012542316162,1237.2307821423828,0.9216012436914336,214
1349000,5395.999999900049,-1477460.56949142,286696.2194810801,-1190764.3500103399,300.89338335335214,1237.2307821423828,0.9216012436914336,214
1350000,5399.999999899955,-1474233.1865699636,286356.51314017933,-1187876.6734297844,300.5368547934527,1237.2307821423828,0.9216012436914336,214
1351000,5403.99999989986,-1474757.2378665823,287027.4648466285,-1187729.7730199539,301.24103195137127,1237.2307821423828,0.9216012436914336,214
1352000,5407.9999998997655,-1475168.8835210428,287361.61282387987,-1187807.270697163,301.5917268980917,1237.2307821423828,0.9216012436914336,214
1353000,5411.999999899671,-1477421.94651601,286129.5845277397,-1191292.3619882702,300.29868870217933,1237.2307821423828,0.9216012436914336,214
1354000,5415.999999899576,-1474662.8122604499,287308.63355459564,-1187354.1787058543,301.5361241014752,1237.2307821423828,0.9216012436914336,214
1355000,5419.999999899482,-1477276.7201727629,287509.23322943045,-1189767.4869433325,301.7466574491763,1237.2307821423828,0.9216012436914336,214
1356000,5423.999999899387,-1474353.3885110933,286597.4645674628,-1187755.9239436304,300.7897381077509,1237.2307821423828,0.9216012436914336,214
1357000,5427.999999899293,-1474477.3380578533,286906.8696412025,-1187570.4684166508,301.11446488521847,1237.2307821423828,0.9216012436914336,214
1358000,5431.999999899198,-1475692.7978940578,286662.8487176001,-1189029.9491764577,300.85836007349604,1237.2307821423828,0.9216012436914336,214
1359000,5435.999999899103,-1472495.7274264237,285350.7579864157,-1187144.969440008,299.48129475994836,1237.2307821423828,0.9216012436914336,214
1360000,5439.999999899009,-1475653.0430514542,287813.964357438,-1187839.0786940162,302.06647882765577,1237.2307821423828,0.9216012436914336,214
1361000,5443.999999898914,-1473413.2374814795,286308.87121216214,-1187104.3662693175,300.48685364263,1237.2307821423828,0.9216012436914336,214
1362000,5447.99999989882,-1473325.6473050583,286923.3016001554,-1186402.345704903,301.1317105528921,1237.2307821423828,0.9216012436914336,214
1363000,5451.999999898725,-1473972.4568936238,286830.66719566763,-1187141.7896979563,301.03448890332976,1237.2307821423828,0.9216012436914336,214
1364000,5455.99999989863,-1471971.6777313342,285743.78635259543,-1186227.891378739,299.8937858456966,1237.2307821423828,0.9216012436914336,214
1365000,5459.999999898536,-1472754.5332834534,286512.4856314139,-1186242.0476520397,300.7005510245455,1237.2307821423828,0.9216012436914336,214
1366000,5463.999999898441,-1472792.7317665983,286488.0636647762,-1186304.668101822,300.6749196849239,1237.2307821423828,0.9216012436914336,214
1367000,5467.999999898347,-1473296.922398637,287899.4628085017,-1185397.4595901354,302.1562111521998,1237.2307821423828,0.9216012436914336,214
1368000,5471.999999898252,-1473141.3606566293,288075.99863872863,-1185065.3620179007,302.34148901647103,1237.2307821423828,0.9216012436914336,214
1369000,5475.9999998981575,-1474346.1706368718,286564.2892642559,-1187781.881372616,300.7549199673381,1237.2307821423828,0.9216012436914336,214
1370000,5479.999999898063,-1473413.0112935528,286374.4676287751,-1187038.5436647777,300.5556983862623,1237.2307821423828,0.9216012436914336,214
1371000,5483.999999897968,-1472359.4871123172,286937.6744734789,-1185421.8126388383,301.1467951692524,1237.2307821423828,0.9216012436914336,214
1372000,5487.999999897874,-1474149.578902495,285711.65229674376,-1188437.9266057513,299.8600605150885,1237.2307821423828,0.9216012436914336,214
1373000,5491.999999897779,-1472645.3571693078,286409.373238905,-1186235.983930403,300.59233251819825,1237.2307821423828,0.9216012436914336,214
1374000,5495.999999897685,-1472047.3686827542,285027.46297882625,-1187019.9057039279,299.14199022070153,1237.2307821423828,0.9216012436914336,214
1375000,5499.99999989759,-1473749.5361230904,286886.62599091395,-1186862.9101321765,301.09321877169185,1237.2307821423828,0.9216012436914336,214
1376000,5503.999999897495,-1473641.3470693603,286389.78841942846,-1187251.5586499318,300.57177786070974,1237.2307821423828,0.9216012436914336,214
1377000,5507.999999897401,-1474813.3792918883,286998.19440622476,-1187815.1848856634,301.2103120421194,1237.2307821423828,0.9216012436914336,214
1378000,5511.999999897306,-1474787.709697823,286105.4704461639,-1188682.2392516593,300.27338049405256,1237.2307821423828,0.9216012436914336,214
1379000,5515.999999897212,-1473954.3461014284,286956.6982374141,-1186997.6478640144,301.16676098779357,1237.2307821423828,0.9216012436914336,214
1380000,5519.999999897117,-1474013.7282006796,287577.13660043967,-1186436.59160024,301.8179233873218,1237.2307821423828,0.9216012436914336,214
1381000,5523.9999998970225,-1475128.5258341664,286111.63706038694,-1189016.8887737794,300.2798524783039,1237.2307821423828,0.9216012436914336,214
1382000,5527.999999896928,-1475373.3830343774,287882.8395066635,-1187490.543527714,302.13876466636316,1237.2307821423828,0.9216012436914336,214
1383000,5531.999999896833,-1473189.3749368163,286250.1503034573,-1186939.224633359,300.425224881268,1237.2307821423828,0.9216012436914336,214
1384000,5535.999999896739,-1474000.8873741701,287724.14732607134,-1186276.7400480988,301.972214067208,1237.2307821423828,0.9216012436914336,214
1385000,5539.999999896644,-1473866.9099509483,288108.3348854767,-1185758.5750654717,302.37542655044535,1237.2307821423828,0.9216012436914336,214
1386000,5543.9999998965495,-1472398.8306609038,286495.60326405434,-1185903.2273968495,300.6828326442926,1237.2307821423828,0.9216012436914336,214
1387000,5547.999999896455,-1475123.36069307,287069.9003485711,-1188053.460344499,301.2855688544979,1237.2307821423828,0.9216012436914336,214
1388000,5551.99999989636,-1472774.8688460663,287160.5126112376,-1185614.3562348287,301.38066822600825,1237.2307821423828,0.9216012436914336,214
1389000,5555.999999896266,-1474729.7248483403,287602.301813269,-1187127.4230350712,301.8443347786011,1237.2307821423828,0.9216012436914336,214
1390000,5559.999999896171,-1475469.4078340232,286746.04505440383,-1188723.3627796194,300.9456762833463,1237.2307821423828,0.9216012436914336,214
1391000,5563.999999896077,-1473168.2410002556,287122.0989641696,-1186046.142036086,301.3403523395478,1237.2307821423828,0.9216012436914336,214
1392000,5567.999999895982,-1473981.7969558863,287859.14495621197,-1186122.6519996743,302.1138967644937,1237.2307821423828,0.9216012436914336,214
1393000,5571.999999895887,-1474013.8745141681,287453.80540112825,-1186560.0691130399,301.6884848411804,1237.2307821423828,0.9216012436914336,214
1394000,5575.999999895793,-1474436.3755542496,287254.2226492516,-1187182.152904998,301.47901877434555,1237.2307821423828,0.9216012436914336,214
1395000,5579.999999895698,-1475944.3911984526,287438.99698357045,-1188505.394214882,301.67294311248537,1237.2307821423828,0.9216012436914336,214
1396000,5583.999999895604,-1474204.5068776198,288012.43837331276,-1186192.068504307,302.27478125400927,1237.2307821423828,0.9216012436914336,214
1397000,5587.999999895509,-1473433.7460526498,286234.22298075404,-1187199.5230718958,300.40850883937316,1237.2307821423828,0.9216012436914336,214
1398000,5591.9999998954145,-1475819.5245304098,287841.2781805621,-1187978.2463498479,302.09514522816494,1237.2307821423828,0.9216012436914336,214
1399000,5595.99999989532,-1475414.1579698808,287194.7823776562,-1188219.3755922248,301.41663502732524,1237.2307821423828,0.9216012436914336,214
1400000,5599.999999895225,-1473146.3836044492,286271.28068988,-1186875.1029145692,300.44740164200033,1237.2307821423828,0.9216012436914336,214
1401000,5603.999999895131,-1475316.9786654925,286484.57876175223,-1188832.3999037403,300.67126220990224,1237.2307821423828,0.9216012436914336,214
1402000,5607.999999895036,-1475779.3505069548,287015.22225262586,-1188764.1282543289,301.22818310551924,1237.2307821423828,0.9216012436914336,214
1403000,5611.9999998949415,-1476718.8149983138,285507.3150279394,-1191211.4999703744,299.64560448819356,1237.2307821423828,0.9216012436914336,214
1404000,5615.999999894847,-1476707.1682781195,285840.3098017357,-1190866.8584763838,299.9950891249561,1237.2307821423828,0.9216012436914336,214
1405000,5619.999999894752,-1473718.4639899665,286861.7200022612,-1186856.7439877053,301.0670794413406,1237.2307821423828,0.9216012436914336,214
1406000,5623.999999894658,-1475395.0333403582,285793.76095142297,-1189601.272388935,299.9462351809203,1237.2307821423828,0.9216012436914336,214
1407000,5627.999999894563,-1474469.6570054274,286840.9682543779,-1187628.6887510496,301.0453000692846,1237.2307821423828,0.9216012436914336,214
1408000,5631.999999894469,-1473848.4181337804,285812.9721289498,-1188035.4460048305,299.9663976937526,1237.2307821423828,0.9216012436914336,214
1409000,5635.999999894374,-1473355.7227441715,287679.3516466979,-1185676.3710974737,301.9252001109351,1237.2307821423828,0.9216012436914336,214
1410000,5639.999999894279,-1471986.4623065433,285584.09667023836,-1186402.365636305,299.7261883486036,1237.2307821423828,0.9216012436914336,214
1411000,5643.999999894185,-1473887.757735012,288165.5306384739,-1185722.227096538,302.4354546305642,1237.2307821423828,0.9216012436914336,214
1412000,5647.99999989409,-1474027.787808544,286904.3378136627,-1187123.4499948812,301.1118076818696,1237.2307821423828,0.9216012436914336,214
1413000,5651.999999893996,-1472724.2545533981,286012.0400951081,-1186712.21445829,300.17532348273943,1237.2307821423828,0.9216012436914336,214
1414000,5655.999999893901,-1475063.4205293301,286422.4206553919,-1188640.9998739383,300.60602604125154,1237.2307821423828,0.9216012436914336,214
1415000,5659.9999998938065,-1472917.511558583,287365.4140855958,-1185552.0974729871,301.59571639785133,1237.2307821423828,0.9216012436914336,214
1416000,5663.999999893712,-1472271.0302035213,286862.04653235513,-1185408.983671166,301.0674221411673,1237.2307821423828,0.9216012436914336,214
1417000,5667.999999893617,-1473534.2992848614,286515.517383078,-1187018.7819017833,300.70373290820396,1237.2307821423828,0.9216012436914336,214
1418000,5671.999999893523,-1473455.910582222,285707.16947426973,-1187748.7411079523,299.85535570376027,1237.2307821423828,0.9216012436914336,214
1419000,5675.999999893428,-1474243.2140650414,287709.240471407,-1186533.9735936343,301.9565690268122,1237.2307821423828,0.9216012436914336,214
1420000,5679.999999893334,-1472196.4271586128,287501.24267926824,-1184695.1844793446,301.7382712078875,1237.2307821423828,0.9216012436914336,214
1421000,5683.999999893239,-1474825.482109367,286137.86746080965,-1188687.6146485573,300.30738180514396,1237.2307821423828,0.9216012436914336,214
1422000,5687.999999893144,-1473122.7958049001,287537.4512451201,-1185585.34455978,301.77627281776313,1237.2307821423828,0.9216012436914336,214
1423000,5691.99999989305,-1474867.5124122817,286373.25267368765,-1188494.259738594,300.5544232667384,1237.2307821423828,0.9216012436914336,214
1424000,5695.999999892955,-1473683.0275910469,287366.86922209314,-1186316.1583689537,301.5972435925409,1237.2307821423828,0.9216012436914336,214
1425000,5699.999999892861,-1475076.7847919324,286831.58430241904,-1188245.2004895133,301.03545142510217,1237.2307821423828,0.9216012436914336,214
1426000,5703.999999892766,-1473665.3162982203,286853.00244706345,-1186812.3138511567,301.0579301938103,1237.2307821423828,0.9216012436914336,214
1427000,5707.999999892671,-1471937.3208827116,288143.2556417743,-1183794.0652409373,302.41207657858547,1237.2307821423828,0.9216012436914336,214
1428000,5711.999999892577,-1474774.1871891813,287225.3856391517,-1187548.8015500298,301.44875375881634,1237.2307821423828,0.9216012436914336,214
1429000,5715.999999892482,-1472756.0695817256,285775.4527747104,-1186980.6168070151,299.9270203853989,1237.2307821423828,0.9216012436914336,214
1430000,5719.999999892388,-1473621.338605132,286313.4022980609,-1187307.936307071,300.4916091073822,1237.2307821423828,0.9216012436914336,214
1431000,5723.999999892293,-1474479.8514329381,285859.8543162453,-1188619.9971166928,300.0156014815803,1237.2307821423828,0.9216012436914336,214
1432000,5727.9999998921985,-1475166.0671222955,287338.99516962393,-1187827.0719526715,301.56798922019374,1237.2307821423828,0.9216012436914336,214
1433000,5731.999999892104,-1474471.404115052,285679.63453578716,-1188791.7695792648,299.82645723828546,1237.2307821423828,0.9216012436914336,214
1434000,5735.999999892009,-1474826.2857165504,286730.6076930747,-1188095.6780234757,300.9294744656565,1237.2307821423828,0.9216012436914336,214
1435000,5739.999999891915,-1472112.6606317991,286325.09405345365,-1185787.5665783454,300.5038798371597,1237.2307821423828,0.9216012436914336,214
1436000,5743.99999989182,-1474359.6041091736,285898.4072820139,-1188461.1968271597,300.0560635857874,1237.2307821423828,0.9216012436914336,214
1437000,5747.999999891726,-1474827.181615781,286024.40027423424,-1188802.7813415467,300.18829573651686,1237.2307821423828,0.9216012436914336,214
1438000,5751.999999891631,-1476020.0184660451,286156.40993360983,-1189863.6085324353,300.3268424990683,1237.2307821423828,0.9216012436914336,214
1439000,5755.999999891536,-1474556.1018438004,288687.73961238307,-1185868.3622314173,302.983523332905,1237.2307821423828,0.9216012436914336,214
1440000,5759.999999891442,-1474209.6942588529,286890.707577171,-1187318.9866816818,301.09750247763174,1237.2307821423828,0.9216012436914336,214
1441000,5763.999999891347,-1473959.977022131,287141.77276194876,-1186818.204260182,301.3610003815342,1237.2307821423828,0.9216012436914336,214
1442000,5767.999999891253,-1474616.8005577093,285872.3768039673,-1188744.4237537421,300.0287440814565,1237.2307821423828,0.9216012436914336,214
1443000,5771.999999891158,-1474207.2227042504,286212.4555959271,-1187994.7671083233,300.3856635361487,1237.2307821423828,0.9216012436914336,214
1444000,5775.999999891063,-1474074.3272067783,287603.12905309245,-1186471.1981536858,301.84520298324566,1237.2307821423828,0.9216012436914336,214
1445000,5779.999999890969,-1473159.636663816,288262.96126632823,-1184896.6753974878,302.5377100119236,1237.2307821423828,0.9216012436914336,214
1446000,5783.999999890874,-1474482.542872942,288300.97308888246,-1186181.5697840597,302.5776041755665,1237.2307821423828,0.9216012436914336,214
1447000,5787.99999989078,-1475621.8443862433,285494.3419257731,-1190127.5024604702,299.63198895949745,1237.2307821423828,0.9216012436914336,214
1448000,5791.999999890685,-1475806.4068028806,287521.54969013575,-1188284.8571127448,301.75958381960174,1237.2307821423828,0.9216012436914336,214
1449000,5795.9999998905905,-1473911.7612940073,285887.4905365877,-1188024.2707574195,300.04460624438104,1237.2307821423828,0.9216012436914336,214
1450000,5799.999999890496,-1477316.4868789492,286572.218072432,-1190744.2688065171,300.76324140918473,1237.2307821423828,0.9216012436914336,214
1451000,5803.999999890401,-1478404.326678087,285332.7934198709,-1193071.533258216,299.4624405901308,1237.2307821423828,0.9216012436914336,214
1452000,5807.999999890307,-1475458.728194912,287431.4943452918,-1188027.2338496202,301.66506894442057,1237.2307821423828,0.9216012436914336,214
1453000,5811.999999890212,-1476571.0765989488,286837.48459133186,-1189733.592007617,301.04164389564454,1237.2307821423828,0.9216012436914336,214
1454000,5815.999999890118,-1473871.147550379,287562.5637474795,-1186308.5838028993,301.8026288883562,1237.2307821423828,0.9216012436914336,214
1455000,5819.999999890023,-1473645.5027515944,284093.3121610469,-1189552.1905905474,298.1615803616783,1237.2307821423828,0.9216012436914336,214
1456000,5823.999999889928,-1476331.2363874633,285988.7395294609,-1190342.4968580024,300.1508690757566,1237.2307821423828,0.9216012436914336,214
1457000,5827.999999889834,-1474462.9121468365,287110.61058324354,-1187352.301563593,301.32829505531726,1237.2307821423828,0.9216012436914336,214
1458000,5831.999999889739,-1474293.8964739488,287245.4698173257,-1187048.4266566231,301.46983250318766,1237.2307821423828,0.9216012436914336,214
1459000,5835.999999889645,-1475213.6756772194,286797.0165962808,-1188416.6590809387,300.9991719301248,1237.2307821423828,0.9216012436914336,214
1460000,5839.99999988955,-1474909.4873376694,287937.91067709285,-1186971.5766605765,302.1965629548293,1237.2307821423828,0.9216012436914336,214
1461000,5843.9999998894555,-1475733.448242166,286377.05885839055,-1189356.3893837756,300.5584179332708,1237.2307821423828,0.9216012436914336,214
1462000,5847.999999889361,-1472678.3919854304,285181.8376824731,-1187496.5543029574,299.3040095419488,1237.2307821423828,0.9216012436914336,214
1463000,5851.999999889266,-1472906.2352023954,285737.40540584613,-1187168.8297965492,299.8870889151969,1237.2307821423828,0.9216012436914336,214
1464000,5855.999999889172,-1474606.3517591385,288820.72018443386,-1185785.6315747048,303.1230890876159,1237.2307821423828,0.9216012436914336,214
1465000,5859.999999889077,-1474141.872544921,284466.5082706917,-1189675.3642742294,298.553257099825,1237.2307821423828,0.9216012436914336,214
1466000,5863.9999998889825,-1475570.238956852,287803.9705329033,-1187766.2684239487,302.0559901100775,1237.2307821423828,0.9216012436914336,214
1467000,5867.999999888888,-1473696.8062201487,285964.89196837094,-1187731.9142517778,300.12584058617955,1237.2307821423828,0.9216012436914336,214
1468000,5871.999999888793,-1476694.5862934794,286160.83077545435,-1190533.755518025,300.3314822604934,1237.2307821423828,0.9216012436914336,214
1469000,5875.999999888699,-1474803.680506031,286566.2523951138,-1188237.428110917,300.75698031221077,1237.2307821423828,0.9216012436914336,214
1470000,5879.999999888604,-1474596.7285995232,286719.8290302051,-1187876.8995693182,300.9181620446392,1237.2307821423828,0.9216012436914336,214
1471000,5883.99999988851,-1475520.2066787416,287504.0658893448,-1188016.1407893968,301.7412342230029,1237.2307821423828,0.9216012436914336,214
1472000,5887.999999888415,-1475813.1469980227,286801.8350293882,-1189011.3119686344,301.00422897148644,1237.2307821423828,0.9216012436914336,214
1473000,5891.99999988832,-1473021.273373466,286112.6009071271,-1186908.6724663388,300.280864054624,1237.2307821423828,0.9216012436914336,214
1474000,5895.999999888226,-1476188.5864264453,287828.85917632596,-1188359.7272501192,302.08211123626495,1237.2307821423828,0.9216012436914336,214
1475000,5899.999999888131,-1474306.8987854822,288160.1911784732,-1186146.707607009,302.4298507611173,1237.2307821423828,0.9216012436914336,214
1476000,5903.999999888037,-1474638.5494887382,288802.7373794293,-1185835.8121093088,303.1042157761721,1237.2307821423828,0.9216012436914336,214
1477000,5907.999999887942,-1475222.3989660917,286441.06399183156,-1188781.33497426,300.6255925935712,1237.2307821423828,0.9216012436914336,214
1478000,5911.9999998878475,-1476954.5317659955,286720.75558005716,-1190233.7761859384,300.9191344771335,1237.2307821423828,0.9216012436914336,213
1479000,5915.999999887753,-1473722.0453773644,286925.0880330052,-1186796.9573443593,301.13358544969157,1237.2307821423828,0.9216012436914336,214
1480000,5919.999999887658,-1475367.3017338393,286821.55096150056,-1188545.7507723388,301.02492123429334,1237.2307821423828,0.9216012436914336,213
1481000,5923.999999887564,-1474407.6933114538,286572.744859586,-1187834.9484518678,300.7637942827782,1237.2307821423828,0.9216012436914336,213
1482000,5927.999999887469,-1476293.5876223845,286777.50031290046,-1189516.0873094841,300.9786892026322,1237.2307821423828,0.9216012436914336,214
1483000,5931.9999998873745,-1476152.6130249044,288316.13969848235,-1187836.473326422,302.5935218339324,1237.2307821423828,0.9216012436914336,213
1484000,5935.99999988728,-1476427.7555440152,287242.45358112536,-1189185.3019628897,301.46666690331693,1237.2307821423828,0.9216012436914336,214
1485000,5939.999999887185,-1474627.1820963845,285668.82327576564,-1188958.3588206188,299.8151106059089,1237.2307821423828,0.9216012436914336,213
1486000,5943.999999887091,-1475087.6921627698,287849.65580140916,-1187238.0363613607,302.1039377078346,1237.2307821423828,0.9216012436914336,213
1487000,5947.999999886996,-1475216.9963259958,286713.3760043791,-1188503.6203216165,300.91138946571516,1237.2307821423828,0.9216012436914336,213
1488000,5951.999999886902,-1475863.968688217,287328.13925996213,-1188535.8294282549,301.5565957271319,1237.2307821423828,0.9216012436914336,213
1489000,5955.999999886807,-1474844.9201738779,285622.0564539005,-1189222.8637199774,299.76602789639446,1237.2307821423828,0.9216012436914336,213
1490000,5959.999999886712,-1473787.5240561236,287886.1377548087,-1185901.386301315,302.1422262433778,1237.2307821423828,0.9216012436914336,213
1491000,5963.999999886618,-1475136.4472568585,287453.6265584412,-1187682.8206984173,301.6882971422241,1237.2307821423828,0.9216012436914336,213
1492000,5967.999999886523,-1473381.2645661766,287924.4105894951,-1185456.8539766814,302.18239434444365,1237.2307821423828,0.9216012436914336,213
1493000,5971.999999886429,-1474839.3816533107,286288.60820330214,-1188550.7734500086,300.4655872118977,1237.2307821423828,0.9216012436914336,213
1494000,5975.999999886334,-1475688.8015703121,288317.23948084965,-1187371.5620894625,302.5946760773963,1237.2307821423828,0.9216012436914336,213
1495000,5979.9999998862395,-1473895.3103268659,286741.03673108073,-1187154.2735957853,300.94041994842723,1237.2307821423828,0.9216012436914336,213
1496000,5983.999999886145,-1474672.5749830594,286625.1564896249,-1188047.4184934346,300.81880133071905,1237.2307821423828,0.9216012436914336,213
1497000,5987.99999988605,-1474974.9490928324,285231.0479183271,-1189743.9011745052,299.3556566630323,1237.2307821423828,0.9216012436914336,213
1498000,5991.999999885956,-1473873.69770581,287000.18359574326,-1186873.5141100667,301.2123997360744,1237.2307821423828,0.9216012436914336,213
1499000,5995.999999885861,-1475445.380916575,288503.2647729579,-1186942.116143617,302.7899133206116,1237.2307821423828,0.9216012436914336,213
1500000,5999.999999885767,-1476427.570401433,288247.7797762883,-1188179.7906251447,302.52177673623993,1237.2307821423828,0.9216012436914336,213
1501000,6003.999999885672,-1476881.2869601222,286149.9187733766,-1190731.3681867456,300.3200298973256,1237.2307821423828,0.9216012436914336,213
1502000,6007.999999885577,-1473894.7461471334,286587.4095224739,-1187307.3366246596,300.7791851380886,1237.2307821423828,0.9216012436914336,213
1503000,6011.999999885483,-1475600.1551030716,285911.9102383923,-1189688.2448646794,300.0702352070153,1237.2307821423828,0.9216012436914336,213
1504000,6015.999999885388,-1475325.3064956535,288515.75239356933,-1186809.5541020841,302.80301932676196,1237.2307821423828,0.9216012436914336,213
1505000,6019.999999885294,-1475791.2690490969,287677.20561328006,-1188114.0634358167,301.9229478061888,1237.2307821423828,0.9216012436914336,213
1506000,6023.999999885199,-1474314.7337399796,287077.05045522406,-1187237.6832847556,301.2930730336114,1237.2307821423828,0.9216012436914336,213
1507000,6027.999999885104,-1472646.5845739553,285855.1616117423,-1186791.422962213,300.01067639488906,1237.2307821423828,0.9216012436914336,213
1508000,6031.99999988501,-1473927.945594104,286755.19521401974,-1187172.7503800844,300.9552795578158,1237.2307821423828,0.9216012436914336,213
1509000,6035.999999884915,-1472781.1694107903,284456.9723619248,-1188324.1970488655,298.5432489739508,1237.2307821423828,0.9216012436914336,213
1510000,6039.999999884821,-1473822.2755940156,287667.0217215313,-1186155.2538724844,301.91225960928983,1237.2307821423828,0.9216012436914336,213
1511000,6043.999999884726,-1473271.533670731,287380.8658323607,-1185890.6678383702,301.611933313342,1237.2307821423828,0.9216012436914336,213
1512000,6047.9999998846315,-1472279.1154321805,286208.0283097109,-1186071.0871224697,300.3810170112274,1237.2307821423828,0.9216012436914336,213
1513000,6051.999999884537,-1471567.9384838678,287166.07913360395,-1184401.8593502638,301.38651040192303,1237.2307821423828,0.9216012436914336,213
1514000,6055.999999884442,-1473860.2651940351,288858.4749060193,-1185001.7902880157,303.1627134186795,1237.2307821423828,0.9216012436914336,213
1515000,6059.999999884348,-1474568.902042483,287679.64248198667,-1186889.2595604963,301.92550534835397,1237.2307821423828,0.9216012436914336,213
1516000,6063.999999884253,-1474249.8991060853,286200.66666538455,-1188049.2324407008,300.37329081911923,1237.2307821423828,0.9216012436914336,213
1517000,6067.999999884159,-1474877.890891227,287517.24186398496,-1187360.6490272419,301.75506267039447,1237.2307821423828,0.9216012436914336,213
1518000,6071.999999884064,-1473806.6437340835,286408.1887473195,-1187398.4549867641,300.59108937072546,1237.2307821423828,0.9216012436914336,213
1519000,6075.999999883969,-1472369.8751575127,286492.81090951926,-1185877.0642479935,300.67990201268157,1237.2307821423828,0.9216012436914336,213
1520000,6079.999999883875,-1472706.5149114672,286992.90250464936,-1185713.6124068177,301.2047580861855,1237.2307821423828,0.9216012436914336,213
1521000,6083.99999988378,-1474139.5120543754,286708.2540243309,-1187431.2580300444,300.906013845803,1237.2307821423828,0.9216012436914336,213
1522000,6087.999999883686,-1475281.7594022974,286883.0582458752,-1188398.7011564223,301.0894743523284,1237.2307821423828,0.9216012436914336,213
1523000,6091.999999883591,-1474798.2862693667,286491.11965427944,-1188307.1666150873,300.67812700667645,1237.2307821423828,0.9216012436914336,213
1524000,6095.9999998834965,-1473685.9108327013,286745.88859047316,-1186940.022242228,300.94551207133975,1237.2307821423828,0.9216012436914336,213
1525000,6099.999999883402,-1475119.6754943514,286582.0517493175,-1188537.623745034,300.7735620486206,1237.2307821423828,0.9216012436914336,213
1526000,6103.999999883307,-1475773.0144390203,286493.63201452047,-1189279.3824244998,300.6807637787082,1237.2307821423828,0.9216012436914336,213
1527000,6107.999999883213,-1477222.0993297193,287815.5676586422,-1189406.531671077,302.0681615241515,1237.2307821423828,0.9216012436914336,213
1528000,6111.999999883118,-1473911.6916646948,286559.38739747956,-1187352.3042672153,300.74977536068184,1237.2307821423828,0.9216012436914336,213
1529000,6115.9999998830235,-1473471.6640891517,287897.1342226267,-1185574.529866525,302.15376725501966,1237.2307821423828,0.9216012436914336,213
1530000,6119.999999882929,-1475648.1353819584,287145.38825198525,-1188502.7471299733,301.36479491022214,1237.2307821423828,0.9216012436914336,213
1531000,6123.999999882834,-1474016.2585654696,287921.579544139,-1186094.6790213306,302.17942310604656,1237.2307821423828,0.9216012436914336,213
1532000,6127.99999988274,-1473733.6734062089,287483.8419028299,-1186249.831503379,301.7200087469978,1237.2307821423828,0.9216012436914336,213
1533000,6131.999999882645,-1476182.2218515705,286505.3393493096,-1189676.8825022609,300.6930508593719,1237.2307821423828,0.9216012436914336,213
1534000,6135.999999882551,-1475764.6048040278,286770.11642581044,-1188994.4883782174,300.9709396663012,1237.2307821423828,0.9216012436914336,213
1535000,6139.999999882456,-1474283.081300971,286851.0448771897,-1187432.0364237814,301.05587568530115,1237.2307821423828,0.9216012436914336,213
1536000,6143.999999882361,-1474721.7398578674,286782.73266585486,-1187939.0071920124,300.9841806611042,1237.2307821423828,0.9216012436914336,213
1537000,6147.999999882267,-1476374.1434219535,286326.8882454445,-1190047.255176509,300.5057628773319,1237.2307821423828,0.9216012436914336,213
1538000,6151.999999882172,-1476673.8793481458,286325.97769470286,-1190347.901653443,300.50480723622206,1237.2307821423828,0.9216012436914336,213
1539000,6155.999999882078,-1475206.070539413,286932.76037267235,-1188273.3101667408,301.1416377227381,1237.2307821423828,0.9216012436914336,213
1540000,6159.999999881983,-1475406.6571441777,285961.5558142693,-1189445.1013299085,300.1223392261098,1237.2307821423828,0.9216012436914336,213
1541000,6163.9999998818885,-1473663.8767171642,286381.8655922407,-1187282.0111249234,300.5634626960294,1237.2307821423828,0.9216012436914336,213
1542000,6167.999999881794,-1474081.201454089,285229.9971023014,-1188851.2043517877,299.3545538107176,1237.2307821423828,0.9216012436914336,213
1543000,6171.999999881699,-1475035.9631098518,287298.7884692822,-1187737.1746405696,301.5257914886674,1237.2307821423828,0.9216012436914336,213
1544000,6175.999999881605,-1473323.057854238,286515.40892160963,-1186807.6489326283,300.7036190757361,1237.2307821423828,0.9216012436914336,213
1545000,6179.99999988151,-1473600.7822317472,287411.0824662452,-1186189.699765502,301.64364627146716,1237.2307821423828,0.9216012436914336,213
1546000,6183.9999998814155,-1476572.9141794816,288050.98207724054,-1188521.932102241,302.3152336377302,1237.2307821423828,0.9216012436914336,213
1547000,6187.999999881321,-1473249.7438573772,287561.29751217266,-1185688.4463452045,301.80129994922225,1237.2307821423828,0.9216012436914336,213
1548000,6191.999999881226,-1473843.950487012,286740.1362405311,-1187103.8142464808,300.939474865689,1237.2307821423828,0.9216012436914336,213
1549000,6195.999999881132,-1472806.1145840436,286768.38951184106,-1186037.7250722025,300.96912723575036,1237.2307821423828,0.9216012436914336,213
1550000,6199.999999881037,-1474395.5044249594,285058.6573131596,-1189336.8471117998,299.1747292948896,1237.2307821423828,0.9216012436914336,213
1551000,6203.999999880943,-1476286.1985792676,286317.1688803501,-1189969.0296989176,300.4955622103939,1237.2307821423828,0.9216012436914336,213
