#"Step","Time (ps)","Potential Energy (kJ/mole)","Kinetic Energy (kJ/mole)","Total Energy (kJ/mole)","Temperature (K)","Box Volume (nm^3)","Density (g/mL)","Speed (ns/day)"
1000,4.000000000000003,-1853709.2658136068,6729.571831371824,-1846979.693982235,7.062819455819543,1237.2307821423828,0.9216012436914336,0
2000,7.999999999999562,-1852255.7658136068,11711.798610556463,-1840543.9672030504,12.291765533085385,1237.2307821423828,0.9216012436914336,289
3000,11.999999999999122,-1848468.2658136068,17300.331599578225,-1831167.9342140285,18.157042034087695,1237.2307821423828,0.9216012436914336,300
4000,15.999999999998682,-1845139.2658136068,23116.053964510917,-1822023.2118490958,24.26075830281177,1237.2307821423828,0.9216012436914336,351
5000,20.000000000000018,-1841858.7658136068,28958.036101183334,-1812900.7297124234,30.39203472415716,1237.2307821423828,0.9216012436914336,357
6000,24.000000000001354,-1838636.7658136068,34609.05934116317,-1804027.7064724436,36.3228959861703,1237.2307821423828,0.9216012436914336,381
7000,28.00000000000269,-1835078.7658136068,40258.861209703566,-1794819.9046039032,42.252475394570546,1237.2307821423828,0.9216012436914336,399
8000,32.00000000000402,-1831228.7658136068,46118.165616521364,-1785110.6001970854,48.401931882890096,1237.2307821423828,0.9216012436914336,378
9000,36.000000000001805,-1827914.7658136068,52092.41972614185,-1775822.3460874648,54.67203037009742,1237.2307821423828,0.9216012436914336,392
10000,39.99999999999959,-1824180.7658136068,57397.570616454905,-1766783.195197152,60.239891723398884,1237.2307821423828,0.9216012436914336,382
11000,43.99999999999737,-1820383.7658136068,63568.42770658394,-1756815.338107023,66.71632894813698,1237.2307821423828,0.9216012436914336,392
12000,47.999999999995154,-1816624.7658136068,69077.85089800469,-1747546.9149156022,72.4985781434439,1237.2307821423828,0.9216012436914336,400
13000,51.99999999999294,-1812851.2658136068,74630.65686002324,-1738220.6089535835,78.32635841916773,1237.2307821423828,0.9216012436914336,396
14000,55.99999999999072,-1808174.2658136068,80241.07671689663,-1727933.1890967102,84.21460562320478,1237.2307821423828,0.9216012436914336,402
15000,59.9999999999885,-1804260.7658136068,86268.62687643504,-1717992.1389371718,90.54063937460288,1237.2307821423828,0.9216012436914336,390
16000,63.99999999998629,-1799826.7658136068,91840.8198508619,-1707985.945962745,96.3887667053636,1237.2307821423828,0.9216012436914336,395
17000,67.99999999999118,-1795838.7658136068,97693.95104082144,-1698144.8147727854,102.53174427983483,1237.2307821423828,0.9216012436914336,400
18000,71.99999999999606,-1790950.2658136068,104323.50933161395,-1686626.7564819928,109.48959753602843,1237.2307821423828,0.9216012436914336,397
19000,76.00000000000095,-1786489.7658136068,109215.81293571467,-1677273.9528778922,114.62416745290452,1237.2307821423828,0.9216012436914336,401
20000,80.00000000000584,-1781549.7658136068,114654.67163471434,-1666895.0941788924,120.33235781022739,1237.2307821423828,0.9216012436914336,392
21000,84.00000000001073,-1777205.7658136068,120668.43212496107,-1656537.3336886456,126.6439190294937,1237.2307821423828,0.9216012436914336,397
22000,88.00000000001562,-1771364.7658136068,126096.69838873047,-1645268.0674248764,132.34099241540986,1237.2307821423828,0.9216012436914336,400
23000,92.0000000000205,-1766772.7658136068,131601.5714551061,-1635171.1943585007,138.11846616400186,1237.2307821423828,0.9216012436914336,398
24000,96.0000000000254,-1760303.7658136068,137319.70318976074,-1622984.062623846,144.11975912564114,1237.2307821423828,0.9216012436914336,401
25000,100.00000000003028,-1755880.7658136068,143419.7237446898,-1612461.042068917,150.52185199808912,1237.2307821423828,0.9216012436914336,394
26000,104.00000000003517,-1749195.7658136068,149115.50049708717,-1600080.2653165197,156.4996829613164,1237.2307821423828,0.9216012436914336,397
27000,108.00000000004006,-1743455.7658136068,154979.90297939983,-1588475.862834207,162.654489981244,1237.2307821423828,0.9216012436914336,399
28000,112.00000000004495,-1736169.2658136068,160492.0428935537,-1575677.2229200532,168.43959043108188,1237.2307821423828,0.9216012436914336,395
29000,116.00000000004984,-1730053.7658136068,166122.60965638887,-1563931.156157218,174.34898221355084,1237.2307821423828,0.9216012436914336,397
30000,120.00000000005473,-1722552.7658136068,172234.69571081258,-1550318.070102794,180.76373806764315,1237.2307821423828,0.9216012436914336,395
31000,124.00000000005961,-1714590.2658136068,176825.02785574627,-1537765.2379578606,185.5813829333645,1237.2307821423828,0.9216012436914336,397
32000,128.0000000000645,-1707183.7658136068,183414.40221851584,-1523769.363595091,192.49706235803308,1237.2307821423828,0.9216012436914336,399
33000,132.00000000005517,-1696969.7658136068,188515.15012821538,-1508454.6156853915,197.85039871858916,1237.2307821423828,0.9216012436914336,393
34000,136.00000000004584,-1685975.7658136068,194812.53243391812,-1491163.2333796886,204.45962667304943,1237.2307821423828,0.9216012436914336,395
35000,140.00000000003652,-1674344.2658136068,200341.58858021605,-1474002.6772333907,210.26248104490494,1237.2307821423828,0.9216012436914336,391
36000,144.0000000000272,-1660200.7658136068,204447.73426569498,-1455753.031547912,214.5719625932902,1237.2307821423828,0.9216012436914336,393
37000,148.00000000001788,-1644588.2658136068,210535.12303611165,-1434053.142777495,220.960798156707,1237.2307821423828,0.9216012436914336,395
38000,152.00000000000855,-1628550.7658136068,217833.07905667432,-1410717.6867569324,228.62014812150827,1237.2307821423828,0.9216012436914336,393
39000,155.99999999999923,-1612491.7658136068,221779.20629733807,-1390712.5595162688,232.76168713006328,1237.2307821423828,0.9216012436914336,394
40000,159.9999999999899,-1595331.2658136068,229155.66632466685,-1366175.5994889399,240.50342861103243,1237.2307821423828,0.9216012436914336,388
41000,163.9999999999806,-1581055.2658136068,234316.76037137903,-1346738.5054422277,245.92009944237753,1237.2307821423828,0.9216012436914336,389
42000,167.99999999997127,-1566682.7658136068,240013.1331583191,-1326669.6326552876,251.89855595570964,1237.2307821423828,0.9216012436914336,391
43000,171.99999999996194,-1552884.7658136068,245599.6299758238,-1307285.135837783,257.76169545421516,1237.2307821423828,0.9216012436914336,389
44000,175.99999999995262,-1543116.7658136068,251153.46886855393,-1291963.296945053,263.5905598112608,1237.2307821423828,0.9216012436914336,390
45000,179.9999999999433,-1530420.7658136068,257124.29707268503,-1273296.4687409217,269.85706274253226,1237.2307821423828,0.9216012436914336,386
46000,183.99999999993398,-1517605.2658136068,262783.3996143217,-1254821.866199285,275.7964033922927,1237.2307821423828,0.9216012436914336,387
47000,187.99999999992465,-1505944.2658136068,269626.2245504247,-1236318.0412631822,282.9780842335868,1237.2307821423828,0.9216012436914336,388
48000,191.99999999991533,-1494133.2658136068,274983.28890766227,-1219149.9769059445,288.6004298027345,1237.2307821423828,0.9216012436914336,385
49000,195.999999999906,-1480539.7658136068,280423.4413514535,-1200116.3244621533,294.30997797094244,1237.2307821423828,0.9216012436914336,386
50000,199.9999999998967,-1471042.2658136068,286931.4337851077,-1184110.832028499,301.14024544270956,1237.2307821423828,0.9216012436914336,384
51000,203.99999999988736,-1471551.7658136068,288505.9000902418,-1183045.865723365,302.7926791385048,1237.2307821423828,0.9216012436914336,385
52000,207.99999999987804,-1469421.2717726072,286598.5107056958,-1182822.7610669115,300.7908360506291,1237.2307821423828,0.9216012436914336,343
53000,211.99999999986872,-1472071.7368057286,287707.30136551324,-1184364.4354402153,301.9545338966172,1237.2307821423828,0.9216012436914336,337
54000,215.9999999998594,-1472761.3564321762,288345.960529251,-1184415.3959029252,302.6248193888169,1237.2307821423828,0.9216012436914336,334
55000,219.99999999985008,-1473335.8398836395,286469.22279326606,-1186866.6170903733,300.65514581561973,1237.2307821423828,0.9216012436914336,329
56000,223.99999999984075,-1473483.1705228733,287200.41983312846,-1186282.750689745,301.4225516489453,1237.2307821423828,0.9216012436914336,327
57000,227.99999999983143,-1474143.3372506648,286866.17903345305,-1187277.1582172117,301.0717592832451,1237.2307821423828,0.9216012436914336,325
58000,231.9999999998221,-1474370.2131073754,287489.0262969744,-1186881.186810401,301.7254498717451,1237.2307821423828,0.9216012436914336,321
59000,235.9999999998128,-1472861.4253823953,285502.8547250526,-1187358.5706573427,299.6409233116199,1237.2307821423828,0.9216012436914336,319
60000,239.99999999980346,-1473017.3315558769,286869.05460615736,-1186148.2769497195,301.07477725397956,1237.2307821423828,0.9216012436914336,316
61000,243.99999999979414,-1474831.6500797933,287646.6137835792,-1187185.036296214,301.8908410725935,1237.2307821423828,0.9216012436914336,315
62000,247.99999999978482,-1474227.4184907703,286970.43174777663,-1187256.9867429936,301.1811745800124,1237.2307821423828,0.9216012436914336,313
63000,251.9999999997755,-1473901.6084711514,286135.52379158675,-1187766.0846795647,300.3049220776902,1237.2307821423828,0.9216012436914336,309
64000,255.99999999976617,-1472525.8618893493,287681.5908013706,-1184844.2710879787,301.92755014829015,1237.2307821423828,0.9216012436914336,308
65000,259.99999999978525,-1472702.748923025,286064.6845548,-1186638.0643682252,300.230574890031,1237.2307821423828,0.9216012436914336,306
66000,263.99999999980434,-1471757.5976261199,286812.2155432095,-1184945.3820829103,301.01512352716037,1237.2307821423828,0.9216012436914336,304
67000,267.99999999982344,-1475804.379412177,286255.98327360954,-1189548.3961385675,300.4313466994325,1237.2307821423828,0.9216012436914336,303
68000,271.99999999984254,-1473161.9444232201,286074.1452614524,-1187087.7991617676,300.2405040897907,1237.2307821423828,0.9216012436914336,300
69000,275.99999999986164,-1473271.7295842562,286235.5219792254,-1187036.2076050309,300.4098721640996,1237.2307821423828,0.9216012436914336,299
70000,279.99999999988074,-1473349.435187094,288590.6442190381,-1184758.7909680558,302.8816197868294,1237.2307821423828,0.9216012436914336,296
71000,283.99999999989984,-1473820.5730751418,288552.6072041458,-1185267.965870996,302.8416991833268,1237.2307821423828,0.9216012436914336,295
72000,287.99999999991894,-1475510.9977252102,287133.7113021035,-1188377.2864231067,301.3525397191229,1237.2307821423828,0.9216012436914336,294
73000,291.99999999993804,-1473904.4314990984,287143.8337785121,-1186760.5977205862,301.36316345940105,1237.2307821423828,0.9216012436914336,292
74000,295.99999999995714,-1472973.963939065,285238.09902158903,-1187735.8649174762,299.3630569361182,1237.2307821423828,0.9216012436914336,292
75000,299.99999999997624,-1475053.1422451194,286621.5101244873,-1188431.632120632,300.81497439799847,1237.2307821423828,0.9216012436914336,289
76000,303.99999999999534,-1475064.1933967583,285854.56068278966,-1189209.6327139686,300.0100457080037,1237.2307821423828,0.9216012436914336,288
77000,308.00000000001444,-1474277.1308111819,287281.0329614687,-1186996.0978497132,301.5071567301454,1237.2307821423828,0.9216012436914336,288
78000,312.00000000003354,-1474833.4970421493,286719.16550258495,-1188114.3315395643,300.91746565920744,1237.2307821423828,0.9216012436914336,286
79000,316.00000000005264,-1472191.8717062129,284687.2776309535,-1187504.5940752593,298.7849589334598,1237.2307821423828,0.9216012436914336,286
80000,320.00000000007174,-1475342.577166575,286692.6021502677,-1188649.9750163073,300.8895868927333,1237.2307821423828,0.9216012436914336,284
81000,324.00000000009084,-1473435.8655647272,287132.74450307735,-1186303.1210616499,301.35152504432,1237.2307821423828,0.9216012436914336,283
82000,328.00000000010994,-1473934.7049619164,286238.52458054875,-1187696.1803813677,300.4130234538958,1237.2307821423828,0.9216012436914336,283
83000,332.00000000012903,-1472956.3509385064,287465.66197163134,-1185490.688966875,301.7009285476936,1237.2307821423828,0.9216012436914336,281
84000,336.00000000014813,-1475699.4642204447,287668.9092235607,-1188030.554996884,301.91424058020306,1237.2307821423828,0.9216012436914336,280
85000,340.00000000016723,-1472995.9332831092,287911.15897714574,-1185084.7743059634,302.1684865137722,1237.2307821423828,0.9216012436914336,279
86000,344.00000000018633,-1472401.8050260646,284431.4982232397,-1187970.306802825,298.51651335884276,1237.2307821423828,0.9216012436914336,278
87000,348.00000000020543,-1474579.5056270203,287157.04466652847,-1187422.4609604918,301.37702854907525,1237.2307821423828,0.9216012436914336,278
88000,352.00000000022453,-1474463.5633842358,287115.2005483659,-1187348.36283587,301.3331123149855,1237.2307821423828,0.9216012436914336,277
89000,356.00000000024363,-1474034.3418039046,285490.9774887936,-1188543.364315111,299.62845791598505,1237.2307821423828,0.9216012436914336,276
90000,360.00000000026273,-1474114.0366343465,286015.8458503255,-1188098.190784021,300.1793176985182,1237.2307821423828,0.9216012436914336,274
91000,364.00000000028183,-1473043.4224968012,287945.64526026876,-1185097.7772365324,302.20468055367604,1237.2307821423828,0.9216012436914336,274
92000,368.00000000030093,-1473330.6279106364,286383.8920416279,-1186946.7358690086,300.5655894949575,1237.2307821423828,0.9216012436914336,274
93000,372.00000000032003,-1474434.3629218545,287411.68093524256,-1187022.6819866118,301.64427437658054,1237.2307821423828,0.9216012436914336,272
94000,376.0000000003391,-1475950.3986543817,287412.30925270915,-1188538.0894016726,301.6449338082559,1237.2307821423828,0.9216012436914336,272
95000,380.0000000003582,-1475016.716541281,287225.51681459474,-1187791.1997266863,301.44889143005224,1237.2307821423828,0.9216012436914336,271
96000,384.0000000003773,-1475263.5360224359,287611.118804678,-1187652.417217758,301.85358838641235,1237.2307821423828,0.9216012436914336,271
97000,388.0000000003964,-1476587.2246193327,285635.7137128912,-1190951.5109064416,299.7803614612823,1237.2307821423828,0.9216012436914336,270
98000,392.0000000004155,-1473492.043748214,287885.07112621574,-1185606.9726219983,302.1411067954594,1237.2307821423828,0.9216012436914336,269
99000,396.0000000004346,-1474001.7772951676,285820.5867737521,-1188181.1905214153,299.9743894148912,1237.2307821423828,0.9216012436914336,268
100000,400.0000000004537,-1475686.9327684222,287411.74027909595,-1188275.1924893262,301.6443366591347,1237.2307821423828,0.9216012436914336,267
101000,404.0000000004728,-1475687.130923396,287983.5228739437,-1187703.6080494523,302.24443386243126,1237.2307821423828,0.9216012436914336,267
102000,408.0000000004919,-1474494.8376860395,288400.11520650407,-1186094.7224795355,302.68165579946987,1237.2307821423828,0.9216012436914336,267
103000,412.000000000511,-1471866.7841541208,285999.6699910869,-1185867.114163034,300.16234081258733,1237.2307821423828,0.9216012436914336,265
104000,416.0000000005301,-1473943.3468361748,286548.2362818988,-1187395.110554276,300.7380720431378,1237.2307821423828,0.9216012436914336,265
105000,420.0000000005492,-1473051.6124825636,285325.4943158752,-1187726.1181666884,299.45478003534333,1237.2307821423828,0.9216012436914336,264
106000,424.0000000005683,-1472422.0707245842,286451.73754263937,-1185970.3331819447,300.6367946973895,1237.2307821423828,0.9216012436914336,264
107000,428.0000000005874,-1474566.4356002687,285836.7229207945,-1188729.7126794741,299.9913246220826,1237.2307821423828,0.9216012436914336,264
108000,432.0000000006065,-1474325.0378704881,286257.5682120479,-1188067.4696584402,300.43301012384035,1237.2307821423828,0.9216012436914336,262
109000,436.0000000006256,-1473481.233594725,288203.80481050437,-1185277.4287842205,302.4756241351992,1237.2307821423828,0.9216012436914336,262
110000,440.0000000006447,-1471791.5723166186,288493.2047412888,-1183298.3675753297,302.77935511732926,1237.2307821423828,0.9216012436914336,261
111000,444.0000000006638,-1474346.7114154492,285300.01275256573,-1189046.6986628834,299.4280366279444,1237.2307821423828,0.9216012436914336,261
112000,448.0000000006829,-1471552.0437910883,286548.99083841353,-1185003.0529526747,300.7388639652045,1237.2307821423828,0.9216012436914336,261
113000,452.000000000702,-1472236.4911396187,286234.4476312788,-1186002.04350834,300.40874461456605,1237.2307821423828,0.9216012436914336,260
114000,456.0000000007211,-1472257.3992781835,286662.53512998146,-1185594.864148202,300.85803095705455,1237.2307821423828,0.9216012436914336,260
115000,460.0000000007402,-1476761.2927854015,286027.7146249191,-1190733.5781604825,300.1917742134671,1237.2307821423828,0.9216012436914336,259
116000,464.0000000007593,-1473757.8012913773,287878.0264847148,-1185879.7748066625,302.13371330412014,1237.2307821423828,0.9216012436914336,259
117000,468.0000000007784,-1472898.2117596865,287570.9577908329,-1185327.2539688535,301.8114386037727,1237.2307821423828,0.9216012436914336,258
118000,472.0000000007975,-1473945.021611452,287949.047656615,-1185995.973954837,302.20825143629867,1237.2307821423828,0.9216012436914336,258
119000,476.0000000008166,-1472370.730339571,288059.1865067622,-1184311.5438328087,302.32384434965985,1237.2307821423828,0.9216012436914336,257
120000,480.0000000008357,-1474678.8172968626,286578.9922053415,-1188099.825091521,300.7703509963782,1237.2307821423828,0.9216012436914336,257
121000,484.0000000008548,-1473352.105536066,286994.1780317533,-1186357.9275043127,301.2060967772452,1237.2307821423828,0.9216012436914336,257
122000,488.0000000008739,-1474740.2503037006,288152.8423566293,-1186587.4079470714,302.42213802645944,1237.2307821423828,0.9216012436914336,257
123000,492.000000000893,-1473111.5260562757,287520.8803171266,-1185590.645739149,301.7588812993179,1237.2307821423828,0.9216012436914336,256
124000,496.0000000009121,-1473991.8191670133,286056.78114811983,-1187935.0380188935,300.22228010755947,1237.2307821423828,0.9216012436914336,255
125000,500.0000000009312,-1474078.068220959,285783.33416226757,-1188294.7340586914,299.9352920583631,1237.2307821423828,0.9216012436914336,255
126000,504.0000000009503,-1474138.880773834,286097.8376458256,-1188041.0431280085,300.2653697183178,1237.2307821423828,0.9216012436914336,255
127000,508.0000000009694,-1473803.1728229588,287259.3670022491,-1186543.8058207096,301.48441787511285,1237.2307821423828,0.9216012436914336,255
128000,512.0000000009885,-1475949.566806146,287202.07183493185,-1188747.494971214,301.4242854576883,1237.2307821423828,0.9216012436914336,254
129000,516.0000000010076,-1475280.771501624,285147.93394263164,-1190132.8375589924,299.2684268928029,1237.2307821423828,0.9216012436914336,254
130000,520.0000000010267,-1475311.3047293099,287089.7596023426,-1188221.5451269671,301.3064115362361,1237.2307821423828,0.9216012436914336,253
131000,524.0000000010458,-1472146.446924868,286090.9688831507,-1186055.4780417173,300.25816081530394,1237.2307821423828,0.9216012436914336,253
132000,528.0000000010649,-1476537.9314885363,287052.0783199811,-1189485.853168555,301.2668642810984,1237.2307821423828,0.9216012436914336,253
133000,532.000000001084,-1473041.5407235008,285574.95270808705,-1187466.5880154138,299.7165915784964,1237.2307821423828,0.9216012436914336,252
134000,536.0000000011031,-1473977.969740199,286199.3032788454,-1187778.6664613537,300.3718599178352,1237.2307821423828,0.9216012436914336,252
135000,540.0000000011222,-1475696.5945150657,286732.18882497156,-1188964.405690094,300.9311338950234,1237.2307821423828,0.9216012436914336,252
136000,544.0000000011413,-1477739.6173694842,287348.8967879171,-1190390.720581567,301.57838116548794,1237.2307821423828,0.9216012436914336,251
137000,548.0000000011604,-1474733.452574796,286585.8306685436,-1188147.6219062526,300.77752809949294,1237.2307821423828,0.9216012436914336,251
138000,552.0000000011795,-1472730.9458249174,286386.6233370299,-1186344.3224878875,300.56845604379424,1237.2307821423828,0.9216012436914336,251
139000,556.0000000011986,-1474565.5655122893,286137.0094895071,-1188428.556022782,300.30648134720104,1237.2307821423828,0.9216012436914336,251
140000,560.0000000012177,-1474905.3057440296,286374.2124951687,-1188531.093248861,300.55543061846896,1237.2307821423828,0.9216012436914336,250
141000,564.0000000012368,-1476494.6981456857,286702.7255578543,-1189791.9725878313,300.9002116103012,1237.2307821423828,0.9216012436914336,250
142000,568.0000000012559,-1475469.851863888,285464.94285464095,-1190004.909009247,299.6011340497382,1237.2307821423828,0.9216012436914336,250
143000,572.000000001275,-1473106.7816476403,285944.6571120875,-1187162.1245355527,300.1046037021361,1237.2307821423828,0.9216012436914336,249
144000,576.0000000012941,-1474114.290054001,286395.0103121898,-1187719.279741811,300.57725834100114,1237.2307821423828,0.9216012436914336,249
145000,580.0000000013132,-1474761.325385211,286077.3084104875,-1188684.0169747234,300.2438238776028,1237.2307821423828,0.9216012436914336,249
146000,584.0000000013323,-1472865.851556845,287892.4383624116,-1184973.4131944333,302.1488388563458,1237.2307821423828,0.9216012436914336,249
147000,588.0000000013514,-1474876.9740756294,286625.6848549162,-1188251.289220713,300.8193558605989,1237.2307821423828,0.9216012436914336,249
148000,592.0000000013705,-1473667.6809557062,286155.4163078512,-1187512.264647855,300.32579966907616,1237.2307821423828,0.9216012436914336,248
149000,596.0000000013896,-1474570.538369324,286135.9651640787,-1188434.5732052454,300.3053853068973,1237.2307821423828,0.9216012436914336,248
150000,600.0000000014087,-1474791.7278689565,286669.9770005516,-1188121.750868405,300.8658413482009,1237.2307821423828,0.9216012436914336,248
151000,604.0000000014278,-1474486.391196074,287199.44774041336,-1187286.9434556607,301.4215314183105,1237.2307821423828,0.9216012436914336,248
152000,608.0000000014469,-1473370.6762849353,287586.4000771555,-1185784.2762077798,301.827645590341,1237.2307821423828,0.9216012436914336,248
153000,612.000000001466,-1474735.5481716776,287508.52392949874,-1187227.024242179,301.7459130247935,1237.2307821423828,0.9216012436914336,247
154000,616.0000000014851,-1475100.959317428,286625.566380703,-1188475.3929367252,300.8192315195563,1237.2307821423828,0.9216012436914336,247
155000,620.0000000015042,-1474107.1477713054,287958.3669398283,-1186148.7808314771,302.2180322093468,1237.2307821423828,0.9216012436914336,247
156000,624.0000000015233,-1473660.2408559602,286523.4082710097,-1187136.8325849506,300.712014552,1237.2307821423828,0.9216012436914336,247
157000,628.0000000015424,-1476296.112903092,287831.84459109616,-1188464.268311996,302.0852444884318,1237.2307821423828,0.9216012436914336,247
158000,632.0000000015615,-1474653.9150673198,286502.3529140735,-1188151.5621532463,300.6899165362058,1237.2307821423828,0.9216012436914336,246
159000,636.0000000015806,-1471188.2949754475,286287.0254640575,-1184901.26951139,300.4639260955874,1237.2307821423828,0.9216012436914336,246
160000,640.0000000015997,-1474936.7527297204,287392.80725581635,-1187543.945473904,301.6244660747161,1237.2307821423828,0.9216012436914336,246
161000,644.0000000016188,-1474809.641685132,285723.6087465625,-1189086.0329385693,299.87260904692954,1237.2307821423828,0.9216012436914336,246
162000,648.0000000016379,-1472011.5229421621,286218.5658042948,-1185792.9571378673,300.39207632133326,1237.2307821423828,0.9216012436914336,246
163000,652.000000001657,-1474917.460992001,285853.2818289716,-1189064.1791630294,300.00870352549134,1237.2307821423828,0.9216012436914336,245
164000,656.0000000016761,-1474511.243835887,285869.1857943941,-1188642.058041493,300.02539505345567,1237.2307821423828,0.9216012436914336,245
165000,660.0000000016952,-1474569.964005582,287116.91508745553,-1187453.0489181266,301.33491175785406,1237.2307821423828,0.9216012436914336,245
166000,664.0000000017143,-1474567.9077969994,285823.59959589737,-1188744.308201102,299.97755143164323,1237.2307821423828,0.9216012436914336,245
167000,668.0000000017334,-1474659.3028230714,287734.03060167946,-1186925.272221392,301.9825867614895,1237.2307821423828,0.9216012436914336,245
168000,672.0000000017525,-1474780.2995503787,286770.5370246146,-1188009.762525764,300.9713810931098,1237.2307821423828,0.9216012436914336,244
169000,676.0000000017716,-1474522.6417089384,285664.1285112096,-1188858.513197729,299.8101833571511,1237.2307821423828,0.9216012436914336,244
170000,680.0000000017907,-1477048.9368585097,287555.82498804666,-1189493.111870463,301.7955564263299,1237.2307821423828,0.9216012436914336,244
171000,684.0000000018098,-1474391.4030626072,287030.276214803,-1187361.126847804,301.243982538175,1237.2307821423828,0.9216012436914336,244
172000,688.0000000018289,-1474296.1794128753,287410.4113343378,-1186885.7680785377,301.6429419051847,1237.2307821423828,0.9216012436914336,244
173000,692.000000001848,-1474768.3787857136,286314.409621809,-1188453.9691639044,300.4926663136867,1237.2307821423828,0.9216012436914336,244
174000,696.0000000018671,-1473163.2145231236,286048.9267594338,-1187114.2877636896,300.21403677044754,1237.2307821423828,0.9216012436914336,244
175000,700.0000000018862,-1473616.7094366662,286130.9928093717,-1187485.7166272947,300.30016672175606,1237.2307821423828,0.9216012436914336,243
176000,704.0000000019053,-1473473.1650631716,286059.32678756653,-1187413.838275605,300.2249518067793,1237.2307821423828,0.9216012436914336,243
177000,708.0000000019244,-1474219.5752339698,287202.2182881172,-1187017.3569458527,301.42443916321855,1237.2307821423828,0.9216012436914336,243
178000,712.0000000019435,-1473782.6307561565,288059.15928190097,-1185723.4714742554,302.3238157766266,1237.2307821423828,0.9216012436914336,243
179000,716.0000000019626,-1473483.82215067,286944.22566397156,-1186539.5964866984,301.1536707739461,1237.2307821423828,0.9216012436914336,243
180000,720.0000000019817,-1476172.274642664,288412.71268395137,-1187759.5619587125,302.6948771025541,1237.2307821423828,0.9216012436914336,242
181000,724.0000000020008,-1474567.0866116202,286026.9926788197,-1188540.0939328005,300.1910165166797,1237.2307821423828,0.9216012436914336,242
182000,728.0000000020199,-1475760.9667075006,286736.0635799826,-1189024.903127518,300.9352005274577,1237.2307821423828,0.9216012436914336,242
183000,732.000000002039,-1475395.6013144134,285358.51051304117,-1190037.0908013722,299.48943119080224,1237.2307821423828,0.9216012436914336,242
184000,736.0000000020581,-1473035.2127518477,287406.34046026354,-1185628.872291584,301.63866944189374,1237.2307821423828,0.9216012436914336,242
185000,740.0000000020772,-1472489.382367121,287477.6281191506,-1185011.7542479704,301.7134872574641,1237.2307821423828,0.9216012436914336,242
186000,744.0000000020963,-1472509.9923656173,288432.9460294736,-1184077.0463361437,302.71611240102345,1237.2307821423828,0.9216012436914336,242
187000,748.0000000021154,-1475930.5586864129,286210.2576127666,-1189720.3010736462,300.3833567091145,1237.2307821423828,0.9216012436914336,242
188000,752.0000000021345,-1474642.4560094522,288267.89002525265,-1186374.5659841995,302.5428828424241,1237.2307821423828,0.9216012436914336,241
189000,756.0000000021536,-1474762.404642066,286932.5802678182,-1187829.8243742478,301.14144869911223,1237.2307821423828,0.9216012436914336,241
190000,760.0000000021727,-1475760.1749854302,286685.7576017894,-1189074.4173836408,300.8824034030001,1237.2307821423828,0.9216012436914336,241
191000,764.0000000021918,-1475677.1140331496,288825.58093036024,-1186851.5331027894,303.12819053712246,1237.2307821423828,0.9216012436914336,241
192000,768.0000000022109,-1476328.725977037,287709.74635865825,-1188618.979618379,301.957099965542,1237.2307821423828,0.9216012436914336,241
193000,772.00000000223,-1474923.124685404,286051.06554682646,-1188872.0591385774,300.2162814703463,1237.2307821423828,0.9216012436914336,241
194000,776.0000000022491,-1475543.0546981236,286185.4035296987,-1189357.6511684249,300.35727185470665,1237.2307821423828,0.9216012436914336,241
195000,780.0000000022682,-1475473.627558344,286408.73074911674,-1189064.8968092273,300.5916582123894,1237.2307821423828,0.9216012436914336,240
196000,784.0000000022873,-1476087.9788533924,286431.7924434961,-1189656.1864098962,300.6158619192267,1237.2307821423828,0.9216012436914336,240
197000,788.0000000023064,-1473799.2618897893,286029.3183198351,-1187769.943569954,300.19345732317123,1237.2307821423828,0.9216012436914336,240
198000,792.0000000023255,-1474826.3230252694,286657.07045880874,-1188169.2525664608,300.85229567599276,1237.2307821423828,0.9216012436914336,240
199000,796.0000000023446,-1472508.3783896947,286895.88141034846,-1185612.4969793463,301.1029325184341,1237.2307821423828,0.9216012436914336,240
200000,800.0000000023637,-1473246.7049123812,286864.6672204149,-1186382.0376919664,301.07017260539885,1237.2307821423828,0.9216012436914336,240
201000,804.0000000023828,-1473585.9408735642,287583.00467510655,-1186002.9361984576,301.8240820483724,1237.2307821423828,0.9216012436914336,240
202000,808.0000000024019,-1474603.893147543,285576.3251771005,-1189027.5679704426,299.71803201201783,1237.2307821423828,0.9216012436914336,240
203000,812.000000002421,-1472812.93158851,287170.3720887427,-1185642.5594997674,301.3910159437074,1237.2307821423828,0.9216012436914336,240
204000,816.0000000024401,-1474813.3326315014,287769.4423590581,-1187043.8902724432,302.0197521050278,1237.2307821423828,0.9216012436914336,240
205000,820.0000000024592,-1474657.6346761659,287289.2703519317,-1187368.3643242342,301.51580203523844,1237.2307821423828,0.9216012436914336,239
206000,824.0000000024783,-1475439.266739185,287440.6325541745,-1187998.6341850106,301.674659676358,1237.2307821423828,0.9216012436914336,239
207000,828.0000000024974,-1474444.1939261882,286972.24471174716,-1187471.949214441,301.1830773217506,1237.2307821423828,0.9216012436914336,239
208000,832.0000000025165,-1473683.9343794268,286949.5176935104,-1186734.4166859165,301.15922486418015,1237.2307821423828,0.9216012436914336,239
209000,836.0000000025356,-1471987.8653979525,286411.0879841219,-1185576.7774138306,300.59413217740143,1237.2307821423828,0.9216012436914336,239
210000,840.0000000025547,-1472493.7830940932,287370.91577737895,-1185122.8673167143,301.6014905327799,1237.2307821423828,0.9216012436914336,239
211000,844.0000000025738,-1474471.3540247418,285904.2227748361,-1188567.1312499056,300.06216706114645,1237.2307821423828,0.9216012436914336,239
212000,848.0000000025929,-1474953.7331002252,286511.7974056442,-1188441.935694581,300.6998287179147,1237.2307821423828,0.9216012436914336,239
213000,852.000000002612,-1474912.4909509635,287281.75663461734,-1187630.7343163462,301.50791623950533,1237.2307821423828,0.9216012436914336,239
214000,856.000000002631,-1474488.0171244629,287587.4604543869,-1186900.556670076,301.8287584773311,1237.2307821423828,0.9216012436914336,239
215000,860.0000000026502,-1473509.11294387,287418.4117499777,-1186090.7011938924,301.6513385004885,1237.2307821423828,0.9216012436914336,238
216000,864.0000000026693,-1474449.9092298895,287942.42049985746,-1186507.488730032,302.2012961034994,1237.2307821423828,0.9216012436914336,238
217000,868.0000000026884,-1474582.0525457002,286775.6674768047,-1187806.3850688955,300.97676560470336,1237.2307821423828,0.9216012436914336,238
218000,872.0000000027075,-1472644.7017937498,286944.66287546366,-1185700.038918286,301.1541296361011,1237.2307821423828,0.9216012436914336,238
219000,876.0000000027266,-1475342.71727964,286118.64988545084,-1189224.067394189,300.2872125776598,1237.2307821423828,0.9216012436914336,238
220000,880.0000000027457,-1474506.6301165447,286352.1821079878,-1188154.4480085569,300.5323092890443,1237.2307821423828,0.9216012436914336,238
221000,884.0000000027648,-1474095.4924150268,286603.76721890527,-1187491.7251961215,300.79635286576917,1237.2307821423828,0.9216012436914336,238
222000,888.0000000027838,-1474596.1105463663,288405.41860344564,-1186190.6919429207,302.6872218200191,1237.2307821423828,0.9216012436914336,238
223000,892.000000002803,-1474590.4741188632,286644.0154017267,-1187946.4587171366,300.8385941339829,1237.2307821423828,0.9216012436914336,238
224000,896.000000002822,-1474416.41823,286114.04861653084,-1188302.369613469,300.28238345443117,1237.2307821423828,0.9216012436914336,238
225000,900.0000000028411,-1473066.7727646893,285447.87864439376,-1187618.8941202955,299.5832248217588,1237.2307821423828,0.9216012436914336,238
226000,904.0000000028602,-1475038.3985050851,285621.80097532965,-1189416.5975297554,299.76575976655414,1237.2307821423828,0.9216012436914336,238
227000,908.0000000028793,-1471584.5780120222,287079.0761215571,-1184505.5018904652,301.2951990107087,1237.2307821423828,0.9216012436914336,238
228000,912.0000000028984,-1475187.9335776549,285923.7023713608,-1189264.2312062941,300.08261128505455,1237.2307821423828,0.9216012436914336,237
229000,916.0000000029175,-1472672.879742099,288994.6439747416,-1183678.2357673575,303.30562556405096,1237.2307821423828,0.9216012436914336,237
230000,920.0000000029366,-1473838.7343955822,288111.5850181412,-1185727.149377441,302.3788376293063,1237.2307821423828,0.9216012436914336,237
231000,924.0000000029557,-1473289.5915057054,287452.79081100906,-1185836.8006946964,301.687420008675,1237.2307821423828,0.9216012436914336,237
232000,928.0000000029748,-1472480.933327878,286434.400997744,-1186046.532330134,300.6185996487814,1237.2307821423828,0.9216012436914336,237
233000,932.0000000029939,-1473131.4234580016,288171.3102943072,-1184960.1131636943,302.4415204942908,1237.2307821423828,0.9216012436914336,237
234000,936.000000003013,-1474928.842934438,286548.96608570643,-1188379.8768487317,300.73883798674615,1237.2307821423828,0.9216012436914336,237
235000,940.0000000030321,-1475198.0699527953,286703.7094874539,-1188494.3604653412,300.9012442639817,1237.2307821423828,0.9216012436914336,237
236000,944.0000000030512,-1475257.0734402332,288195.47229941346,-1187061.6011408197,302.4668789991158,1237.2307821423828,0.9216012436914336,237
237000,948.0000000030703,-1473259.5397120938,286579.5281567641,-1186680.0115553297,300.77091348805374,1237.2307821423828,0.9216012436914336,237
238000,952.0000000030894,-1475475.272832984,287404.26016732585,-1188071.0126656583,301.63648613308857,1237.2307821423828,0.9216012436914336,236
239000,956.0000000031085,-1475024.5190203646,287196.26021342364,-1187828.258806941,301.4181860453502,1237.2307821423828,0.9216012436914336,236
240000,960.0000000031276,-1474513.6343093663,287532.65848930145,-1186980.975820065,301.77124272522667,1237.2307821423828,0.9216012436914336,236
241000,964.0000000031467,-1474221.1789057804,288297.5164116025,-1185923.662494178,302.57397632402444,1237.2307821423828,0.9216012436914336,236
242000,968.0000000031658,-1475501.5540053528,288391.3824823538,-1187110.171522999,302.67249063182226,1237.2307821423828,0.9216012436914336,236
243000,972.0000000031849,-1474168.7587474082,287669.8234850785,-1186498.9352623296,301.9152001158463,1237.2307821423828,0.9216012436914336,236
244000,976.000000003204,-1473739.959472401,287165.22261402814,-1186574.736858373,301.38561146759616,1237.2307821423828,0.9216012436914336,236
245000,980.0000000032231,-1472880.3477877304,286002.3596677623,-1186877.9881199682,300.16516368174297,1237.2307821423828,0.9216012436914336,236
246000,984.0000000032422,-1472303.633448395,287370.24768489983,-1184933.3857634952,301.60078935643793,1237.2307821423828,0.9216012436914336,236
247000,988.0000000032613,-1473946.653641167,286803.63901806454,-1187143.0146231025,301.00612229347496,1237.2307821423828,0.9216012436914336,236
248000,992.0000000032804,-1473156.0842964659,286917.67591810564,-1186238.4083783603,301.1258062877132,1237.2307821423828,0.9216012436914336,236
249000,996.0000000032995,-1474208.1372763133,286634.5417923275,-1187573.5954839857,300.8286513925339,1237.2307821423828,0.9216012436914336,236
250000,1000.0000000033186,-1472155.3274841094,285612.2136585806,-1186543.1138255289,299.7556976869804,1237.2307821423828,0.9216012436914336,235
251000,1004.0000000033377,-1474852.9812266761,286170.53311237507,-1188682.448114301,300.34166505602445,1237.2307821423828,0.9216012436914336,235
252000,1008.0000000033568,-1473590.476656287,287855.83946414274,-1185734.6371921443,302.1104275848367,1237.2307821423828,0.9216012436914336,235
253000,1012.0000000033759,-1476760.8959843023,287545.3033606381,-1189215.592623664,301.78451376914006,1237.2307821423828,0.9216012436914336,235
254000,1016.000000003395,-1474065.8656243803,287044.67524263926,-1187021.1903817412,301.2590946042165,1237.2307821423828,0.9216012436914336,235
255000,1020.0000000034141,-1475266.4008728713,287961.07346404507,-1187305.3274088262,302.220872760332,1237.2307821423828,0.9216012436914336,235
256000,1024.0000000034331,-1474075.410572433,287038.12669366726,-1187037.2838787655,301.2522217718513,1237.2307821423828,0.9216012436914336,235
257000,1028.0000000033385,-1474068.7563178716,285835.43909051345,-1188233.3172273582,299.98997721667337,1237.2307821423828,0.9216012436914336,235
258000,1032.000000003244,-1474512.3662218517,287224.5981816571,-1187287.7680401946,301.44792730651704,1237.2307821423828,0.9216012436914336,235
259000,1036.0000000031494,-1474332.62176535,286581.60301341186,-1187751.0187519381,300.77309109136445,1237.2307821423828,0.9216012436914336,235
260000,1040.0000000030548,-1473115.044324495,287232.6972653581,-1185882.3470591367,301.45642745591306,1237.2307821423828,0.9216012436914336,235
261000,1044.0000000029602,-1472915.1364170052,286011.88063476374,-1186903.2557822415,300.1751561259371,1237.2307821423828,0.9216012436914336,235
262000,1048.0000000028656,-1472727.2564029973,286776.38925942994,-1185950.8671435674,300.9775231299214,1237.2307821423828,0.9216012436914336,235
263000,1052.000000002771,-1476905.6221065586,286557.04236190964,-1190348.5797446491,300.7473141992197,1237.2307821423828,0.9216012436914336,235
264000,1056.0000000026764,-1476187.2358588185,286862.10541928746,-1189325.130439531,301.0674839441737,1237.2307821423828,0.9216012436914336,235
265000,1060.0000000025818,-1475476.9366147825,286797.25928688,-1188679.6773279025,300.99942663873463,1237.2307821423828,0.9216012436914336,234
266000,1064.0000000024872,-1473446.2039887263,287447.04152556893,-1185999.1624631574,301.68138601928,1237.2307821423828,0.9216012436914336,234
267000,1068.0000000023927,-1475805.86121572,287094.06025147054,-1188711.8009642493,301.3109251530151,1237.2307821423828,0.9216012436914336,234
268000,1072.000000002298,-1473360.1939963289,287136.6239281957,-1186223.570068133,301.3555965781248,1237.2307821423828,0.9216012436914336,234
269000,1076.0000000022035,-1474198.244847823,286350.2573093951,-1187847.9875384278,300.5302891746463,1237.2307821423828,0.9216012436914336,234
270000,1080.000000002109,-1473951.4173877472,287133.5208729333,-1186817.8965148139,301.3523398599221,1237.2307821423828,0.9216012436914336,234
271000,1084.0000000020143,-1473336.7930348124,289429.92242562113,-1183906.8706091912,303.76245895384244,1237.2307821423828,0.9216012436914336,234
272000,1088.0000000019197,-1473689.508464124,286280.0289860014,-1187409.4794781227,300.4565831527412,1237.2307821423828,0.9216012436914336,234
273000,1092.0000000018251,-1474414.307178298,288046.1614077992,-1186368.1457704988,302.3101742492916,1237.2307821423828,0.9216012436914336,234
274000,1096.0000000017305,-1473405.7469182247,287246.0905846329,-1186159.6563335918,301.4704840108206,1237.2307821423828,0.9216012436914336,234
275000,1100.000000001636,-1475551.2239782773,287817.0675582191,-1187734.156420058,302.06973569858326,1237.2307821423828,0.9216012436914336,234
276000,1104.0000000015414,-1475282.0475387098,286086.54636056564,-1189195.5011781442,300.2535192899082,1237.2307821423828,0.9216012436914336,234
277000,1108.0000000014468,-1474610.0524100605,288175.32301079243,-1186434.729399268,302.44573192003566,1237.2307821423828,0.9216012436914336,234
278000,1112.0000000013522,-1474547.975395212,288806.85698885267,-1185741.1184063593,303.10853938818116,1237.2307821423828,0.9216012436914336,233
279000,1116.0000000012576,-1473978.2095448999,287237.3071279146,-1186740.9024169852,301.4612655983341,1237.2307821423828,0.9216012436914336,233
280000,1120.000000001163,-1472282.5537258387,285947.30288319034,-1186335.2508426483,300.1073804915202,1237.2307821423828,0.9216012436914336,233
281000,1124.0000000010684,-1473802.1783979125,285926.37581627327,-1187875.8025816393,300.0854171186521,1237.2307821423828,0.9216012436914336,233
282000,1128.0000000009738,-1472767.7234713929,287518.93064732046,-1185248.7928240723,301.75683508208687,1237.2307821423828,0.9216012436914336,233
283000,1132.0000000008793,-1471468.9787809504,287578.18212840625,-1183890.7966525443,301.8190206897132,1237.2307821423828,0.9216012436914336,233
284000,1136.0000000007847,-1474280.4834397454,287339.50498034665,-1186940.9784593987,301.5685242766849,1237.2307821423828,0.9216012436914336,233
285000,1140.00000000069,-1473565.2257121094,286198.8519285292,-1187366.37378358,300.3713862167032,1237.2307821423828,0.9216012436914336,233
286000,1144.0000000005955,-1474106.0334380157,287120.7123828515,-1186985.321055164,301.33889709488204,1237.2307821423828,0.9216012436914336,233
287000,1148.000000000501,-1473272.0226111747,288585.0429705839,-1184686.979640591,302.8757411651948,1237.2307821423828,0.9216012436914336,233
288000,1152.0000000004063,-1474249.6211933848,286821.52543390426,-1187428.0957594805,301.02489444257344,1237.2307821423828,0.9216012436914336,233
289000,1156.0000000003117,-1473539.4756972399,287011.3514593447,-1186528.1242378952,301.2241206309992,1237.2307821423828,0.9216012436914336,233
290000,1160.0000000002171,-1473717.3717495343,286494.854292521,-1187222.5174570133,300.68204658377493,1237.2307821423828,0.9216012436914336,233
291000,1164.0000000001226,-1474964.3753530746,288153.829649128,-1186810.5457039466,302.4231742095693,1237.2307821423828,0.9216012436914336,233
292000,1168.000000000028,-1473475.8035890795,285765.80167953856,-1187710.001909541,299.91689136910225,1237.2307821423828,0.9216012436914336,233
293000,1171.9999999999334,-1475701.6677996358,285312.56544450467,-1190389.1023551312,299.4412109277469,1237.2307821423828,0.9216012436914336,232
294000,1175.9999999998388,-1473716.5315067666,286680.29491228604,-1187036.2365944805,300.8766702017398,1237.2307821423828,0.9216012436914336,232
295000,1179.9999999997442,-1476271.563946167,285851.39058200014,-1190420.1733641669,300.00671862418704,1237.2307821423828,0.9216012436914336,232
296000,1183.9999999996496,-1473991.905323051,287106.7171824174,-1186885.1881406335,301.32420885372926,1237.2307821423828,0.9216012436914336,232
297000,1187.999999999555,-1472140.0438653138,287884.6730289234,-1184255.3708363904,302.14068898443486,1237.2307821423828,0.9216012436914336,232
298000,1191.9999999994604,-1474360.6520530032,288080.8663188784,-1186279.7857341247,302.3465977435829,1237.2307821423828,0.9216012436914336,232
299000,1195.9999999993659,-1472872.1775686992,288009.53156369436,-1184862.6460050049,302.2717304995123,1237.2307821423828,0.9216012436914336,232
300000,1199.9999999992713,-1473936.5568487216,286380.7077863951,-1187555.8490623264,300.5622475557712,1237.2307821423828,0.9216012436914336,232
301000,1203.9999999991767,-1473909.09301095,286802.8623246013,-1187106.2306863486,301.00530713824054,1237.2307821423828,0.9216012436914336,232
302000,1207.999999999082,-1474376.4387746295,286822.9543393046,-1187553.484435325,301.0263941072052,1237.2307821423828,0.9216012436914336,232
303000,1211.9999999989875,-1476335.3872317905,287313.5078300347,-1189021.8794017558,301.5412397504743,1237.2307821423828,0.9216012436914336,232
304000,1215.999999998893,-1475288.9242107002,288138.0004448482,-1187150.923765852,302.406561144911,1237.2307821423828,0.9216012436914336,232
305000,1219.9999999987983,-1471706.3440192305,287196.36431369605,-1184509.9797055344,301.41829530065615,1237.2307821423828,0.9216012436914336,232
306000,1223.9999999987037,-1474553.713044406,286247.91793947975,-1188305.7951049262,300.4228819708826,1237.2307821423828,0.9216012436914336,232
307000,1227.9999999986092,-1473984.330518975,286760.66961749736,-1187223.6609014776,300.9610250531251,1237.2307821423828,0.9216012436914336,232
308000,1231.9999999985146,-1475023.037244616,286747.7080201561,-1188275.32922446,300.94742159897163,1237.2307821423828,0.9216012436914336,231
309000,1235.99999999842,-1475289.2823698996,285522.19576555287,-1189767.0866043468,299.6612221182251,1237.2307821423828,0.9216012436914336,231
310000,1239.9999999983254,-1474250.8503929665,288349.0476804215,-1185901.802712545,302.6280594153589,1237.2307821423828,0.9216012436914336,231
311000,1243.9999999982308,-1474032.2668448277,287607.233108481,-1186425.0337363468,301.84951027098583,1237.2307821423828,0.9216012436914336,231
312000,1247.9999999981362,-1474597.563667439,287281.39919220237,-1187316.1644752366,301.507541096583,1237.2307821423828,0.9216012436914336,231
313000,1251.9999999980416,-1474278.3132006703,288441.2005517486,-1185837.1126489216,302.7247756862938,1237.2307821423828,0.9216012436914336,231
314000,1255.999999997947,-1473605.8386066034,287493.3829197427,-1186112.4556868607,301.7300222339727,1237.2307821423828,0.9216012436914336,231
315000,1259.9999999978525,-1473575.1420018459,285321.7380261499,-1188253.4039756958,299.4508377345821,1237.2307821423828,0.9216012436914336,231
316000,1263.9999999977579,-1475472.4124058224,286140.78622203856,-1189331.6261837839,300.3104451030938,1237.2307821423828,0.9216012436914336,231
317000,1267.9999999976633,-1475030.7157643149,285920.31636588526,-1189110.3993984296,300.0790576049766,1237.2307821423828,0.9216012436914336,231
318000,1271.9999999975687,-1474965.890335407,287773.88253666746,-1187192.0077987397,302.0244121597226,1237.2307821423828,0.9216012436914336,231
319000,1275.999999997474,-1474699.9409725545,287104.32091002696,-1187595.6200625275,301.3216939182052,1237.2307821423828,0.9216012436914336,231
320000,1279.9999999973795,-1473295.7000694973,286059.5158855201,-1187236.1841839773,300.22515026884184,1237.2307821423828,0.9216012436914336,231
321000,1283.999999997285,-1475213.5817254959,288024.3234727293,-1187189.2582527664,302.2872549021843,1237.2307821423828,0.9216012436914336,231
322000,1287.9999999971903,-1473576.2419112185,287190.9647280755,-1186385.277183143,301.41262832817563,1237.2307821423828,0.9216012436914336,231
323000,1291.9999999970958,-1472999.0167423822,287837.4489917952,-1185161.5677505871,302.09112641840994,1237.2307821423828,0.9216012436914336,230
324000,1295.9999999970012,-1474616.661786072,286732.68429031223,-1187883.9774957597,300.93165389575086,1237.2307821423828,0.9216012436914336,230
325000,1299.9999999969066,-1475242.1133058863,286922.4713470606,-1188319.6419588258,301.1308391857594,1237.2307821423828,0.9216012436914336,230
326000,1303.999999996812,-1476086.3368782233,287616.1397314337,-1188470.1971467896,301.8588579488846,1237.2307821423828,0.9216012436914336,230
327000,1307.9999999967174,-1473063.8320826003,285922.3834151146,-1187141.4486674857,300.08122701424645,1237.2307821423828,0.9216012436914336,230
328000,1311.9999999966228,-1472790.6953479294,287505.9071863709,-1185284.7881615586,301.7431667008464,1237.2307821423828,0.9216012436914336,230
329000,1315.9999999965282,-1474326.2848542044,286546.249596681,-1187780.0352575234,300.7359869774961,1237.2307821423828,0.9216012436914336,230
330000,1319.9999999964336,-1476193.0165117458,286147.9424445036,-1190045.0740672422,300.3179557008737,1237.2307821423828,0.9216012436914336,230
331000,1323.999999996339,-1473270.0171677507,286689.5232120501,-1186580.4939557007,300.88635548584864,1237.2307821423828,0.9216012436914336,230
332000,1327.9999999962445,-1475189.0285813073,287973.2547083324,-1187215.7738729748,302.2336572184379,1237.2307821423828,0.9216012436914336,230
333000,1331.9999999961499,-1472682.2090345481,287546.4824213946,-1185135.7266131535,301.78575121684986,1237.2307821423828,0.9216012436914336,230
334000,1335.9999999960553,-1474175.5124485958,287804.4105345207,-1186371.1019140752,302.0564519005245,1237.2307821423828,0.9216012436914336,230
335000,1339.9999999959607,-1472651.7246815208,287632.7674037853,-1185018.9572777355,301.87630902166194,1237.2307821423828,0.9216012436914336,230
336000,1343.9999999958661,-1474994.7380572287,287440.9892682139,-1187553.7487890148,301.67503405483563,1237.2307821423828,0.9216012436914336,230
337000,1347.9999999957715,-1476469.9446445517,287453.75127791346,-1189016.1933666384,301.6884280377903,1237.2307821423828,0.9216012436914336,230
338000,1351.999999995677,-1476556.879535322,286158.6572337745,-1190398.2223015476,300.3292010852791,1237.2307821423828,0.9216012436914336,230
339000,1355.9999999955824,-1476218.0114866123,288381.74598513846,-1187836.2655014738,302.6623769363713,1237.2307821423828,0.9216012436914336,230
340000,1359.9999999954878,-1474975.4370828792,286768.77923667245,-1188206.6578462068,300.9695362597107,1237.2307821423828,0.9216012436914336,230
341000,1363.9999999953932,-1473281.1975162467,286809.81861123524,-1186471.3789050113,301.01260789938993,1237.2307821423828,0.9216012436914336,230
342000,1367.9999999952986,-1474838.731969676,286827.8406781251,-1188010.8912915508,301.031522416963,1237.2307821423828,0.9216012436914336,230
343000,1371.999999995204,-1472561.6105567245,288225.8413069736,-1184335.7692497508,302.4987518764435,1237.2307821423828,0.9216012436914336,230
344000,1375.9999999951094,-1475565.8210277362,285190.56520437385,-1190375.2558233624,299.313169249732,1237.2307821423828,0.9216012436914336,230
345000,1379.9999999950148,-1474189.3027177984,288332.1750511794,-1185857.127666619,302.61035125545396,1237.2307821423828,0.9216012436914336,230
346000,1383.9999999949202,-1474559.372650302,287291.74503849354,-1187267.6276118085,301.51839926799465,1237.2307821423828,0.9216012436914336,230
347000,1387.9999999948257,-1476808.2518695127,286698.7024571103,-1190109.5494124023,300.8959892860703,1237.2307821423828,0.9216012436914336,230
348000,1391.999999994731,-1475582.2481483314,286194.0256300615,-1189388.22251827,300.3663209204895,1237.2307821423828,0.9216012436914336,229
349000,1395.9999999946365,-1472311.701574904,286751.06831019145,-1185560.6332647125,300.95094829018376,1237.2307821423828,0.9216012436914336,229
350000,1399.999999994542,-1474357.520407251,285911.51333940635,-1188446.0070678447,300.0698186536371,1237.2307821423828,0.9216012436914336,229
351000,1403.9999999944473,-1475231.4105683025,287775.4883280748,-1187455.9222402277,302.02609746973604,1237.2307821423828,0.9216012436914336,229
352000,1407.9999999943527,-1473383.3960420387,286867.3390897627,-1186516.056952276,301.07297678541,1237.2307821423828,0.9216012436914336,229
353000,1411.9999999942581,-1472823.9764335211,287765.2411476518,-1185058.7352858693,302.015342850115,1237.2307821423828,0.9216012436914336,229
354000,1415.9999999941635,-1475744.2173712207,287675.021221364,-1188069.1961498568,301.9206552434358,1237.2307821423828,0.9216012436914336,229
355000,1419.999999994069,-1475036.324665445,287213.04692230985,-1187823.277743135,301.43580403013317,1237.2307821423828,0.9216012436914336,229
356000,1423.9999999939744,-1475542.0480378913,286983.0348210581,-1188559.0132168331,301.1944017560358,1237.2307821423828,0.9216012436914336,229
357000,1427.9999999938798,-1473735.4250436118,286818.7288400285,-1186916.6962035834,301.02195936169005,1237.2307821423828,0.9216012436914336,229
358000,1431.9999999937852,-1475492.1613347689,288154.3594221753,-1187337.8019125937,302.4237302169171,1237.2307821423828,0.9216012436914336,229
359000,1435.9999999936906,-1474119.116282018,287001.434972789,-1187117.6813092288,301.21371308116784,1237.2307821423828,0.9216012436914336,229
360000,1439.999999993596,-1473993.5312546296,287572.3842979969,-1186421.1469566328,301.8129357514076,1237.2307821423828,0.9216012436914336,229
361000,1443.9999999935014,-1474272.2592339264,287284.3970458276,-1186987.862188099,301.51068740357556,1237.2307821423828,0.9216012436914336,229
362000,1447.9999999934068,-1474609.6913621137,287132.0992905876,-1187477.5920715262,301.3508478809818,1237.2307821423828,0.9216012436914336,229
363000,1451.9999999933123,-1476323.106343598,284887.6900185741,-1191435.4163250239,298.99529571950546,1237.2307821423828,0.9216012436914336,229
364000,1455.9999999932177,-1475687.347721734,287823.68054869847,-1187863.6671730357,302.0766761635919,1237.2307821423828,0.9216012436914336,229
365000,1459.999999993123,-1474038.5010652067,285842.644480613,-1188195.8565845937,299.9975394168634,1237.2307821423828,0.9216012436914336,229
366000,1463.9999999930285,-1475907.0109353233,286328.6504725338,-1189578.3604627894,300.5076123697043,1237.2307821423828,0.9216012436914336,229
367000,1467.999999992934,-1474543.9851867529,287214.8209825532,-1187329.1642041998,301.43766594163606,1237.2307821423828,0.9216012436914336,229
368000,1471.9999999928393,-1475292.9099611696,287583.86067648145,-1187709.0492846882,301.8249804388371,1237.2307821423828,0.9216012436914336,229
369000,1475.9999999927447,-1475118.6426590271,287586.9100846081,-1187531.7325744191,301.8281808533041,1237.2307821423828,0.9216012436914336,229
370000,1479.9999999926501,-1474327.0190731604,286289.95504495275,-1188037.0640282077,300.4670007489922,1237.2307821423828,0.9216012436914336,229
371000,1483.9999999925556,-1473816.0195196439,287067.34229352477,-1186748.6772261192,301.28288412485944,1237.2307821423828,0.9216012436914336,229
372000,1487.999999992461,-1473721.8627907634,288593.7744490773,-1185128.088341686,302.8849050255008,1237.2307821423828,0.9216012436914336,229
373000,1491.9999999923664,-1475029.6900637709,285127.0675466953,-1189902.6225170756,299.24652719533555,1237.2307821423828,0.9216012436914336,229
374000,1495.9999999922718,-1476727.2049878482,285480.3243691559,-1191246.8806186924,299.617277255086,1237.2307821423828,0.9216012436914336,229
375000,1499.9999999921772,-1476720.261098544,286102.60954220314,-1190617.651556341,300.2703779184561,1237.2307821423828,0.9216012436914336,228
376000,1503.9999999920826,-1474322.8668004433,285456.7162249462,-1188866.1505754972,299.59250003828555,1237.2307821423828,0.9216012436914336,228
377000,1507.999999991988,-1473903.0293596555,286613.9785624882,-1187289.0507971672,300.8070698739139,1237.2307821423828,0.9216012436914336,228
378000,1511.9999999918934,-1475754.4631013963,287825.290522031,-1187929.1725793653,302.078365862619,1237.2307821423828,0.9216012436914336,228
379000,1515.9999999917989,-1475687.0430565467,287155.6363504453,-1188531.4067061015,301.3755504933413,1237.2307821423828,0.9216012436914336,228
380000,1519.9999999917043,-1475034.9843364805,286929.82076207595,-1188105.1635744045,301.1385525429625,1237.2307821423828,0.9216012436914336,228
381000,1523.9999999916097,-1474156.0843159994,286047.4206901103,-1188108.663625889,300.21245612074404,1237.2307821423828,0.9216012436914336,228
382000,1527.999999991515,-1474133.5960173449,286106.9596195518,-1188026.636397793,300.27494341113567,1237.2307821423828,0.9216012436914336,228
383000,1531.9999999914205,-1474408.6916274773,287792.3791776604,-1186616.3124498168,302.04382475225384,1237.2307821423828,0.9216012436914336,228
384000,1535.999999991326,-1473780.5481224312,287201.73044350947,-1186578.8176789216,301.42392716060186,1237.2307821423828,0.9216012436914336,228
385000,1539.9999999912313,-1472775.6286523761,286864.10870598006,-1185911.5199463961,301.06958643339334,1237.2307821423828,0.9216012436914336,228
386000,1543.9999999911367,-1473522.8588498672,287222.2025557272,-1186300.65629414,301.44541304946614,1237.2307821423828,0.9216012436914336,228
387000,1547.9999999910422,-1476270.2358386414,286397.7095819883,-1189872.526256653,300.58009127833014,1237.2307821423828,0.9216012436914336,228
388000,1551.9999999909476,-1474351.9318651808,286345.68846422556,-1188006.2434009553,300.5254940807885,1237.2307821423828,0.9216012436914336,228
389000,1555.999999990853,-1476216.9318141555,287565.34585637506,-1188651.5859577805,301.8055487669648,1237.2307821423828,0.9216012436914336,228
390000,1559.9999999907584,-1474497.0697192578,287727.6362926939,-1186769.4334265639,301.9758758070571,1237.2307821423828,0.9216012436914336,228
391000,1563.9999999906638,-1473493.2515831525,287773.1840142008,-1185720.0675689518,302.02367904650356,1237.2307821423828,0.9216012436914336,228
392000,1567.9999999905692,-1476876.5608165748,286700.037254926,-1190176.5235616488,300.8973901829206,1237.2307821423828,0.9216012436914336,228
393000,1571.9999999904746,-1474775.453586083,288177.3527443214,-1186598.1008417616,302.44786216573596,1237.2307821423828,0.9216012436914336,228
394000,1575.99999999038,-1477285.2747164825,286189.70807190693,-1191095.5666445754,300.36178955735085,1237.2307821423828,0.9216012436914336,228
395000,1579.9999999902855,-1474835.5504770325,286710.69941706513,-1188124.8510599674,300.9085803341047,1237.2307821423828,0.9216012436914336,228
396000,1583.9999999901909,-1475295.289751267,285861.92965063103,-1189433.360100636,300.0177795862865,1237.2307821423828,0.9216012436914336,228
397000,1587.9999999900963,-1472788.206273337,288489.7703024345,-1184298.4359709024,302.77575060545723,1237.2307821423828,0.9216012436914336,228
398000,1591.9999999900017,-1475685.444923276,286089.09959192685,-1189596.3453313492,300.2561989569932,1237.2307821423828,0.9216012436914336,228
399000,1595.999999989907,-1474293.4504240816,286367.2176004402,-1187926.2328236415,300.54808933735666,1237.2307821423828,0.9216012436914336,228
400000,1599.9999999898125,-1474495.615569978,285476.4454941681,-1189019.17007581,299.6132062986541,1237.2307821423828,0.9216012436914336,228
401000,1603.999999989718,-1473724.927194558,286008.9894924029,-1187715.9377021552,300.17212181453857,1237.2307821423828,0.9216012436914336,228
402000,1607.9999999896233,-1475548.3087148182,287858.9753643535,-1187689.3333504647,302.11371877446584,1237.2307821423828,0.9216012436914336,228
403000,1611.9999999895288,-1474319.4788346756,287715.98669234785,-1186603.4921423278,301.9636493198394,1237.2307821423828,0.9216012436914336,228
404000,1615.9999999894342,-1476615.5279736165,286887.46327577496,-1189728.0646978416,301.09409751880304,1237.2307821423828,0.9216012436914336,228
405000,1619.9999999893396,-1473592.661394528,286770.8317381312,-1186821.829656397,300.971690400806,1237.2307821423828,0.9216012436914336,228
406000,1623.999999989245,-1475082.1175461346,287622.0417773167,-1187460.075768818,301.86505226340205,1237.2307821423828,0.9216012436914336,228
407000,1627.9999999891504,-1472760.387634472,287024.33122395433,-1185736.0564105175,301.2377431520621,1237.2307821423828,0.9216012436914336,228
408000,1631.9999999890558,-1475735.1841037888,288447.73275361385,-1187287.4513501748,302.73163136204545,1237.2307821423828,0.9216012436914336,227
409000,1635.9999999889612,-1476653.1171954041,286633.2377991319,-1190019.8793962724,300.827282825745,1237.2307821423828,0.9216012436914336,227
410000,1639.9999999888666,-1472550.5672510173,286652.6672274045,-1185897.900023613,300.84767439707485,1237.2307821423828,0.9216012436914336,227
411000,1643.999999988772,-1473839.383025175,287258.7004287649,-1186580.6825964102,301.4837182929863,1237.2307821423828,0.9216012436914336,227
412000,1647.9999999886775,-1476283.1290379595,286425.66520960873,-1189857.4638283509,300.60943126542065,1237.2307821423828,0.9216012436914336,227
413000,1651.9999999885829,-1473836.099546129,286703.48559961014,-1187132.6139465189,300.90100928923755,1237.2307821423828,0.9216012436914336,227
414000,1655.9999999884883,-1473836.0017836792,286473.3949383713,-1187362.6068453079,300.6595245648716,1237.2307821423828,0.9216012436914336,227
415000,1659.9999999883937,-1475902.6590009602,288008.4774076886,-1187894.1815932714,302.2706241418222,1237.2307821423828,0.9216012436914336,227
416000,1663.9999999882991,-1475162.692069768,284523.04365320015,-1190639.6484165678,298.6125921079843,1237.2307821423828,0.9216012436914336,227
417000,1667.9999999882045,-1473912.07960481,285617.1737138918,-1188294.9058909183,299.7609033636611,1237.2307821423828,0.9216012436914336,227
418000,1671.99999998811,-1475726.6505783508,286373.3041669699,-1189353.346411381,300.5544773099621,1237.2307821423828,0.9216012436914336,227
419000,1675.9999999880154,-1475280.3485453147,287434.28116387926,-1187846.0673814355,301.6679937659446,1237.2307821423828,0.9216012436914336,227
420000,1679.9999999879208,-1474992.1445014952,288036.36788216676,-1186955.7766193284,302.2998957493943,1237.2307821423828,0.9216012436914336,227
421000,1683.9999999878262,-1473949.0890759528,286714.89923419553,-1187234.1898417573,300.9129881256972,1237.2307821423828,0.9216012436914336,227
422000,1687.9999999877316,-1478046.2197018247,286859.1534256709,-1191187.0662761538,301.06438576817226,1237.2307821423828,0.9216012436914336,227
423000,1691.999999987637,-1475920.3947492717,287032.8142914052,-1188887.5804578664,301.2466463000392,1237.2307821423828,0.9216012436914336,227
424000,1695.9999999875424,-1472613.0820841389,285434.5271400808,-1187178.554944058,299.5692121524852,1237.2307821423828,0.9216012436914336,227
425000,1699.9999999874478,-1474776.0734920064,287192.73726491287,-1187583.3362270936,301.4144886408337,1237.2307821423828,0.9216012436914336,227
426000,1703.9999999873532,-1473779.989135555,287119.0808888213,-1186660.9082467337,301.33718480945475,1237.2307821423828,0.9216012436914336,227
427000,1707.9999999872587,-1475310.4697134318,286546.02062221157,-1188764.4490912203,300.73574666423724,1237.2307821423828,0.9216012436914336,227
428000,1711.999999987164,-1473345.8109327815,286574.63271600043,-1186771.178216781,300.7657756256255,1237.2307821423828,0.9216012436914336,227
429000,1715.9999999870695,-1474721.9075468704,286615.49235907797,-1188106.4151877924,300.808658633537,1237.2307821423828,0.9216012436914336,227
430000,1719.999999986975,-1472864.209832984,286419.7067731,-1186444.503059884,300.6031777678201,1237.2307821423828,0.9216012436914336,227
431000,1723.9999999868803,-1470740.7546659587,286360.3584963436,-1184380.396169615,300.5408905712127,1237.2307821423828,0.9216012436914336,227
432000,1727.9999999867857,-1474966.5740745785,286130.37882731116,-1188836.1952472674,300.29952233537443,1237.2307821423828,0.9216012436914336,227
433000,1731.9999999866911,-1475606.191056517,286680.3427732099,-1188925.8482833072,300.87672043273113,1237.2307821423828,0.9216012436914336,227
434000,1735.9999999865965,-1473717.4495779155,286120.8551187369,-1187596.5944591786,300.28952701384503,1237.2307821423828,0.9216012436914336,227
435000,1739.999999986502,-1475761.3592352187,286979.08338808874,-1188782.27584713,301.1902546485594,1237.2307821423828,0.9216012436914336,226
436000,1743.9999999864074,-1476108.941094296,287538.0052445597,-1188570.9358497364,301.7768542511914,1237.2307821423828,0.9216012436914336,226
437000,1747.9999999863128,-1474453.8227050947,287183.56661364215,-1187270.2560914527,301.40486385996496,1237.2307821423828,0.9216012436914336,226
438000,1751.9999999862182,-1474176.089957851,284763.0650322753,-1189413.0249255756,298.8644993181936,1237.2307821423828,0.9216012436914336,226
439000,1755.9999999861236,-1474775.5769650321,288418.11154939234,-1186357.4654156398,302.70054331919175,1237.2307821423828,0.9216012436914336,226
440000,1759.999999986029,-1474296.9480446903,286754.2382416363,-1187542.709803054,300.9542751962698,1237.2307821423828,0.9216012436914336,226
441000,1763.9999999859344,-1474080.2030884866,286889.3126610507,-1187190.8904274357,301.0960384854253,1237.2307821423828,0.9216012436914336,226
442000,1767.9999999858398,-1475535.1182358218,286515.0192255102,-1189020.0990103115,300.7032100819306,1237.2307821423828,0.9216012436914336,226
443000,1771.9999999857453,-1474057.7284992673,286800.650787939,-1187257.0777113282,301.0029860865367,1237.2307821423828,0.9216012436914336,226
444000,1775.9999999856507,-1474120.8686023857,285669.29809929535,-1188451.5705030905,299.8156089426453,1237.2307821423828,0.9216012436914336,226
445000,1779.999999985556,-1473657.4115971588,286807.3016112105,-1186850.1099859483,301.00996625781295,1237.2307821423828,0.9216012436914336,226
446000,1783.9999999854615,-1476085.4314738996,285696.0688997305,-1190389.3625741692,299.84370543004434,1237.2307821423828,0.9216012436914336,226
447000,1787.999999985367,-1473544.2664496535,287740.185537665,-1185804.0809119886,301.98904648919836,1237.2307821423828,0.9216012436914336,226
448000,1791.9999999852723,-1474691.324558122,286917.9194288535,-1187773.4051292685,301.1260618570853,1237.2307821423828,0.9216012436914336,226
449000,1795.9999999851777,-1473990.438741522,286864.69320807577,-1187125.745533446,301.0701998799657,1237.2307821423828,0.9216012436914336,226
450000,1799.9999999850832,-1477157.7958951788,286995.58826841885,-1190162.20762676,301.20757684866857,1237.2307821423828,0.9216012436914336,226
451000,1803.9999999849886,-1475604.2828586036,286741.43308056437,-1188862.8497780394,300.9408359250918,1237.2307821423828,0.9216012436914336,226
452000,1807.999999984894,-1474711.6962240404,287458.8569610239,-1187252.8392630164,301.69378655374214,1237.2307821423828,0.9216012436914336,226
453000,1811.9999999847994,-1475086.2794528883,286513.7946535952,-1188572.484799293,300.7019248693549,1237.2307821423828,0.9216012436914336,226
454000,1815.9999999847048,-1475417.5401429469,287428.0943387572,-1187989.4458041897,301.66150056995275,1237.2307821423828,0.9216012436914336,226
455000,1819.9999999846102,-1474097.602324701,287201.58229266433,-1186896.0200320366,301.4237716733439,1237.2307821423828,0.9216012436914336,226
456000,1823.9999999845156,-1474441.2515838677,287744.4669263254,-1186696.7846575424,301.9935398917337,1237.2307821423828,0.9216012436914336,226
457000,1827.999999984421,-1475117.4060884444,285799.4948725118,-1189317.9112159326,299.95225304512314,1237.2307821423828,0.9216012436914336,226
458000,1831.9999999843265,-1474140.6626809249,283945.08943777595,-1190195.5732431489,298.00601766616893,1237.2307821423828,0.9216012436914336,226
459000,1835.9999999842319,-1476050.6353591438,286765.75303796167,-1189284.8823211822,300.96636020398716,1237.2307821423828,0.9216012436914336,226
460000,1839.9999999841373,-1474086.7733014263,288099.1643323096,-1185987.6089691166,302.3658018725384,1237.2307821423828,0.9216012436914336,226
461000,1843.9999999840427,-1473415.205602578,287487.58214134054,-1185927.6234612374,301.72393420169004,1237.2307821423828,0.9216012436914336,226
462000,1847.999999983948,-1473859.0803339314,286526.486377096,-1187332.5939568353,300.7152450855463,1237.2307821423828,0.9216012436914336,226
463000,1851.9999999838535,-1473868.1481929244,285586.682438038,-1188281.4657548864,299.7289021633278,1237.2307821423828,0.9216012436914336,225
464000,1855.999999983759,-1473872.9248284753,287151.2113218305,-1186721.7135066448,301.3709063378176,1237.2307821423828,0.9216012436914336,225
465000,1859.9999999836643,-1475181.1655027876,286598.9421091649,-1188582.2233936228,300.7912888171484,1237.2307821423828,0.9216012436914336,225
466000,1863.9999999835698,-1473582.381424971,286344.972059444,-1187237.4093655269,300.5247421997244,1237.2307821423828,0.9216012436914336,225
467000,1867.9999999834752,-1475063.3440468786,286520.487027346,-1188542.8570195327,300.7089486486855,1237.2307821423828,0.9216012436914336,225
468000,1871.9999999833806,-1475513.0742667345,287251.96314295137,-1188261.111123783,301.47664737755275,1237.2307821423828,0.9216012436914336,225
469000,1875.999999983286,-1475393.1988197314,286582.2849534971,-1188810.9138662342,300.77380680104443,1237.2307821423828,0.9216012436914336,225
470000,1879.9999999831914,-1474220.4989783661,285594.972143983,-1188625.5268343831,299.73760237455946,1237.2307821423828,0.9216012436914336,225
471000,1883.9999999830968,-1473027.0118791042,286395.9293156568,-1186631.0825634473,300.5782228534143,1237.2307821423828,0.9216012436914336,225
472000,1887.9999999830022,-1474346.6920672273,287435.4068432986,-1186911.2852239287,301.6691751888795,1237.2307821423828,0.9216012436914336,225
473000,1891.9999999829076,-1474511.5181228723,285528.94622251776,-1188982.5719003547,299.6683068570439,1237.2307821423828,0.9216012436914336,225
474000,1895.999999982813,-1473819.1423653886,286908.6707739757,-1186910.4715914128,301.1163552098798,1237.2307821423828,0.9216012436914336,225
475000,1899.9999999827185,-1475582.4047883647,286877.13127604156,-1188705.2735123232,301.08325387962907,1237.2307821423828,0.9216012436914336,225
476000,1903.9999999826239,-1474492.3564796895,286481.7487469608,-1188010.6077327286,300.66829205310324,1237.2307821423828,0.9216012436914336,225
477000,1907.9999999825293,-1473703.0842567869,287437.7954502215,-1186265.2888065653,301.671682079343,1237.2307821423828,0.9216012436914336,225
478000,1911.9999999824347,-1474124.0173168173,286827.0628382921,-1187296.954478525,301.0307060585908,1237.2307821423828,0.9216012436914336,225
479000,1915.9999999823401,-1474721.0099593317,285755.01259994344,-1188965.9973593883,299.9055680155243,1237.2307821423828,0.9216012436914336,225
480000,1919.9999999822455,-1476724.606509678,287449.7737905951,-1189274.832719083,301.6842535857566,1237.2307821423828,0.9216012436914336,225
481000,1923.999999982151,-1475953.5584102664,285963.27689521376,-1189990.2815150525,300.124145534785,1237.2307821423828,0.9216012436914336,225
482000,1927.9999999820564,-1472151.876788496,285733.740979473,-1186418.135809023,299.88324302685044,1237.2307821423828,0.9216012436914336,225
483000,1931.9999999819618,-1474232.1705468092,286987.5160033583,-1187244.654543451,301.199104845969,1237.2307821423828,0.9216012436914336,225
484000,1935.9999999818672,-1474945.304374692,285021.6663306959,-1189923.6380439962,299.1359065232213,1237.2307821423828,0.9216012436914336,225
485000,1939.9999999817726,-1475960.8357293364,286335.3105817236,-1189625.5251476127,300.51460228673653,1237.2307821423828,0.9216012436914336,225
486000,1943.999999981678,-1474776.471038293,286351.13580750756,-1188425.3352307854,300.5312111758844,1237.2307821423828,0.9216012436914336,225
487000,1947.9999999815834,-1472292.5622693999,285391.20630613976,-1186901.3559632602,299.5237460758212,1237.2307821423828,0.9216012436914336,225
488000,1951.9999999814888,-1475382.0418286836,285797.5906349722,-1189584.4511937113,299.9502545099592,1237.2307821423828,0.9216012436914336,224
489000,1955.9999999813942,-1473400.1289433641,286487.32356027013,-1186912.8053830941,300.67414293052764,1237.2307821423828,0.9216012436914336,224
490000,1959.9999999812997,-1473912.173446483,289330.1447589346,-1184582.0286875484,303.65774030855744,1237.2307821423828,0.9216012436914336,224
491000,1963.999999981205,-1473855.9306509802,285663.87246669043,-1188192.0581842898,299.80991463333675,1237.2307821423828,0.9216012436914336,224
492000,1967.9999999811105,-1473258.6971672839,287596.4553758041,-1185662.2417914798,301.8381988262242,1237.2307821423828,0.9216012436914336,224
493000,1971.999999981016,-1472134.4340506494,285938.940762454,-1186195.4932881955,300.0986042795251,1237.2307821423828,0.9216012436914336,224
494000,1975.9999999809213,-1475115.7902262388,286624.0336087949,-1188491.7566174439,300.81762284495926,1237.2307821423828,0.9216012436914336,224
495000,1979.9999999808267,-1473291.3409059094,287560.0808968105,-1185731.2600090988,301.8000230872071,1237.2307821423828,0.9216012436914336,224
496000,1983.9999999807321,-1473862.3565164674,287330.73378742766,-1186531.6227290398,301.5593187352996,1237.2307821423828,0.9216012436914336,224
497000,1987.9999999806375,-1473996.1142866965,286013.7274391252,-1187982.3868475715,300.17709438383855,1237.2307821423828,0.9216012436914336,224
498000,1991.999999980543,-1473129.6813245127,288224.85446147353,-1184904.8268630393,302.4977161624676,1237.2307821423828,0.9216012436914336,224
499000,1995.9999999804484,-1473749.7664749501,288036.1067978606,-1185713.6596770897,302.2996217362233,1237.2307821423828,0.9216012436914336,224
500000,1999.9999999803538,-1473725.551840322,287936.60958728875,-1185788.9422530334,302.19519743520743,1237.2307821423828,0.9216012436914336,224
501000,2003.9999999802592,-1472808.026004239,287078.2623100545,-1185729.7636941844,301.2943448993539,1237.2307821423828,0.9216012436914336,224
502000,2007.9999999801646,-1476081.0963104079,287334.0254728299,-1188747.070837578,301.56277342458503,1237.2307821423828,0.9216012436914336,224
503000,2011.99999998007,-1476076.6577762403,287084.7037816902,-1188991.95399455,301.3011053519255,1237.2307821423828,0.9216012436914336,224
504000,2015.9999999799754,-1475273.204101786,287076.73061113013,-1188196.473490656,301.2927373508747,1237.2307821423828,0.9216012436914336,224
505000,2019.9999999798808,-1474573.772482792,284543.31781362934,-1190030.4546691626,298.6338702425102,1237.2307821423828,0.9216012436914336,224
506000,2023.9999999797863,-1472867.508661842,287409.9404619141,-1185457.568199928,301.6424477152127,1237.2307821423828,0.9216012436914336,224
507000,2027.9999999796917,-1473259.6205999274,288652.73826555785,-1184606.8823343695,302.94678872340364,1237.2307821423828,0.9216012436914336,224
508000,2031.999999979597,-1475559.8813881697,285637.29845920694,-1189922.5829289628,299.7820246840537,1237.2307821423828,0.9216012436914336,224
509000,2035.9999999795025,-1473339.5122519936,286810.18510222726,-1186529.3271497665,301.0129925389738,1237.2307821423828,0.9216012436914336,224
510000,2039.999999979408,-1473300.4304075511,286875.92373463267,-1186424.5066729183,301.0819865409083,1237.2307821423828,0.9216012436914336,224
511000,2043.9999999793133,-1474975.688482915,285846.8893900617,-1189128.7990928534,300.0019945337407,1237.2307821423828,0.9216012436914336,224
512000,2047.9999999792187,-1473440.5527400393,286621.8666547652,-1186818.686085274,300.8153485836149,1237.2307821423828,0.9216012436914336,224
513000,2051.9999999791244,-1474257.0937836803,286004.82270471985,-1188252.2710789605,300.1677486880078,1237.2307821423828,0.9216012436914336,224
514000,2055.99999997903,-1472348.0638775807,288562.31976130954,-1183785.7441162711,302.8518927052061,1237.2307821423828,0.9216012436914336,224
515000,2059.999999978935,-1473655.0169839421,286209.32043270906,-1187445.696551233,300.3823731200081,1237.2307821423828,0.9216012436914336,223
516000,2063.9999999788406,-1473677.6829256024,288007.712478064,-1185669.9704475384,302.26982133297037,1237.2307821423828,0.9216012436914336,223
517000,2067.999999978746,-1475329.3539025756,287808.73758050514,-1187520.6163220704,302.0609932213293,1237.2307821423828,0.9216012436914336,223
518000,2071.9999999786514,-1473261.3780496,286501.2366455828,-1186760.141404017,300.6887449902276,1237.2307821423828,0.9216012436914336,223
519000,2075.999999978557,-1473059.6111571928,286512.3517115938,-1186547.259445599,300.7004104730313,1237.2307821423828,0.9216012436914336,223
520000,2079.9999999784623,-1474781.5477664117,286823.4286327648,-1187958.1191336468,301.02689188762304,1237.2307821423828,0.9216012436914336,223
521000,2083.9999999783677,-1475401.5254239496,285783.70890788164,-1189617.8165160678,299.93568536133694,1237.2307821423828,0.9216012436914336,223
522000,2087.999999978273,-1475049.5405844366,284960.646908995,-1190088.8936754416,299.07186542676357,1237.2307821423828,0.9216012436914336,223
523000,2091.9999999781785,-1474694.2218806362,287159.91348430666,-1187534.3083963296,301.38003943038046,1237.2307821423828,0.9216012436914336,223
524000,2095.999999978084,-1471061.098759655,285920.82173801033,-1185140.2770216446,300.07958800307125,1237.2307821423828,0.9216012436914336,223
525000,2099.9999999779893,-1475252.4013477974,286743.32525913836,-1188509.076088659,300.9428218041315,1237.2307821423828,0.9216012436914336,223
526000,2103.9999999778947,-1473577.4319993025,288405.11375227926,-1185172.3182470233,302.6869018726579,1237.2307821423828,0.9216012436914336,223
527000,2107.9999999778,-1472816.9435561802,287738.02399005904,-1185078.9195661212,301.9867779020031,1237.2307821423828,0.9216012436914336,223
528000,2111.9999999777056,-1474360.9511617748,286260.4449395952,-1188100.5062221796,300.43602930660546,1237.2307821423828,0.9216012436914336,223
529000,2115.999999977611,-1475164.3356077094,286458.1155078726,-1188706.2200998368,300.64348849872886,1237.2307821423828,0.9216012436914336,223
530000,2119.9999999775164,-1475025.7641410828,287132.40276208735,-1187893.3613789955,301.35116638035544,1237.2307821423828,0.9216012436914336,223
531000,2123.999999977422,-1472917.0304270703,288589.5889890269,-1184327.4414380435,302.88051230194924,1237.2307821423828,0.9216012436914336,223
532000,2127.999999977327,-1473076.7600165913,288514.1906676926,-1184562.5693488987,302.80138026439914,1237.2307821423828,0.9216012436914336,223
533000,2131.9999999772326,-1473178.570155291,287199.3891402567,-1185979.1810150342,301.42146991628084,1237.2307821423828,0.9216012436914336,223
534000,2135.999999977138,-1472705.3258015318,288535.15570947505,-1184170.1700920567,302.8233834926436,1237.2307821423828,0.9216012436914336,223
535000,2139.9999999770434,-1475147.919203259,287322.37376326474,-1187825.5454399944,301.5505447237,1237.2307821423828,0.9216012436914336,223
536000,2143.999999976949,-1474647.220072018,287071.57300821313,-1187575.6470638048,301.28732434405345,1237.2307821423828,0.9216012436914336,223
537000,2147.9999999768543,-1472874.2562719602,286591.00619288185,-1186283.2500790784,300.7829599152022,1237.2307821423828,0.9216012436914336,223
538000,2151.9999999767597,-1475385.3987729354,285342.06208512734,-1190043.336687808,299.4721682386266,1237.2307821423828,0.9216012436914336,223
539000,2155.999999976665,-1474593.2780069606,286545.58189667686,-1188047.6961102837,300.73528621306446,1237.2307821423828,0.9216012436914336,223
540000,2159.9999999765705,-1474045.0843295883,287448.87514403084,-1186596.2091855574,301.6833104383176,1237.2307821423828,0.9216012436914336,223
541000,2163.999999976476,-1473697.7772106947,286813.5192487743,-1186884.2579619205,301.016491792075,1237.2307821423828,0.9216012436914336,223
542000,2167.9999999763813,-1474479.3135608835,285971.34662223444,-1188507.966938649,300.13261487376127,1237.2307821423828,0.9216012436914336,223
543000,2171.9999999762867,-1474452.703526619,284836.4939993462,-1189616.2095272727,298.94156447928333,1237.2307821423828,0.9216012436914336,223
544000,2175.999999976192,-1476157.0615425548,287942.3822034403,-1188214.6793391146,302.20125591064806,1237.2307821423828,0.9216012436914336,223
545000,2179.9999999760976,-1474679.0087351855,286874.46221158124,-1187804.5465236043,301.08045264340313,1237.2307821423828,0.9216012436914336,223
546000,2183.999999976003,-1472840.5839110473,286871.1283464611,-1185969.4555645862,301.07695368566505,1237.2307821423828,0.9216012436914336,223
547000,2187.9999999759084,-1473626.8694894947,287843.64370026474,-1185783.2257892299,302.09762788813174,1237.2307821423828,0.9216012436914336,223
548000,2191.999999975814,-1474299.6119555607,286254.2240066599,-1188045.387948901,300.42950031378547,1237.2307821423828,0.9216012436914336,223
549000,2195.999999975719,-1474510.309276279,286112.7923286789,-1188397.5169476,300.281064955349,1237.2307821423828,0.9216012436914336,223
550000,2199.9999999756246,-1471840.5335637294,285929.42943857034,-1185911.104125159,300.08862195597476,1237.2307821423828,0.9216012436914336,223
551000,2203.99999997553,-1477537.109138391,286488.4845262662,-1191048.6246121246,300.67536138742656,1237.2307821423828,0.9216012436914336,223
552000,2207.9999999754355,-1472365.471982861,287094.79138925445,-1185270.6805936066,301.3116924966581,1237.2307821423828,0.9216012436914336,223
553000,2211.999999975341,-1474975.5668220222,285885.6159753662,-1189089.950846656,300.04263885510306,1237.2307821423828,0.9216012436914336,223
554000,2215.9999999752463,-1475488.4940017946,286907.95221703395,-1188580.5417847605,301.1156010700808,1237.2307821423828,0.9216012436914336,223
555000,2219.9999999751517,-1475355.9171501342,286691.50759867963,-1188664.4095514547,300.88843813907624,1237.2307821423828,0.9216012436914336,223
556000,2223.999999975057,-1476384.0853859372,287690.1793595031,-1188693.9060264342,301.93656401083524,1237.2307821423828,0.9216012436914336,223
557000,2227.9999999749625,-1475268.5456201201,286425.14702926687,-1188843.3985908532,300.60888742484775,1237.2307821423828,0.9216012436914336,223
558000,2231.999999974868,-1473013.3655910902,286485.231136651,-1186528.1344544392,300.6719468903312,1237.2307821423828,0.9216012436914336,222
559000,2235.9999999747733,-1473385.0217840793,285498.8148266457,-1187886.2069574336,299.6366833579077,1237.2307821423828,0.9216012436914336,223
560000,2239.9999999746788,-1473596.2708081072,286615.3678119201,-1186980.902996187,300.80852791881824,1237.2307821423828,0.9216012436914336,222
561000,2243.999999974584,-1473293.9871535888,285585.8573378864,-1187708.1298157023,299.7280362043114,1237.2307821423828,0.9216012436914336,222
562000,2247.9999999744896,-1476274.3574928157,287968.66193744994,-1188305.6955553656,302.22883701406863,1237.2307821423828,0.9216012436914336,222
563000,2251.999999974395,-1472620.1855699327,287626.44308636,-1184993.7424835726,301.8696715247639,1237.2307821423828,0.9216012436914336,222
564000,2255.9999999743004,-1473693.3863712223,287305.982453231,-1186387.4039179913,301.5333417178753,1237.2307821423828,0.9216012436914336,222
565000,2259.999999974206,-1475833.5892806388,286778.7411499732,-1189054.8481306657,300.97999148581425,1237.2307821423828,0.9216012436914336,222
566000,2263.9999999741112,-1474971.4375556158,286056.1457902631,-1188915.2917653527,300.2216132868547,1237.2307821423828,0.9216012436914336,222
567000,2267.9999999740166,-1475546.2788805123,287418.0153969119,-1188128.2634836005,301.6509225200644,1237.2307821423828,0.9216012436914336,222
568000,2271.999999973922,-1476078.287055362,287894.4348084935,-1188183.8522468684,302.15093416620846,1237.2307821423828,0.9216012436914336,222
569000,2275.9999999738275,-1475117.7737745903,287037.26643096097,-1188080.5073436294,301.2513189090346,1237.2307821423828,0.9216012436914336,222
570000,2279.999999973733,-1473348.4154769666,286855.128627465,-1186493.2868495015,301.0601616624212,1237.2307821423828,0.9216012436914336,222
571000,2283.9999999736383,-1471779.3640311752,286173.0939996089,-1185606.2700315663,300.34435275810006,1237.2307821423828,0.9216012436914336,222
572000,2287.9999999735437,-1474943.616407087,284825.219830352,-1190118.3965767352,298.92973201473495,1237.2307821423828,0.9216012436914336,222
573000,2291.999999973449,-1475002.8940922841,286376.94658965967,-1188625.9475026245,300.5583001050053,1237.2307821423828,0.9216012436914336,222
574000,2295.9999999733545,-1474450.6546916617,286110.6369840676,-1188340.0177075942,300.2788028783201,1237.2307821423828,0.9216012436914336,222
575000,2299.99999997326,-1473596.9410985392,286439.717747511,-1187157.2233510283,300.62417968338644,1237.2307821423828,0.9216012436914336,222
576000,2303.9999999731654,-1476697.5641209334,286990.0331499776,-1189707.5309709557,301.2017466413999,1237.2307821423828,0.9216012436914336,222
577000,2307.9999999730708,-1477026.0889444686,287068.2141353324,-1189957.8748091361,301.28379914017324,1237.2307821423828,0.9216012436914336,222
578000,2311.999999972976,-1475217.4198620766,286382.4744126241,-1188834.9454494526,300.5641016651282,1237.2307821423828,0.9216012436914336,222
579000,2315.9999999728816,-1474113.5295181535,285662.3379766311,-1188451.1915415223,299.8083041555059,1237.2307821423828,0.9216012436914336,222
580000,2319.999999972787,-1474680.2478262717,285656.1931423531,-1189024.0546839186,299.8018550297399,1237.2307821423828,0.9216012436914336,222
581000,2323.9999999726924,-1475083.9939823244,286559.20086989104,-1188524.7931124333,300.7495795962685,1237.2307821423828,0.9216012436914336,222
582000,2327.999999972598,-1475889.436559027,285489.8612219518,-1190399.5753370752,299.62728637173734,1237.2307821423828,0.9216012436914336,222
583000,2331.9999999725032,-1473046.7581473375,287658.25234690396,-1185388.5058004335,301.90305597623785,1237.2307821423828,0.9216012436914336,222
584000,2335.9999999724087,-1474062.638312323,285758.07401719864,-1188304.5642951243,299.9087810338105,1237.2307821423828,0.9216012436914336,222
585000,2339.999999972314,-1475859.7928578276,286922.8537021521,-1188936.9391556755,301.1312404750311,1237.2307821423828,0.9216012436914336,222
586000,2343.9999999722195,-1474776.122233563,285996.31243083405,-1188779.8098027292,300.15881698633626,1237.2307821423828,0.9216012436914336,222
587000,2347.999999972125,-1474837.2764004106,287630.18638667546,-1187207.090013735,301.8736001928811,1237.2307821423828,0.9216012436914336,222
588000,2351.9999999720303,-1476315.871733537,286990.00053168985,-1189325.8712018472,301.2017124078583,1237.2307821423828,0.9216012436914336,222
589000,2355.9999999719357,-1474857.076906357,286303.4528486215,-1188553.6240577353,300.48116696234894,1237.2307821423828,0.9216012436914336,222
590000,2359.999999971841,-1472785.1372335432,286658.6972655002,-1186126.439968043,300.8540030419648,1237.2307821423828,0.9216012436914336,222
591000,2363.9999999717465,-1473900.0186673962,286072.6276050844,-1187827.3910623118,300.23891127925356,1237.2307821423828,0.9216012436914336,222
592000,2367.999999971652,-1473872.1752074892,287760.8011759451,-1186111.3740315442,302.0106830115191,1237.2307821423828,0.9216012436914336,222
593000,2371.9999999715574,-1473173.9969185945,286610.0431372026,-1186563.953781392,300.80293956682004,1237.2307821423828,0.9216012436914336,222
594000,2375.999999971463,-1472882.1619031392,287427.7677925866,-1185454.3941105525,301.66115785325326,1237.2307821423828,0.9216012436914336,222
595000,2379.999999971368,-1472581.9978207843,284994.4039933648,-1187587.5938274194,299.1072941580756,1237.2307821423828,0.9216012436914336,222
596000,2383.9999999712736,-1472974.3589381548,287194.3069007973,-1185780.0520373574,301.4161360049069,1237.2307821423828,0.9216012436914336,222
597000,2387.999999971179,-1473301.252947214,286693.41500516183,-1186607.8379420522,300.89044000010847,1237.2307821423828,0.9216012436914336,222
598000,2391.9999999710844,-1473194.5857321508,286293.7599265559,-1186900.825805595,300.4709940478955,1237.2307821423828,0.9216012436914336,221
599000,2395.99999997099,-1472699.5775073338,287759.2056611249,-1184940.3718462088,302.00900848698825,1237.2307821423828,0.9216012436914336,221
600000,2399.9999999708953,-1473083.5697971312,287630.5095234559,-1185453.0602736752,301.87393933135786,1237.2307821423828,0.9216012436914336,221
601000,2403.9999999708007,-1473472.5535369013,286715.92055377254,-1186756.6329831288,300.91406002090235,1237.2307821423828,0.9216012436914336,221
602000,2407.999999970706,-1472294.2489758655,285621.11109365826,-1186673.1378822073,299.76503572202154,1237.2307821423828,0.9216012436914336,221
603000,2411.9999999706115,-1471094.749778795,287955.2592150213,-1183139.4905637738,302.2147705903641,1237.2307821423828,0.9216012436914336,221
604000,2415.999999970517,-1474569.1043982552,286599.0130029278,-1187970.0913953274,300.79136322156234,1237.2307821423828,0.9216012436914336,221
605000,2419.9999999704223,-1473997.6298930096,287036.94781855535,-1186960.6820744541,301.2509845189792,1237.2307821423828,0.9216012436914336,221
606000,2423.9999999703277,-1473559.936550214,286808.91942933074,-1186751.0171208833,301.01166419010076,1237.2307821423828,0.9216012436914336,221
607000,2427.999999970233,-1475797.605145772,287884.63835915574,-1187912.9667866162,302.1406525978243,1237.2307821423828,0.9216012436914336,221
608000,2431.9999999701386,-1474690.9404305685,288656.90401319804,-1186034.0364173704,302.9511607583887,1237.2307821423828,0.9216012436914336,221
609000,2435.999999970044,-1471857.9782496449,286114.4941937907,-1185743.4840558541,300.2828510966258,1237.2307821423828,0.9216012436914336,221
610000,2439.9999999699494,-1472864.938433569,286491.5249459619,-1186373.4134876071,300.6785523683565,1237.2307821423828,0.9216012436914336,221
611000,2443.999999969855,-1472943.975780963,284898.34264557797,-1188045.6331353849,299.0064758633755,1237.2307821423828,0.9216012436914336,221
612000,2447.99999996976,-1474245.3956440212,286248.6870566926,-1187996.7085873287,300.42368917469156,1237.2307821423828,0.9216012436914336,221
613000,2451.9999999696656,-1475057.0847278312,286838.39183238946,-1188218.6928954418,301.04259606317515,1237.2307821423828,0.9216012436914336,221
614000,2455.999999969571,-1472190.8718349272,286329.135409673,-1185861.7364252543,300.508121320875,1237.2307821423828,0.9216012436914336,221
615000,2459.9999999694764,-1472144.289644273,286684.1725725851,-1185460.117071688,300.8807398833316,1237.2307821423828,0.9216012436914336,221
616000,2463.999999969382,-1473838.8300149916,286184.21746355365,-1187654.612551438,300.3560270547023,1237.2307821423828,0.9216012436914336,221
617000,2467.9999999692873,-1472863.5999272242,287092.9719852063,-1185770.627942018,301.3097829959304,1237.2307821423828,0.9216012436914336,221
618000,2471.9999999691927,-1474797.5659277225,287522.49470710626,-1187275.0712206163,301.7605756337041,1237.2307821423828,0.9216012436914336,221
619000,2475.999999969098,-1474168.2632813174,285834.8894179912,-1188333.3738633262,299.98940032443096,1237.2307821423828,0.9216012436914336,221
620000,2479.9999999690035,-1473969.047474998,285313.02316398325,-1188656.024311015,299.4416913134415,1237.2307821423828,0.9216012436914336,221
621000,2483.999999968909,-1474103.2273878697,285820.91343187133,-1188282.3139559985,299.97473224908305,1237.2307821423828,0.9216012436914336,221
622000,2487.9999999688143,-1474544.9112742115,286380.7349717966,-1188164.1763024149,300.56227608739067,1237.2307821423828,0.9216012436914336,221
623000,2491.9999999687197,-1474701.4605110697,286943.7520995037,-1187757.708411566,301.15317375862014,1237.2307821423828,0.9216012436914336,221
624000,2495.999999968625,-1472034.0195903312,287083.95659940504,-1184950.0629909262,301.3003211692593,1237.2307821423828,0.9216012436914336,221
625000,2499.9999999685306,-1473174.2396925762,286163.32519011945,-1187010.9145024568,300.3341001982863,1237.2307821423828,0.9216012436914336,221
626000,2503.999999968436,-1473987.5022277972,288038.7390276575,-1185948.7632001396,302.30238431373743,1237.2307821423828,0.9216012436914336,221
627000,2507.9999999683414,-1475014.1401309585,286849.93850181054,-1188164.2016291479,301.05471452234025,1237.2307821423828,0.9216012436914336,221
628000,2511.999999968247,-1475125.8247990413,286958.50354671973,-1188167.3212523216,301.1686556958087,1237.2307821423828,0.9216012436914336,221
629000,2515.999999968152,-1471344.2141512064,288336.5604932068,-1183007.6536579996,302.614953864067,1237.2307821423828,0.9216012436914336,221
630000,2519.9999999680576,-1474584.2407411495,287243.83200037875,-1187340.4087407708,301.46811358173346,1237.2307821423828,0.9216012436914336,221
631000,2523.999999967963,-1474322.1895499118,286387.55575009255,-1187934.6337998193,300.5694346298447,1237.2307821423828,0.9216012436914336,221
632000,2527.9999999678685,-1476242.5483484287,287396.1105961171,-1188846.4377523116,301.6279329960493,1237.2307821423828,0.9216012436914336,221
633000,2531.999999967774,-1474263.4323685225,286625.419679302,-1187638.0126892205,300.81907755351875,1237.2307821423828,0.9216012436914336,221
634000,2535.9999999676793,-1474930.9098692276,285547.96914333286,-1189382.9407258946,299.68827179071366,1237.2307821423828,0.9216012436914336,221
635000,2539.9999999675847,-1474776.354603232,286819.5072724246,-1187956.8473308072,301.022776341969,1237.2307821423828,0.9216012436914336,221
636000,2543.99999996749,-1472744.9750076178,286341.7703914203,-1186403.2046161976,300.5213819854677,1237.2307821423828,0.9216012436914336,221
637000,2547.9999999673955,-1476016.0203748038,285863.3790689369,-1190152.641305867,300.01930077962055,1237.2307821423828,0.9216012436914336,221
638000,2551.999999967301,-1474244.496851542,285002.66979757906,-1189241.827053963,299.11596928396557,1237.2307821423828,0.9216012436914336,221
639000,2555.9999999672063,-1477505.5955245458,287317.6803009404,-1190187.9152236055,301.54561884166026,1237.2307821423828,0.9216012436914336,221
640000,2559.9999999671118,-1473585.049843194,287091.8474719859,-1186493.202371208,301.30860279694446,1237.2307821423828,0.9216012436914336,221
641000,2563.999999967017,-1475015.8261440918,286786.91301676683,-1188228.913127325,300.98856802251333,1237.2307821423828,0.9216012436914336,221
642000,2567.9999999669226,-1474402.1458274126,286513.73384720646,-1187888.4119802061,300.7018610518408,1237.2307821423828,0.9216012436914336,221
643000,2571.999999966828,-1471921.230291644,287727.96633040055,-1184193.2639612434,301.9762221881931,1237.2307821423828,0.9216012436914336,221
644000,2575.9999999667334,-1476217.5236262986,287283.9916411214,-1188933.5319851772,301.51026192327487,1237.2307821423828,0.9216012436914336,221
645000,2579.999999966639,-1473682.6667394862,287102.6598988328,-1186580.0068406533,301.3199506539274,1237.2307821423828,0.9216012436914336,220
646000,2583.9999999665442,-1473125.8139185961,286132.7325243368,-1186993.0813942594,300.30199258720654,1237.2307821423828,0.9216012436914336,221
647000,2587.9999999664496,-1474444.1192551954,286837.69825681974,-1187606.4209983756,301.0418681418229,1237.2307821423828,0.9216012436914336,221
648000,2591.999999966355,-1475255.380505411,286546.3003737717,-1188709.0801316393,300.7360402690625,1237.2307821423828,0.9216012436914336,220
649000,2595.9999999662605,-1475222.348117954,286444.8313309462,-1188777.516787008,300.62954649088624,1237.2307821423828,0.9216012436914336,221
650000,2599.999999966166,-1476859.379138505,285335.0883277931,-1191524.290810712,299.4648491416298,1237.2307821423828,0.9216012436914336,220
651000,2603.9999999660713,-1473092.324962426,285919.7417176874,-1187172.5832447386,300.07845450026593,1237.2307821423828,0.9216012436914336,220
652000,2607.9999999659767,-1472518.8631933462,287082.6047815874,-1185436.2584117588,301.29890240957855,1237.2307821423828,0.9216012436914336,220
653000,2611.999999965882,-1474927.5913672708,286923.43441065133,-1188004.1569566196,301.1318499401486,1237.2307821423828,0.9216012436914336,220
654000,2615.9999999657875,-1473889.3060057368,285930.79809821444,-1187958.5079075224,300.0900583914873,1237.2307821423828,0.9216012436914336,220
655000,2619.999999965693,-1473311.1502975775,287609.1022891548,-1185702.0480084228,301.851472013272,1237.2307821423828,0.9216012436914336,220
656000,2623.9999999655984,-1475415.8731817761,287403.89848074183,-1188011.9747010344,301.63610653582646,1237.2307821423828,0.9216012436914336,220
657000,2627.999999965504,-1476012.2652241373,287725.84441046504,-1188286.4208136722,301.973995191026,1237.2307821423828,0.9216012436914336,220
658000,2631.999999965409,-1473145.7994959466,286944.9699321861,-1186200.8295637604,301.1544518982372,1237.2307821423828,0.9216012436914336,220
659000,2635.9999999653146,-1474742.5873966478,286979.22437069763,-1187763.3630259503,301.1904026126109,1237.2307821423828,0.9216012436914336,220
660000,2639.99999996522,-1475671.8896340914,286801.0483474621,-1188870.8412866294,301.00340333316166,1237.2307821423828,0.9216012436914336,220
661000,2643.9999999651254,-1475351.440475421,288591.5065880774,-1186759.9338873436,302.88252486028455,1237.2307821423828,0.9216012436914336,220
662000,2647.999999965031,-1473993.3837318448,287457.99633023376,-1186535.387401611,301.6928833046141,1237.2307821423828,0.9216012436914336,220
663000,2651.9999999649363,-1475460.8556496985,287968.2113994311,-1187492.6442502674,302.22836416545886,1237.2307821423828,0.9216012436914336,220
664000,2655.9999999648417,-1474306.5539577436,284657.37069069804,-1189649.1832670455,298.7535710049566,1237.2307821423828,0.9216012436914336,220
665000,2659.999999964747,-1473767.6105558611,286468.6756340292,-1187298.9349218318,300.6545715611203,1237.2307821423828,0.9216012436914336,220
666000,2663.9999999646525,-1474240.1134475572,286458.4423629304,-1187781.6710846268,300.6438315396116,1237.2307821423828,0.9216012436914336,220
667000,2667.999999964558,-1474648.395111451,287563.2428754838,-1187085.152235967,301.80334164670126,1237.2307821423828,0.9216012436914336,220
668000,2671.9999999644633,-1474046.8773860345,286994.7315626943,-1187052.1458233402,301.20667771897484,1237.2307821423828,0.9216012436914336,220
669000,2675.9999999643687,-1474758.8287584465,286893.2126459237,-1187865.6161125228,301.1001315971015,1237.2307821423828,0.9216012436914336,220
670000,2679.999999964274,-1474117.1463048458,287393.3608501053,-1186723.7854547405,301.6250470829306,1237.2307821423828,0.9216012436914336,220
671000,2683.9999999641796,-1475470.2876293268,287277.41920390556,-1188192.8684254212,301.5033640197227,1237.2307821423828,0.9216012436914336,220
672000,2687.999999964085,-1473894.4805354504,287184.92600708804,-1186709.5545283624,301.40629057041815,1237.2307821423828,0.9216012436914336,220
673000,2691.9999999639904,-1473736.989292401,287548.8909311273,-1186188.0983612735,301.788278995708,1237.2307821423828,0.9216012436914336,220
674000,2695.999999963896,-1474606.7962273965,287382.51178844785,-1187224.2844389486,301.6136607769855,1237.2307821423828,0.9216012436914336,220
675000,2699.999999963801,-1473816.7815111065,286996.7055148339,-1186820.0759962727,301.2087494209978,1237.2307821423828,0.9216012436914336,220
676000,2703.9999999637066,-1474933.3208986493,287115.7677468654,-1187817.553151784,301.3337076010896,1237.2307821423828,0.9216012436914336,220
677000,2707.999999963612,-1474251.0501521984,287815.8763496518,-1186435.1738025467,302.0684855015044,1237.2307821423828,0.9216012436914336,220
678000,2711.9999999635174,-1473144.0425400054,285958.8344531707,-1187185.2080868348,300.11948310352204,1237.2307821423828,0.9216012436914336,220
679000,2715.999999963423,-1474541.4091184996,287315.4893392632,-1187225.9197792364,301.5433193838123,1237.2307821423828,0.9216012436914336,220
680000,2719.9999999633283,-1476887.2083134092,286704.5892554532,-1190182.6190579562,300.90216759799125,1237.2307821423828,0.9216012436914336,220
681000,2723.9999999632337,-1475110.9682473084,286266.499414918,-1188844.4688323904,300.44238359885117,1237.2307821423828,0.9216012436914336,220
682000,2727.999999963139,-1476235.6057744706,287414.53089105553,-1188821.0748834151,301.64726546187813,1237.2307821423828,0.9216012436914336,220
683000,2731.9999999630445,-1477156.3630291745,287747.956857813,-1189408.4061713615,301.99720264422785,1237.2307821423828,0.9216012436914336,220
684000,2735.99999996295,-1476532.2872351082,287533.04298658005,-1188999.244248528,301.7716462627663,1237.2307821423828,0.9216012436914336,220
685000,2739.9999999628553,-1474201.13406381,288554.23259797,-1185646.9014658402,302.8434050664666,1237.2307821423828,0.9216012436914336,220
686000,2743.9999999627607,-1476676.9883283647,287697.093726039,-1188979.8946023257,301.9438207760081,1237.2307821423828,0.9216012436914336,220
687000,2747.999999962666,-1474853.679667389,286423.5179233771,-1188430.161744012,300.6071776458214,1237.2307821423828,0.9216012436914336,220
688000,2751.9999999625716,-1475484.6816880433,286027.8483432925,-1189456.8333447508,300.191914553559,1237.2307821423828,0.9216012436914336,220
689000,2755.999999962477,-1474405.5787974522,287621.99712780426,-1186783.581669648,301.8650054028509,1237.2307821423828,0.9216012436914336,220
690000,2759.9999999623824,-1472470.3598123863,288523.5176344215,-1183946.8421779647,302.8111691014496,1237.2307821423828,0.9216012436914336,220
691000,2763.999999962288,-1474431.0917493608,287373.2087964538,-1187057.8829529071,301.60389710189605,1237.2307821423828,0.9216012436914336,220
692000,2767.999999962193,-1475739.2238594787,286864.1258826633,-1188875.0979768154,301.0696044606639,1237.2307821423828,0.9216012436914336,220
693000,2771.9999999620986,-1472270.5823763777,287887.6201614842,-1184382.9622148934,302.1437820586617,1237.2307821423828,0.9216012436914336,220
694000,2775.999999962004,-1474370.7031051824,285621.1440070123,-1188749.5590981701,299.7650702652411,1237.2307821423828,0.9216012436914336,220
695000,2779.9999999619095,-1473560.3665394876,286059.7042182853,-1187500.6623212025,300.2253479278239,1237.2307821423828,0.9216012436914336,220
696000,2783.999999961815,-1473685.0322027495,288021.06459149433,-1185663.9676112551,302.2838346415248,1237.2307821423828,0.9216012436914336,220
697000,2787.9999999617203,-1473588.3829518734,285978.9582828325,-1187609.4246690408,300.1406034629182,1237.2307821423828,0.9216012436914336,220
698000,2791.9999999616257,-1474611.9990454484,286412.07700608304,-1188199.9220393654,300.5951701756165,1237.2307821423828,0.9216012436914336,220
699000,2795.999999961531,-1472279.5499734953,286172.704316583,-1186106.8456569123,300.3439437780155,1237.2307821423828,0.9216012436914336,220
700000,2799.9999999614365,-1474382.126980478,286245.57917317684,-1188136.5478073012,300.42042738914085,1237.2307821423828,0.9216012436914336,220
701000,2803.999999961342,-1472967.5572975837,287539.01091228495,-1185428.5463852987,301.77790971946695,1237.2307821423828,0.9216012436914336,220
702000,2807.9999999612473,-1476713.8294360777,286232.9131774871,-1190480.9162585908,300.4071341747988,1237.2307821423828,0.9216012436914336,220
703000,2811.9999999611528,-1474823.7966820206,288366.1617802429,-1186457.6349017778,302.6460210034386,1237.2307821423828,0.9216012436914336,219
704000,2815.999999961058,-1473443.2325244583,286908.812475954,-1186534.4200485044,301.1165039289238,1237.2307821423828,0.9216012436914336,220
705000,2819.9999999609636,-1474796.4021722758,288607.01107731456,-1186189.3910949612,302.8987971300486,1237.2307821423828,0.9216012436914336,219
706000,2823.999999960869,-1476745.6666839728,288060.753402672,-1188684.9132813008,302.3254888380752,1237.2307821423828,0.9216012436914336,219
707000,2827.9999999607744,-1475422.888878773,288973.1115253889,-1186449.777353384,303.2830268302785,1237.2307821423828,0.9216012436914336,219
708000,2831.99999996068,-1472863.4661361678,286024.6135134865,-1186838.8526226813,300.18851953535244,1237.2307821423828,0.9216012436914336,219
709000,2835.9999999605852,-1474008.274383394,287307.2192325319,-1186701.055150862,301.5346397423452,1237.2307821423828,0.9216012436914336,219
710000,2839.9999999604906,-1474784.83998854,287287.67329642974,-1187497.1666921102,301.5141258937314,1237.2307821423828,0.9216012436914336,219
711000,2843.999999960396,-1473125.4690560224,286300.2871419411,-1186825.1819140813,300.47784449023715,1237.2307821423828,0.9216012436914336,219
712000,2847.9999999603015,-1475624.8036455596,286740.7691588167,-1188884.034486743,300.9401391260154,1237.2307821423828,0.9216012436914336,219
713000,2851.999999960207,-1475037.0151583375,286928.32078772876,-1188108.6943706088,301.13697829005787,1237.2307821423828,0.9216012436914336,219
714000,2855.9999999601123,-1475307.8486239687,287646.37652978784,-1187661.4720941808,301.8905920700216,1237.2307821423828,0.9216012436914336,219
715000,2859.9999999600177,-1473490.2026454639,286930.79249339044,-1186559.4101520735,301.1395723943001,1237.2307821423828,0.9216012436914336,219
716000,2863.999999959923,-1472995.6116487691,288181.6785123303,-1184813.933136439,302.45240214527996,1237.2307821423828,0.9216012436914336,219
717000,2867.9999999598285,-1475294.3849662421,286987.44292226224,-1188306.94204398,301.19902814590546,1237.2307821423828,0.9216012436914336,219
718000,2871.999999959734,-1476226.1996492017,287018.28974033205,-1189207.9099088698,301.2314024948645,1237.2307821423828,0.9216012436914336,219
719000,2875.9999999596394,-1474496.9250236358,286439.0185244146,-1188057.9064992212,300.62344583484264,1237.2307821423828,0.9216012436914336,219
720000,2879.9999999595448,-1472338.9805228133,287380.69294446404,-1184958.2875783492,301.6117518640565,1237.2307821423828,0.9216012436914336,219
721000,2883.99999995945,-1474311.53058518,285701.62982948066,-1188609.9007556993,299.84954173639727,1237.2307821423828,0.9216012436914336,219
722000,2887.9999999593556,-1473953.6698230384,287028.28204374545,-1186925.3877792929,301.2418896159956,1237.2307821423828,0.9216012436914336,219
723000,2891.999999959261,-1475233.7160494355,286270.26022777194,-1188963.4558216636,300.4463306467258,1237.2307821423828,0.9216012436914336,219
724000,2895.9999999591664,-1473305.713813386,286717.8295636855,-1186587.8842497005,300.91606356476706,1237.2307821423828,0.9216012436914336,219
725000,2899.999999959072,-1473912.8749124203,284589.9958704022,-1189322.8790420182,298.68285979129524,1237.2307821423828,0.9216012436914336,219
726000,2903.9999999589772,-1473455.3373720944,286443.1702567708,-1187012.1671153237,300.6278031605084,1237.2307821423828,0.9216012436914336,219
727000,2907.9999999588827,-1470603.5172576346,286190.09279272397,-1184413.4244649105,300.36219332949855,1237.2307821423828,0.9216012436914336,219
728000,2911.999999958788,-1471919.1806874499,286758.29442119645,-1185160.8862662534,300.95853223737606,1237.2307821423828,0.9216012436914336,219
729000,2915.9999999586935,-1473720.26510093,286275.52488963865,-1187444.7402112912,300.45185601404376,1237.2307821423828,0.9216012436914336,219
730000,2919.999999958599,-1473673.6642479794,286876.31595036224,-1186797.3482976172,301.0823981791157,1237.2307821423828,0.9216012436914336,219
731000,2923.9999999585043,-1473200.9846787034,287375.6260587742,-1185825.3586199293,301.606434066769,1237.2307821423828,0.9216012436914336,219
732000,2927.9999999584097,-1475332.3114496274,286779.82141795655,-1188552.4900316708,300.9811252485441,1237.2307821423828,0.9216012436914336,219
733000,2931.999999958315,-1472604.5677147517,287874.2769108141,-1184730.2908039377,302.1297780517504,1237.2307821423828,0.9216012436914336,219
734000,2935.9999999582205,-1476957.4947678363,286683.4958608736,-1190273.9989069626,300.88002966093393,1237.2307821423828,0.9216012436914336,219
735000,2939.999999958126,-1474168.0533955507,285106.9691318219,-1189061.084263729,299.22543350926514,1237.2307821423828,0.9216012436914336,219
736000,2943.9999999580314,-1473254.072314729,286566.07438768476,-1186687.9979270443,300.7567934898742,1237.2307821423828,0.9216012436914336,219
737000,2947.999999957937,-1474992.6535851536,287599.3215935186,-1187393.331991635,301.8412069787109,1237.2307821423828,0.9216012436914336,219
738000,2951.999999957842,-1475277.8193243882,287717.3531490745,-1187560.4661753136,301.96508344334626,1237.2307821423828,0.9216012436914336,219
739000,2955.9999999577476,-1475171.3376333928,287325.99831150123,-1187845.3393218915,301.554348759149,1237.2307821423828,0.9216012436914336,219
740000,2959.999999957653,-1473103.745319997,288196.7165539729,-1184907.028766024,302.46818486901816,1237.2307821423828,0.9216012436914336,219
741000,2963.9999999575584,-1474974.9551762538,286682.1277901429,-1188292.827386111,300.8785938434977,1237.2307821423828,0.9216012436914336,219
742000,2967.999999957464,-1476190.7146558706,286346.8875129704,-1189843.8271429,300.52675250628954,1237.2307821423828,0.9216012436914336,219
743000,2971.9999999573693,-1474702.3110282952,286788.7164236086,-1187913.5946046866,300.99046073385483,1237.2307821423828,0.9216012436914336,219
744000,2975.9999999572747,-1473569.677186748,287643.64932309184,-1185926.0278636562,301.88772981236315,1237.2307821423828,0.9216012436914336,219
745000,2979.99999995718,-1474801.1183822844,288250.3080362849,-1186550.8103459994,302.5244301953813,1237.2307821423828,0.9216012436914336,219
746000,2983.9999999570855,-1476743.9014146738,286012.2071815863,-1190731.6942330874,300.1754988433209,1237.2307821423828,0.9216012436914336,219
747000,2987.999999956991,-1475035.7679668106,286702.0094964648,-1188333.7584703458,300.899460089634,1237.2307821423828,0.9216012436914336,219
748000,2991.9999999568963,-1474520.3855745383,286154.67004266975,-1188365.7155318684,300.32501644892864,1237.2307821423828,0.9216012436914336,219
749000,2995.9999999568017,-1474260.878454364,287313.8243751684,-1186947.0540791955,301.5415719708867,1237.2307821423828,0.9216012436914336,219
750000,2999.999999956707,-1474530.603499298,286762.31919021596,-1187768.284309082,300.96275631249534,1237.2307821423828,0.9216012436914336,219
751000,3003.9999999566126,-1474398.4673202056,286357.26751140563,-1188041.1998088001,300.5376465210555,1237.2307821423828,0.9216012436914336,219
752000,3007.999999956518,-1474014.3075552788,287802.31898261176,-1186211.988572667,302.05425677520515,1237.2307821423828,0.9216012436914336,219
753000,3011.9999999564234,-1474105.520747861,286786.3186517984,-1187319.2020960625,300.9879442246599,1237.2307821423828,0.9216012436914336,219
754000,3015.999999956329,-1476160.619213784,286708.9936058536,-1189451.6256079306,300.90679005131784,1237.2307821423828,0.9216012436914336,219
755000,3019.999999956234,-1475368.1644976242,287986.1415817474,-1187382.0229158767,302.2471822483448,1237.2307821423828,0.9216012436914336,219
756000,3023.9999999561396,-1475025.7570761293,287742.20269481547,-1187283.5543813137,301.99116353573936,1237.2307821423828,0.9216012436914336,219
757000,3027.999999956045,-1475543.2573869228,287189.26211263554,-1188353.9952742872,301.4108413994146,1237.2307821423828,0.9216012436914336,219
758000,3031.9999999559504,-1475909.2835649308,287489.16187053977,-1188420.1216943911,301.7255921588978,1237.2307821423828,0.9216012436914336,219
759000,3035.999999955856,-1475650.4147347808,286850.4801824405,-1188799.9345523403,301.0552830269328,1237.2307821423828,0.9216012436914336,219
760000,3039.9999999557613,-1475386.5634565875,286609.86089381366,-1188776.7025627738,300.80274829875935,1237.2307821423828,0.9216012436914336,219
761000,3043.9999999556667,-1475065.7420800831,288773.8326452737,-1186291.9094348093,303.07387968289976,1237.2307821423828,0.9216012436914336,219
762000,3047.999999955572,-1475111.806993965,286972.722198879,-1188139.0847950862,301.18357845399044,1237.2307821423828,0.9216012436914336,219
763000,3051.9999999554775,-1476660.055903037,286039.69207324507,-1190620.363829792,300.204344783659,1237.2307821423828,0.9216012436914336,219
764000,3055.999999955383,-1477383.2845034907,287191.7920197661,-1190191.4924837246,301.4134965872558,1237.2307821423828,0.9216012436914336,219
765000,3059.9999999552883,-1475586.58712875,287768.92025663686,-1187817.6668721132,302.0192041481546,1237.2307821423828,0.9216012436914336,219
766000,3063.9999999551937,-1474579.4974588268,286633.13744602003,-1187946.3600128067,300.82717750315857,1237.2307821423828,0.9216012436914336,219
767000,3067.999999955099,-1473021.7440992743,286187.20875736646,-1186834.5353419078,300.35916647704124,1237.2307821423828,0.9216012436914336,219
768000,3071.9999999550046,-1472886.177442805,285408.70471926307,-1187477.4727235418,299.54211100835334,1237.2307821423828,0.9216012436914336,219
769000,3075.99999995491,-1474500.939348124,287021.37566602457,-1187479.5636820993,301.234641235243,1237.2307821423828,0.9216012436914336,219
770000,3079.9999999548154,-1475661.5439805938,288438.82723349537,-1187222.7167470984,302.72228484159314,1237.2307821423828,0.9216012436914336,219
771000,3083.999999954721,-1476961.6665486451,287348.12604231073,-1189613.5405063345,301.57757225264766,1237.2307821423828,0.9216012436914336,219
772000,3087.999999954626,-1475167.1229397506,286038.0465878054,-1189129.0763519453,300.20261781396925,1237.2307821423828,0.9216012436914336,219
773000,3091.9999999545316,-1475502.9291352695,286591.14816424705,-1188911.7809710223,300.78310891697305,1237.2307821423828,0.9216012436914336,219
774000,3095.999999954437,-1474209.4310547924,286699.8237790361,-1187509.6072757563,300.89716613572915,1237.2307821423828,0.9216012436914336,219
775000,3099.9999999543425,-1472561.5399179673,288882.6109563541,-1183678.9289616132,303.18804468345576,1237.2307821423828,0.9216012436914336,219
776000,3103.999999954248,-1475080.4854409816,286482.26963788946,-1188598.215803092,300.66883873849093,1237.2307821423828,0.9216012436914336,219
777000,3107.9999999541533,-1473930.308449478,287003.3947373243,-1186926.9137121537,301.2157698930179,1237.2307821423828,0.9216012436914336,219
778000,3111.9999999540587,-1473979.1804703446,286955.82863001677,-1187023.351840328,301.16584831753767,1237.2307821423828,0.9216012436914336,219
779000,3115.999999953964,-1474644.3151005944,288068.73846673744,-1186575.576633857,302.33386932159635,1237.2307821423828,0.9216012436914336,219
780000,3119.9999999538695,-1475035.7242687484,286704.98145375727,-1188330.7428149912,300.90257921791033,1237.2307821423828,0.9216012436914336,219
781000,3123.999999953775,-1475691.5641169865,286969.5162232263,-1188722.0478937603,301.1802137187915,1237.2307821423828,0.9216012436914336,219
782000,3127.9999999536803,-1471924.3749939492,288108.50689860707,-1183815.868095342,302.37560708164625,1237.2307821423828,0.9216012436914336,219
783000,3131.9999999535858,-1473396.949227319,285800.8016202258,-1187596.1476070932,299.95362450283386,1237.2307821423828,0.9216012436914336,219
784000,3135.999999953491,-1472247.5041338792,285389.4013258841,-1186858.1028079952,299.5218517131505,1237.2307821423828,0.9216012436914336,219
785000,3139.9999999533966,-1473134.034365886,285986.5936953019,-1187147.4406705839,300.14861698013647,1237.2307821423828,0.9216012436914336,219
786000,3143.999999953302,-1473965.0095219854,286674.74008332926,-1187290.269438656,300.87084029829083,1237.2307821423828,0.9216012436914336,219
787000,3147.9999999532074,-1472395.5935197715,287559.8658758601,-1184835.7276439113,301.7997974184439,1237.2307821423828,0.9216012436914336,219
788000,3151.999999953113,-1473377.0145897986,286853.75451249717,-1186523.2600773014,301.05871950143796,1237.2307821423828,0.9216012436914336,219
789000,3155.9999999530182,-1472824.6632718444,287011.7951325115,-1185812.8681393329,301.2245862748103,1237.2307821423828,0.9216012436914336,219
790000,3159.9999999529236,-1473635.868735522,287864.16768374434,-1185771.7010517777,302.1191682169168,1237.2307821423828,0.9216012436914336,219
791000,3163.999999952829,-1473349.5421375856,287949.5837481739,-1185399.9583894117,302.20881407505004,1237.2307821423828,0.9216012436914336,219
792000,3167.9999999527345,-1474049.374496786,287701.84572816035,-1186347.5287686256,301.94880809672895,1237.2307821423828,0.9216012436914336,219
793000,3171.99999995264,-1473545.0454309918,287490.71719288605,-1186054.3282381059,301.72722450062815,1237.2307821423828,0.9216012436914336,218
794000,3175.9999999525453,-1472969.843525038,287223.8164690067,-1185746.0270560314,301.447106883546,1237.2307821423828,0.9216012436914336,219
795000,3179.9999999524507,-1472237.6066667596,286878.0644890757,-1185359.542177684,301.0842333052655,1237.2307821423828,0.9216012436914336,218
796000,3183.999999952356,-1472943.333432272,287473.3033309306,-1185470.0301013414,301.708948306228,1237.2307821423828,0.9216012436914336,218
797000,3187.9999999522615,-1473344.3063971149,286497.1323239071,-1186847.1740732077,300.6844374230138,1237.2307821423828,0.9216012436914336,218
798000,3191.999999952167,-1474176.7624790138,285968.4365772821,-1188208.3259017316,300.129560723717,1237.2307821423828,0.9216012436914336,218
799000,3195.9999999520724,-1471853.8113100203,287320.521437244,-1184533.2898727763,301.5486006707074,1237.2307821423828,0.9216012436914336,218
800000,3199.9999999519778,-1472865.3215636043,287020.68769872136,-1185844.6338648829,301.2339191998779,1237.2307821423828,0.9216012436914336,218
801000,3203.999999951883,-1475220.123909642,284536.14140885114,-1190683.9825007909,298.6263384629913,1237.2307821423828,0.9216012436914336,218
802000,3207.9999999517886,-1476415.5949988682,287335.1790364445,-1189080.4159624237,301.5639841125374,1237.2307821423828,0.9216012436914336,218
803000,3211.999999951694,-1474909.6396082584,286204.2123548873,-1188705.427253371,300.3770120907591,1237.2307821423828,0.9216012436914336,218
804000,3215.9999999515994,-1477706.1919289501,286951.6706133201,-1190754.52131563,301.16148439633156,1237.2307821423828,0.9216012436914336,218
805000,3219.999999951505,-1475372.4890333535,285055.8564132417,-1190316.6326201118,299.1717896947293,1237.2307821423828,0.9216012436914336,218
806000,3223.9999999514102,-1474254.9680727245,286921.25782199134,-1187333.7102507332,301.129565567068,1237.2307821423828,0.9216012436914336,218
807000,3227.9999999513157,-1476666.9905689638,287309.1214769965,-1189357.8690919674,301.5366361857373,1237.2307821423828,0.9216012436914336,218
808000,3231.999999951221,-1475328.8417421505,287421.46217645565,-1187907.3795656948,301.6545399837355,1237.2307821423828,0.9216012436914336,218
809000,3235.9999999511265,-1473697.7508581597,285986.47119429416,-1187711.2796638655,300.1484884128929,1237.2307821423828,0.9216012436914336,218
810000,3239.999999951032,-1476558.0514383968,287032.7971461194,-1189525.2542922774,301.2466283057207,1237.2307821423828,0.9216012436914336,218
811000,3243.9999999509373,-1475328.842842387,286617.0260343498,-1188711.8168080372,300.81026825623223,1237.2307821423828,0.9216012436914336,218
812000,3247.9999999508427,-1475656.7172019277,286152.2641131324,-1189504.4530887953,300.3224913780368,1237.2307821423828,0.9216012436914336,218
813000,3251.999999950748,-1473684.8801159943,288170.31694974384,-1185514.5631662505,302.4404779594187,1237.2307821423828,0.9216012436914336,218
814000,3255.9999999506535,-1474152.0279795593,287237.2035176491,-1186914.8244619102,301.4611568573001,1237.2307821423828,0.9216012436914336,218
815000,3259.999999950559,-1472853.0457423264,287327.5787887125,-1185525.4669536138,301.5560075014103,1237.2307821423828,0.9216012436914336,218
816000,3263.9999999504644,-1474678.5687783482,286180.64440973394,-1188497.9243686143,300.3522770636676,1237.2307821423828,0.9216012436914336,218
817000,3267.99999995037,-1474986.5285412138,286538.46287251293,-1188448.065668701,300.7278146556412,1237.2307821423828,0.9216012436914336,218
818000,3271.999999950275,-1475190.563831442,286661.00456555863,-1188529.5592658834,300.8564245992572,1237.2307821423828,0.9216012436914336,218
819000,3275.9999999501806,-1474709.8873944152,286056.42309182655,-1188653.4643025887,300.22190432035967,1237.2307821423828,0.9216012436914336,218
820000,3279.999999950086,-1474771.5282047223,286178.54125304695,-1188592.9869516753,300.350069758903,1237.2307821423828,0.9216012436914336,218
821000,3283.9999999499914,-1475135.8608616944,287029.39911421976,-1188106.4617474747,301.2430620036716,1237.2307821423828,0.9216012436914336,218
822000,3287.999999949897,-1476524.6677618101,284641.3221813957,-1191883.3455804144,298.7367277753162,1237.2307821423828,0.9216012436914336,218
823000,3291.9999999498023,-1474163.4545293506,286472.0431828076,-1187691.411346543,300.6581058705276,1237.2307821423828,0.9216012436914336,218
824000,3295.9999999497077,-1473610.9696909068,286477.9033624724,-1187133.0663284343,300.66425624561657,1237.2307821423828,0.9216012436914336,218
825000,3299.999999949613,-1474801.8969415156,286843.5249846135,-1187958.371956902,301.047983408508,1237.2307821423828,0.9216012436914336,218
826000,3303.9999999495185,-1472607.4768013842,286346.2713389229,-1186261.2054624613,300.5261058193739,1237.2307821423828,0.9216012436914336,218
827000,3307.999999949424,-1476136.4267330263,287409.8598069724,-1188726.566926054,301.6423630662475,1237.2307821423828,0.9216012436914336,218
828000,3311.9999999493293,-1475556.7809877098,286902.317123865,-1188654.4638638448,301.10968692774514,1237.2307821423828,0.9216012436914336,218
829000,3315.9999999492347,-1475768.9234084692,287470.2411265838,-1188298.6822818853,301.7057344618735,1237.2307821423828,0.9216012436914336,218
830000,3319.99999994914,-1476503.2207254292,286416.8814062922,-1190086.339319137,300.6002124891724,1237.2307821423828,0.9216012436914336,218
831000,3323.9999999490456,-1474809.4237329895,285405.247517325,-1189404.1762156645,299.5384826061722,1237.2307821423828,0.9216012436914336,218
832000,3327.999999948951,-1473438.9813546697,287915.1737890679,-1185523.8075656018,302.17270013871985,1237.2307821423828,0.9216012436914336,218
833000,3331.9999999488564,-1476900.1821298152,286162.25774474983,-1190737.9243850654,300.33297989314457,1237.2307821423828,0.9216012436914336,218
834000,3335.999999948762,-1473624.5972020328,286382.80649861845,-1187241.7907034145,300.5644501959829,1237.2307821423828,0.9216012436914336,218
835000,3339.999999948667,-1472401.6221446395,286501.64595195686,-1185899.9761926825,300.6891745654063,1237.2307821423828,0.9216012436914336,218
836000,3343.9999999485726,-1475248.1028413922,287589.7791578559,-1187658.3236835361,301.8311920027297,1237.2307821423828,0.9216012436914336,218
837000,3347.999999948478,-1473045.4910235219,287581.09291180945,-1185464.3981117124,301.82207561477634,1237.2307821423828,0.9216012436914336,218
838000,3351.9999999483834,-1472765.548447337,287099.1727614845,-1185666.3756858525,301.31629083393796,1237.2307821423828,0.9216012436914336,218
839000,3355.999999948289,-1472906.7348549413,286047.6273952157,-1186859.1074597256,300.2126730618625,1237.2307821423828,0.9216012436914336,218
840000,3359.9999999481943,-1473800.5629584547,288420.65716979385,-1185379.905788661,302.7032149984233,1237.2307821423828,0.9216012436914336,218
841000,3363.9999999480997,-1473476.8796251183,284450.10196124366,-1189026.7776638747,298.5360383518167,1237.2307821423828,0.9216012436914336,218
842000,3367.999999948005,-1474852.0315012336,287693.57637522975,-1187158.4551260038,301.94012924639065,1237.2307821423828,0.9216012436914336,218
843000,3371.9999999479105,-1474565.127283494,286257.6830423218,-1188307.4442411722,300.43313064049624,1237.2307821423828,0.9216012436914336,218
844000,3375.999999947816,-1473399.2078272998,285288.7134125522,-1188110.4944147477,299.41617774591066,1237.2307821423828,0.9216012436914336,218
845000,3379.9999999477213,-1472876.8293362046,288388.30417108967,-1184488.525165115,302.6692598829378,1237.2307821423828,0.9216012436914336,218
846000,3383.9999999476267,-1473849.428050843,285874.5118201526,-1187974.9162306904,300.03098482339817,1237.2307821423828,0.9216012436914336,218
847000,3387.999999947532,-1473704.9369320981,286403.7371046685,-1187301.1998274296,300.5864172832414,1237.2307821423828,0.9216012436914336,218
848000,3391.9999999474376,-1474108.70559863,285771.16472277185,-1188337.5408758582,299.9225199896207,1237.2307821423828,0.9216012436914336,218
849000,3395.999999947343,-1475217.1579396278,287038.53858288185,-1188178.6193567459,301.25265405777253,1237.2307821423828,0.9216012436914336,218
850000,3399.9999999472484,-1475407.7300700694,288251.67638298246,-1187156.053687087,302.5258663024502,1237.2307821423828,0.9216012436914336,218
851000,3403.999999947154,-1473666.4295635037,285699.9450081431,-1187966.4845553606,299.8477734829005,1237.2307821423828,0.9216012436914336,218
852000,3407.999999947059,-1473239.592973031,287729.4819889922,-1185510.110984039,301.9778129020242,1237.2307821423828,0.9216012436914336,218
853000,3411.9999999469646,-1471921.1595357275,285931.47107841057,-1185989.688457317,300.0907646975854,1237.2307821423828,0.9216012436914336,218
854000,3415.99999994687,-1472713.2101352662,288028.1430257618,-1184685.0671095042,302.2912635990445,1237.2307821423828,0.9216012436914336,218
855000,3419.9999999467755,-1473068.911033688,286963.35391527455,-1186105.5571184135,301.17374625405745,1237.2307821423828,0.9216012436914336,218
856000,3423.999999946681,-1474430.2360885544,287677.47547955933,-1186752.760608995,301.9232310362152,1237.2307821423828,0.9216012436914336,218
857000,3427.9999999465863,-1473218.0244907048,285864.0882203203,-1187353.9362703846,300.020045048099,1237.2307821423828,0.9216012436914336,218
858000,3431.9999999464917,-1473353.2295162473,286097.11246185127,-1187256.117054396,300.2646086233164,1237.2307821423828,0.9216012436914336,218
859000,3435.999999946397,-1473384.5401511006,286963.56564620684,-1186420.9745048936,301.17396846988123,1237.2307821423828,0.9216012436914336,218
860000,3439.9999999463025,-1474867.2738251928,286796.9635895686,-1188070.3102356242,300.9991162985263,1237.2307821423828,0.9216012436914336,218
861000,3443.999999946208,-1473174.5969994897,285754.41784616024,-1187420.1791533295,299.90494380960206,1237.2307821423828,0.9216012436914336,218
862000,3447.9999999461133,-1472975.41080755,286582.134032959,-1186393.2767745908,300.7736484069386,1237.2307821423828,0.9216012436914336,218
863000,3451.9999999460188,-1473951.2817444708,286118.7273108964,-1187832.5544335744,300.2872938372045,1237.2307821423828,0.9216012436914336,218
864000,3455.999999945924,-1473974.8435902316,288591.14990525314,-1185383.6936849784,302.88215051456774,1237.2307821423828,0.9216012436914336,218
865000,3459.9999999458296,-1474090.4620302906,285955.10952816985,-1188135.3525021207,300.11557372066284,1237.2307821423828,0.9216012436914336,218
866000,3463.999999945735,-1475528.171708133,286076.7692868555,-1189451.4024212775,300.24325805663045,1237.2307821423828,0.9216012436914336,218
867000,3467.9999999456404,-1475115.099035251,287358.68761622225,-1187756.4114190286,301.58865683448664,1237.2307821423828,0.9216012436914336,218
868000,3471.999999945546,-1474213.0665533189,287059.5652696938,-1187153.5012836251,301.2747219837012,1237.2307821423828,0.9216012436914336,218
869000,3475.9999999454512,-1475149.7868492668,287709.5227436656,-1187440.2641056012,301.9568652771606,1237.2307821423828,0.9216012436914336,218
870000,3479.9999999453566,-1474979.3940543113,286121.5657329544,-1188857.8283213568,300.290272817597,1237.2307821423828,0.9216012436914336,218
871000,3483.999999945262,-1476423.4856830705,286794.331276068,-1189629.1544070025,300.9963536331633,1237.2307821423828,0.9216012436914336,218
872000,3487.9999999451675,-1476094.0200540079,286142.4752707831,-1189951.5447832248,300.3122177933383,1237.2307821423828,0.9216012436914336,218
873000,3491.999999945073,-1475807.2434549034,287199.4457327727,-1188607.7977221305,301.42152931125173,1237.2307821423828,0.9216012436914336,218
874000,3495.9999999449783,-1474312.7807725146,287493.74541326566,-1186819.035359249,301.73040267813326,1237.2307821423828,0.9216012436914336,218
875000,3499.9999999448837,-1473724.954379093,286339.580760631,-1187385.373618462,300.51908392441317,1237.2307821423828,0.9216012436914336,218
876000,3503.999999944789,-1474595.6520047924,286132.18654895446,-1188463.465455838,300.3014195751859,1237.2307821423828,0.9216012436914336,218
877000,3507.9999999446945,-1473637.1850442225,287172.2824562174,-1186464.9025880052,301.3930209123601,1237.2307821423828,0.9216012436914336,218
878000,3511.9999999446,-1473663.4403479435,286833.69520520314,-1186829.7451427402,301.0376668595498,1237.2307821423828,0.9216012436914336,218
879000,3515.9999999445054,-1474472.6120930584,287034.6672052383,-1187437.9448878202,301.24859096995255,1237.2307821423828,0.9216012436914336,218
880000,3519.999999944411,-1474047.9650045205,286710.9371875457,-1187337.0278169748,300.9088298789522,1237.2307821423828,0.9216012436914336,218
881000,3523.999999944316,-1473918.6373588517,286222.403621257,-1187696.2337375947,300.3961041865508,1237.2307821423828,0.9216012436914336,218
882000,3527.9999999442216,-1473790.5056653088,287213.06449617166,-1186577.4411691371,301.4358224742506,1237.2307821423828,0.9216012436914336,218
883000,3531.999999944127,-1474419.8102768976,287897.05006477615,-1186522.7602121215,302.153678929682,1237.2307821423828,0.9216012436914336,218
884000,3535.9999999440324,-1473595.4127680128,288882.4388574081,-1184712.9739106046,303.1878640621897,1237.2307821423828,0.9216012436914336,218
885000,3539.999999943938,-1474326.9284810023,286450.7350736751,-1187876.1934073272,300.6357425862773,1237.2307821423828,0.9216012436914336,218
886000,3543.9999999438432,-1477414.6524724085,285619.95247470855,-1191794.6999976998,299.7638197283944,1237.2307821423828,0.9216012436914336,218
887000,3547.9999999437487,-1474808.0835414594,286079.3753460767,-1188728.7081953827,300.2459931676051,1237.2307821423828,0.9216012436914336,218
888000,3551.999999943654,-1474619.9732900765,287061.13790144544,-1187558.835388631,301.27637249199665,1237.2307821423828,0.9216012436914336,218
889000,3555.9999999435595,-1472514.345114058,285890.0515649907,-1186624.293549067,300.0472940946166,1237.2307821423828,0.9216012436914336,218
890000,3559.999999943465,-1474463.33636944,287184.35600073193,-1187278.980368708,301.40569233741275,1237.2307821423828,0.9216012436914336,218
891000,3563.9999999433703,-1475506.298801329,286348.9777593276,-1189157.3210420012,300.52894626140636,1237.2307821423828,0.9216012436914336,218
892000,3567.9999999432757,-1475813.8695760658,287394.16640312294,-1188419.7031729429,301.62589252684126,1237.2307821423828,0.9216012436914336,218
893000,3571.999999943181,-1473528.0137155056,285414.26433631184,-1188113.7493791939,299.547945937,1237.2307821423828,0.9216012436914336,218
894000,3575.9999999430866,-1476282.1256335303,285697.8941961462,-1190584.2314373842,299.84562111492903,1237.2307821423828,0.9216012436914336,218
895000,3579.999999942992,-1474388.8353587948,286926.51847941126,-1187462.3168793835,301.13508673163943,1237.2307821423828,0.9216012436914336,218
896000,3583.9999999428974,-1471101.672528945,285721.6207128114,-1185380.0518161335,299.87052256597536,1237.2307821423828,0.9216012436914336,218
897000,3587.999999942803,-1472534.4782176996,286882.18707428477,-1185652.2911434148,301.0885600404208,1237.2307821423828,0.9216012436914336,218
898000,3591.999999942708,-1473624.2001645276,288358.540380907,-1185265.6597836206,302.6380221932826,1237.2307821423828,0.9216012436914336,217
899000,3595.9999999426136,-1472123.8278078912,287341.8437229867,-1184781.9840849044,301.57097883359194,1237.2307821423828,0.9216012436914336,218
900000,3599.999999942519,-1475516.515760227,287112.2228155702,-1188404.292944657,301.3299871252037,1237.2307821423828,0.9216012436914336,217
901000,3603.9999999424244,-1474773.57751353,286168.40835739585,-1188605.1691561341,300.3394350834226,1237.2307821423828,0.9216012436914336,217
902000,3607.99999994233,-1475896.4331663111,286342.5837585512,-1189553.84940776,300.5222356304456,1237.2307821423828,0.9216012436914336,217
903000,3611.9999999422353,-1474859.5225572046,286184.6351908384,-1188674.887366366,300.35646546779424,1237.2307821423828,0.9216012436914336,217
904000,3615.9999999421407,-1474376.1525585856,286566.7539695272,-1187809.3985890583,300.7575067245315,1237.2307821423828,0.9216012436914336,217
905000,3619.999999942046,-1472717.9168674424,287871.9774976062,-1184845.9393698364,302.1273647718644,1237.2307821423828,0.9216012436914336,217
906000,3623.9999999419515,-1474190.3843752863,286694.2111409709,-1187496.1732343154,300.89127556047134,1237.2307821423828,0.9216012436914336,217
907000,3627.999999941857,-1472539.1282586725,287977.12604961725,-1184562.0022090552,302.23772026809866,1237.2307821423828,0.9216012436914336,217
908000,3631.9999999417623,-1474093.6569442162,287872.0752101498,-1186221.5817340664,302.12746732312195,1237.2307821423828,0.9216012436914336,217
909000,3635.9999999416677,-1474502.713855844,288183.3430238656,-1186319.3708319785,302.45414908323545,1237.2307821423828,0.9216012436914336,217
910000,3639.999999941573,-1473108.8361787256,286487.8190442679,-1186621.0171344578,300.6746629508361,1237.2307821423828,0.9216012436914336,217
911000,3643.9999999414786,-1473032.1290823165,286838.59653396846,-1186193.532548348,301.0428109015528,1237.2307821423828,0.9216012436914336,217
912000,3647.999999941384,-1475443.6065882621,286928.58461881615,-1188515.021969446,301.1372551860304,1237.2307821423828,0.9216012436914336,217
913000,3651.9999999412894,-1474683.3983142404,287546.55780457007,-1187136.8405096703,301.78583033299157,1237.2307821423828,0.9216012436914336,217
914000,3655.999999941195,-1473478.3587348675,286743.1758222927,-1186735.1829125748,300.9426649671904,1237.2307821423828,0.9216012436914336,217
915000,3659.9999999411,-1475317.7785153296,286908.25064383884,-1188409.5278714907,301.1159142749468,1237.2307821423828,0.9216012436914336,217
916000,3663.9999999410056,-1472448.8478112016,286806.06979822554,-1185642.778012976,301.0086734455904,1237.2307821423828,0.9216012436914336,217
917000,3667.999999940911,-1472760.4840112105,286587.3624855465,-1186173.1215256639,300.779135771898,1237.2307821423828,0.9216012436914336,217
918000,3671.9999999408165,-1472742.3503876105,287506.9686267278,-1185235.3817608827,301.74428070360784,1237.2307821423828,0.9216012436914336,217
919000,3675.999999940722,-1473096.3475677157,288588.5473883889,-1184507.800179327,302.87941912136716,1237.2307821423828,0.9216012436914336,217
920000,3679.9999999406273,-1472893.1488479972,286517.43651795475,-1186375.7123300424,300.70574707841945,1237.2307821423828,0.9216012436914336,217
921000,3683.9999999405327,-1474597.1481772363,287136.4516695273,-1187460.696507709,301.3554157892269,1237.2307821423828,0.9216012436914336,217
922000,3687.999999940438,-1473878.2917628018,286951.2228372407,-1186927.0689255612,301.16101444643215,1237.2307821423828,0.9216012436914336,217
923000,3691.9999999403435,-1477022.5825487701,285929.4847968044,-1191093.0977519657,300.08868005554217,1237.2307821423828,0.9216012436914336,217
924000,3695.999999940249,-1473420.6734319413,286725.915560957,-1186694.7578709843,300.9245499796951,1237.2307821423828,0.9216012436914336,217
925000,3699.9999999401543,-1473914.5897161737,286125.6551362926,-1187788.9345798811,300.294564727719,1237.2307821423828,0.9216012436914336,217
926000,3703.9999999400598,-1472663.6253333911,286801.99615907995,-1185861.6291743112,301.00439808030205,1237.2307821423828,0.9216012436914336,217
927000,3707.999999939965,-1473984.2132674837,286323.09381771745,-1187661.1194497664,300.50178054997946,1237.2307821423828,0.9216012436914336,217
928000,3711.9999999398706,-1474557.7888310077,286135.6144913906,-1188422.1743396171,300.30501726893795,1237.2307821423828,0.9216012436914336,217
929000,3715.999999939776,-1474617.315114949,285173.4175050744,-1189443.8976098746,299.29517239833206,1237.2307821423828,0.9216012436914336,217
930000,3719.9999999396814,-1474869.2517006164,285890.7526864105,-1188978.499014206,300.0480299354885,1237.2307821423828,0.9216012436914336,217
931000,3723.999999939587,-1474559.3145109285,285726.7311900116,-1188832.5833209169,299.87588611341977,1237.2307821423828,0.9216012436914336,217
932000,3727.999999939492,-1473669.2568766624,285796.11741534114,-1187873.1394613213,299.9487083366611,1237.2307821423828,0.9216012436914336,217
933000,3731.9999999393976,-1472505.1080537885,286738.89033201145,-1185766.217721777,300.93816725992247,1237.2307821423828,0.9216012436914336,217
934000,3735.999999939303,-1474077.7310603224,285465.60237815493,-1188612.1286821675,299.6018262327809,1237.2307821423828,0.9216012436914336,217
935000,3739.9999999392085,-1474044.9631971866,286993.16929509677,-1187051.7939020898,301.20503808806524,1237.2307821423828,0.9216012436914336,217
936000,3743.999999939114,-1473294.5315960022,288114.1344778935,-1185180.3971181088,302.3815133380128,1237.2307821423828,0.9216012436914336,217
937000,3747.9999999390193,-1474296.2558407485,286876.4751802805,-1187419.7806604682,301.0825652940813,1237.2307821423828,0.9216012436914336,217
938000,3751.9999999389247,-1475647.6546127573,286311.24362294166,-1189336.4109898156,300.48934353491893,1237.2307821423828,0.9216012436914336,217
939000,3755.99999993883,-1473013.0790271992,285724.15275832056,-1187288.9262688786,299.8731799980874,1237.2307821423828,0.9216012436914336,217
940000,3759.9999999387355,-1474943.493350532,287397.24503050384,-1187546.2483200282,301.6291236074966,1237.2307821423828,0.9216012436914336,217
941000,3763.999999938641,-1473886.9276149226,286875.5287906134,-1187011.3988243092,301.08157203930654,1237.2307821423828,0.9216012436914336,217
942000,3767.9999999385464,-1473567.1677855374,286953.6051616842,-1186613.5626238533,301.1635147433086,1237.2307821423828,0.9216012436914336,217
943000,3771.9999999384518,-1474600.5433173282,286565.0682907008,-1188035.4750266275,300.75573757108316,1237.2307821423828,0.9216012436914336,217
944000,3775.999999938357,-1475494.0423006518,287183.7174802941,-1188310.3248203576,301.4050221975162,1237.2307821423828,0.9216012436914336,217
945000,3779.9999999382626,-1474725.0548918387,288039.5689545021,-1186685.4859373365,302.30325533846417,1237.2307821423828,0.9216012436914336,217
946000,3783.999999938168,-1474041.7607812546,288152.4314340334,-1185889.3293472212,302.4217067550237,1237.2307821423828,0.9216012436914336,217
947000,3787.9999999380734,-1478516.2195083834,288362.3865653437,-1190153.8329430397,302.642058840331,1237.2307821423828,0.9216012436914336,217
948000,3791.999999937979,-1474566.8406022089,287030.8323146822,-1187536.0082875267,301.24456617605637,1237.2307821423828,0.9216012436914336,217
949000,3795.9999999378842,-1475149.3048386155,285969.3354180123,-1189179.9694206032,300.13050407493694,1237.2307821423828,0.9216012436914336,217
950000,3799.9999999377897,-1473453.202047173,287939.8230266746,-1185513.3790204984,302.19857000374276,1237.2307821423828,0.9216012436914336,217
951000,3803.999999937695,-1476191.3233253425,287168.17060222017,-1189023.1527231224,301.388705439825,1237.2307821423828,0.9216012436914336,217
952000,3807.9999999376005,-1474720.9188984912,285795.9666135295,-1188924.9522849617,299.9485500671611,1237.2307821423828,0.9216012436914336,217
953000,3811.999999937506,-1473644.2155037802,285836.552597763,-1187807.6629060172,299.9911458646741,1237.2307821423828,0.9216012436914336,217
954000,3815.9999999374113,-1473680.60739428,286067.1931978238,-1187613.414196456,300.2332077607694,1237.2307821423828,0.9216012436914336,217
955000,3819.9999999373167,-1475129.8899139958,287294.7131334643,-1187835.1767805314,301.52151434268757,1237.2307821423828,0.9216012436914336,217
956000,3823.999999937222,-1475398.470878398,287348.36989751586,-1188050.100980882,301.5778281835345,1237.2307821423828,0.9216012436914336,217
957000,3827.9999999371275,-1476346.0703367554,286276.03520869755,-1190070.035128058,300.4523916040438,1237.2307821423828,0.9216012436914336,217
958000,3831.999999937033,-1473904.806273683,287440.3206993001,-1186464.4855743828,301.674332378466,1237.2307821423828,0.9216012436914336,217
959000,3835.9999999369384,-1474006.5555701368,287775.35547449475,-1186231.200095642,302.02595803726194,1237.2307821423828,0.9216012436914336,217
960000,3839.999999936844,-1473531.253485174,286564.3822850297,-1186966.8712001443,300.75501759448997,1237.2307821423828,0.9216012436914336,217
961000,3843.999999936749,-1475220.1206787545,287517.15321733255,-1187702.967461422,301.75496963397,1237.2307821423828,0.9216012436914336,217
962000,3847.9999999366546,-1475697.3222080208,285604.40497862396,-1190092.9172293968,299.7475023220888,1237.2307821423828,0.9216012436914336,217
963000,3851.99999993656,-1475733.5996398078,286619.14387607283,-1189114.4557637349,300.8124909732342,1237.2307821423828,0.9216012436914336,217
964000,3855.9999999364654,-1474038.6699720742,287214.6723097605,-1186823.9976623137,301.4375099065837,1237.2307821423828,0.9216012436914336,217
965000,3859.999999936371,-1473411.3003571667,285004.0235732577,-1188407.276783909,299.11739009846036,1237.2307821423828,0.9216012436914336,217
966000,3863.9999999362763,-1475082.987169641,287666.0431424142,-1187416.944027227,301.91123257104726,1237.2307821423828,0.9216012436914336,217
967000,3867.9999999361817,-1475382.3211450223,285644.80199984333,-1189737.519145179,299.7898997991609,1237.2307821423828,0.9216012436914336,217
968000,3871.999999936087,-1475729.257279167,285761.6871693553,-1189967.5701098116,299.91257310884714,1237.2307821423828,0.9216012436914336,217
969000,3875.9999999359925,-1476405.4894624166,286728.152097814,-1189677.3373646026,300.9268972696005,1237.2307821423828,0.9216012436914336,217
970000,3879.999999935898,-1474363.3343877718,287017.24441282154,-1187346.0899749503,301.23030540285566,1237.2307821423828,0.9216012436914336,217
971000,3883.9999999358033,-1475013.1045618737,287635.1424705902,-1187377.9620912834,301.8788017015023,1237.2307821423828,0.9216012436914336,217
972000,3887.9999999357087,-1475153.6320765913,286835.53323758894,-1188318.0988390022,301.0395959110883,1237.2307821423828,0.9216012436914336,217
973000,3891.999999935614,-1474759.3322231788,287095.9496411051,-1187663.3825820738,301.3129081050074,1237.2307821423828,0.9216012436914336,217
974000,3895.9999999355196,-1476065.0404669903,285701.95259286056,-1190363.0878741299,299.84988048298266,1237.2307821423828,0.9216012436914336,217
975000,3899.999999935425,-1475467.9995368524,286843.57710965036,-1188624.422427202,301.04803811477063,1237.2307821423828,0.9216012436914336,217
976000,3903.9999999353304,-1477476.1481422167,288360.8714674699,-1189115.2766747468,302.6404687149845,1237.2307821423828,0.9216012436914336,217
977000,3907.999999935236,-1474689.3766485918,286067.0174740722,-1188622.3591745195,300.2330233351978,1237.2307821423828,0.9216012436914336,217
978000,3911.999999935141,-1474633.778590763,286826.71986517427,-1187807.0587255887,301.03034610148353,1237.2307821423828,0.9216012436914336,217
979000,3915.9999999350466,-1475857.7358880565,287319.89540859277,-1188537.8404794638,301.5479436411892,1237.2307821423828,0.9216012436914336,217
980000,3919.999999934952,-1476256.7200858463,285951.86916377593,-1190304.8509220704,300.1121728937962,1237.2307821423828,0.9216012436914336,217
981000,3923.9999999348574,-1476008.6608929094,285396.899705804,-1190611.7611871054,299.52972141198313,1237.2307821423828,0.9216012436914336,217
982000,3927.999999934763,-1476689.9864814458,287049.2965428977,-1189640.689938548,301.26394475073323,1237.2307821423828,0.9216012436914336,217
983000,3931.9999999346683,-1476113.4505633665,285492.3943914734,-1190621.0561718931,299.6299449835228,1237.2307821423828,0.9216012436914336,217
984000,3935.9999999345737,-1473511.7446989184,286548.9022981509,-1186962.8424007676,300.7387710404382,1237.2307821423828,0.9216012436914336,217
985000,3939.999999934479,-1475327.144385065,288133.4296292315,-1187193.7147558334,302.40176398302975,1237.2307821423828,0.9216012436914336,217
986000,3943.9999999343845,-1475326.771456765,285679.2365029563,-1189647.5349538086,299.8260394949145,1237.2307821423828,0.9216012436914336,217
987000,3947.99999993429,-1473719.2813486652,287441.3658995457,-1186277.9154491196,301.67542933690777,1237.2307821423828,0.9216012436914336,217
988000,3951.9999999341953,-1473061.5021735635,285764.9209820897,-1187296.5811914736,299.9159670596169,1237.2307821423828,0.9216012436914336,217
989000,3955.9999999341007,-1472219.4899815712,286683.75013652496,-1185535.7398450463,300.8802965282863,1237.2307821423828,0.9216012436914336,217
990000,3959.999999934006,-1473464.2600868503,286606.5060855994,-1186857.754001251,300.79922736082756,1237.2307821423828,0.9216012436914336,217
991000,3963.9999999339116,-1474867.353961112,286276.83403302403,-1188590.519928088,300.4532299860592,1237.2307821423828,0.9216012436914336,217
992000,3967.999999933817,-1475357.8758273367,287875.750737013,-1187482.1250903236,302.13132486165347,1237.2307821423828,0.9216012436914336,217
993000,3971.9999999337224,-1475429.791803861,285837.22191426554,-1189592.5698895955,299.99184832565294,1237.2307821423828,0.9216012436914336,217
994000,3975.999999933628,-1475288.7788375001,285626.77277630224,-1189662.006061198,299.77097777054,1237.2307821423828,0.9216012436914336,217
995000,3979.999999933533,-1475453.5657255817,286891.4580655674,-1188562.1076600142,301.0982901301274,1237.2307821423828,0.9216012436914336,217
996000,3983.9999999334386,-1474374.785545499,286752.44906326995,-1187622.3364822292,300.95239741799617,1237.2307821423828,0.9216012436914336,217
997000,3987.999999933344,-1477374.5249319803,286689.4706115964,-1190685.0543203838,300.88630028062653,1237.2307821423828,0.9216012436914336,217
998000,3991.9999999332495,-1473527.4139508978,286431.8956344263,-1187095.5183164715,300.6159702201599,1237.2307821423828,0.9216012436914336,217
999000,3995.999999933155,-1476245.9832647154,287037.53667540563,-1189208.4465893097,301.25160253595305,1237.2307821423828,0.9216012436914336,217
1000000,3999.9999999330603,-1474733.910073216,286007.00526769797,-1188726.9048055182,300.1700393312541,1237.2307821423828,0.9216012436914336,217
1001000,4003.9999999329657,-1474701.6065085372,286221.85971478745,-1188479.7467937497,300.3955333458954,1237.2307821423828,0.9216012436914336,217
1002000,4007.999999932871,-1474039.0520937545,286005.291843416,-1188033.7602503386,300.16824105839834,1237.2307821423828,0.9216012436914336,217
1003000,4011.9999999327765,-1473958.0924293306,286810.37970939954,-1187147.712719931,301.01319678307095,1237.2307821423828,0.9216012436914336,217
1004000,4015.999999932682,-1472771.5562971327,286484.62182327,-1186286.9344738629,300.67130740382146,1237.2307821423828,0.9216012436914336,217
1005000,4019.9999999325873,-1474112.9461252624,286669.3016401146,-1187443.644485148,300.86513254399256,1237.2307821423828,0.9216012436914336,216
1006000,4023.9999999324928,-1474352.731036203,287476.3820914389,-1186876.3489447641,301.7121795266032,1237.2307821423828,0.9216012436914336,217
1007000,4027.999999932398,-1475707.8440872524,288287.3482096931,-1187420.4958775593,302.56330459392393,1237.2307821423828,0.9216012436914336,217
1008000,4031.9999999323036,-1475129.9353751875,286282.5769904361,-1188847.3583847515,300.459257334063,1237.2307821423828,0.9216012436914336,216
1009000,4035.999999932209,-1472501.0353496606,287151.08039749856,-1185349.954952162,301.3707689301278,1237.2307821423828,0.9216012436914336,217
1010000,4039.9999999321144,-1473408.522571329,286349.2505848266,-1187059.2719865025,300.5292325971927,1237.2307821423828,0.9216012436914336,216
1011000,4043.99999993202,-1473198.3827076638,286278.3856940021,-1186919.9970136618,300.4548584851108,1237.2307821423828,0.9216012436914336,216
1012000,4047.9999999319252,-1474208.8395303302,287614.20521985414,-1186594.634310476,301.8568276405137,1237.2307821423828,0.9216012436914336,216
1013000,4051.9999999318306,-1474387.599301044,287747.38545098546,-1186640.2138500584,301.9966029413998,1237.2307821423828,0.9216012436914336,216
1014000,4055.999999931736,-1474256.9182390152,285358.75947971334,-1188898.1587593018,299.48969248627543,1237.2307821423828,0.9216012436914336,216
1015000,4059.9999999316415,-1473554.983239919,287503.80047284684,-1186051.1827670722,301.74095566311047,1237.2307821423828,0.9216012436914336,216
1016000,4063.999999931547,-1473868.045395093,286338.5774327883,-1187529.4679623046,300.51803091189095,1237.2307821423828,0.9216012436914336,216
1017000,4067.9999999314523,-1473784.4561178144,285562.437711601,-1188222.0184062135,299.7034568408212,1237.2307821423828,0.9216012436914336,216
1018000,4071.9999999313577,-1472564.6735630017,285984.1215404385,-1186580.5520225633,300.14602240444805,1237.2307821423828,0.9216012436914336,216
1019000,4075.999999931263,-1474244.1974812504,287611.816147177,-1186632.3813340734,301.85432026123186,1237.2307821423828,0.9216012436914336,216
1020000,4079.9999999311685,-1476634.655758259,288083.3456294096,-1188551.3101288492,302.34919982928693,1237.2307821423828,0.9216012436914336,216
1021000,4083.999999931074,-1473072.3288897146,286205.5736587668,-1186866.7552309479,300.3784408062504,1237.2307821423828,0.9216012436914336,216
1022000,4087.9999999309794,-1473275.23207187,284797.44888348645,-1188477.7831883836,298.9005858537691,1237.2307821423828,0.9216012436914336,216
1023000,4091.9999999308848,-1473255.2153864112,288617.22760304203,-1184637.9877833691,302.9095195769571,1237.2307821423828,0.9216012436914336,216
1024000,4095.99999993079,-1473328.020474446,287197.06789167295,-1186130.952582773,301.4190337197337,1237.2307821423828,0.9216012436914336,216
1025000,4099.999999930696,-1475020.3343143119,286607.41627998085,-1188412.918034331,300.8001826279302,1237.2307821423828,0.9216012436914336,216
1026000,4103.999999930601,-1475242.1365137426,287169.0454069606,-1188073.091106782,301.3896235647958,1237.2307821423828,0.9216012436914336,216
1027000,4107.999999930506,-1472738.7643175507,287047.18389008706,-1185691.5804274636,301.2617274795979,1237.2307821423828,0.9216012436914336,216
1028000,4111.999999930412,-1472479.5261284765,287293.51393660647,-1185186.01219187,301.52025576173907,1237.2307821423828,0.9216012436914336,216
1029000,4115.999999930317,-1474906.5375436125,285807.45305909676,-1189099.0844845157,299.9606053201941,1237.2307821423828,0.9216012436914336,216
1030000,4119.999999930223,-1473704.1964016277,286852.92473622644,-1186851.2716654013,301.05784863474156,1237.2307821423828,0.9216012436914336,216
1031000,4123.999999930128,-1473236.97198469,286250.2637922457,-1186986.7081924444,300.4253439900082,1237.2307821423828,0.9216012436914336,216
1032000,4127.9999999300335,-1474239.68386685,285176.5718680171,-1189063.111998833,299.2984829649655,1237.2307821423828,0.9216012436914336,216
1033000,4131.999999929939,-1475096.8861283148,287015.7848114186,-1188081.1013168963,301.2287735221588,1237.2307821423828,0.9216012436914336,216
1034000,4135.999999929844,-1472583.3244497199,286275.979362995,-1186307.345086725,300.4523329928685,1237.2307821423828,0.9216012436914336,216
1035000,4139.99999992975,-1473120.9515123582,288173.21575161186,-1184947.7357607463,302.4435203096224,1237.2307821423828,0.9216012436914336,216
1036000,4143.999999929655,-1474066.6122826785,286553.23879648914,-1187513.3734861894,300.7433222816763,1237.2307821423828,0.9216012436914336,216
1037000,4147.9999999295605,-1474249.3251987817,286690.6987359466,-1187558.6264628351,300.8875892215535,1237.2307821423828,0.9216012436914336,216
1038000,4151.999999929466,-1474967.5738263233,288117.080754462,-1186850.4930718613,302.38460551385873,1237.2307821423828,0.9216012436914336,216
1039000,4155.999999929371,-1473257.3123159716,287154.3263134607,-1186102.9860025109,301.3741755834757,1237.2307821423828,0.9216012436914336,216
1040000,4159.999999929277,-1472872.1885145735,286347.7968146705,-1186524.391699903,300.5277068365054,1237.2307821423828,0.9216012436914336,216
1041000,4163.999999929182,-1475219.750324782,286466.7305085306,-1188753.0198162515,300.65253011323034,1237.2307821423828,0.9216012436914336,216
1042000,4167.999999929088,-1471786.3071457073,286383.0303183269,-1185403.2768273805,300.56468509921757,1237.2307821423828,0.9216012436914336,216
1043000,4171.999999928993,-1475292.8082081731,287604.36873513536,-1187688.4394730378,301.846504054201,1237.2307821423828,0.9216012436914336,216
1044000,4175.999999928898,-1473560.1963525666,286107.92473044735,-1187452.2716221192,300.27595631421195,1237.2307821423828,0.9216012436914336,216
1045000,4179.999999928804,-1473601.3994010324,286390.46246558434,-1187210.936935448,300.5724852855539,1237.2307821423828,0.9216012436914336,216
1046000,4183.999999928709,-1474761.9835286308,286404.98066032445,-1188357.0028683064,300.58772241963067,1237.2307821423828,0.9216012436914336,216
1047000,4187.999999928615,-1473027.5931320963,286590.04738236306,-1186437.5457497332,300.7819536244966,1237.2307821423828,0.9216012436914336,216
1048000,4191.99999992852,-1474465.151559107,287486.2112230986,-1186978.9403360083,301.7224953957342,1237.2307821423828,0.9216012436914336,216
1049000,4195.9999999284255,-1473069.578845107,287414.8053825476,-1185654.7734625593,301.6475535461574,1237.2307821423828,0.9216012436914336,216
1050000,4199.999999928331,-1474111.1496257307,285945.32173264713,-1188165.8278930834,300.10530123462956,1237.2307821423828,0.9216012436914336,216
1051000,4203.999999928236,-1473563.5990689732,286669.48524818907,-1186894.1138207843,300.86532524431783,1237.2307821423828,0.9216012436914336,216
1052000,4207.999999928142,-1474748.8928203061,287325.53374896373,-1187423.3590713423,301.553861191528,1237.2307821423828,0.9216012436914336,216
1053000,4211.999999928047,-1474953.7215431603,287902.3786115164,-1187051.3429316438,302.159271345445,1237.2307821423828,0.9216012436914336,216
1054000,4215.999999927953,-1473710.4388911556,286862.28780443466,-1186848.151086721,301.0676753610125,1237.2307821423828,0.9216012436914336,216
1055000,4219.999999927858,-1472281.272206827,287498.15557589615,-1184783.116630931,301.7350312315109,1237.2307821423828,0.9216012436914336,216
1056000,4223.999999927763,-1475255.70046564,287334.6984940506,-1187921.0019715894,301.56347977373935,1237.2307821423828,0.9216012436914336,216
1057000,4227.999999927669,-1473721.3720154343,286182.1646233513,-1187539.207392083,300.35387255808877,1237.2307821423828,0.9216012436914336,216
1058000,4231.999999927574,-1476522.5690516252,286241.0628008693,-1190281.5062507559,300.4156873665952,1237.2307821423828,0.9216012436914336,216
1059000,4235.99999992748,-1474089.1852191985,287062.25035955163,-1187026.934859647,301.27754003890055,1237.2307821423828,0.9216012436914336,216
1060000,4239.999999927385,-1472697.5068560727,287005.48238818115,-1185692.0244678915,301.21796092410545,1237.2307821423828,0.9216012436914336,216
1061000,4243.99999992729,-1474512.9131440716,285946.90591310227,-1188566.0072309694,300.10696386351896,1237.2307821423828,0.9216012436914336,216
1062000,4247.999999927196,-1475414.6673795339,287325.11298686184,-1188089.5543926721,301.55341959333515,1237.2307821423828,0.9216012436914336,216
1063000,4251.999999927101,-1473942.5107522393,285641.6313976876,-1188300.8793545517,299.7865721891504,1237.2307821423828,0.9216012436914336,216
1064000,4255.999999927007,-1473335.5681088995,286752.35352593375,-1186583.2145829657,300.95229714966206,1237.2307821423828,0.9216012436914336,216
1065000,4259.999999926912,-1473478.6042048316,286516.70545523893,-1186961.8987495927,300.70497981356186,1237.2307821423828,0.9216012436914336,216
1066000,4263.9999999268175,-1473747.7115329327,286673.9340972345,-1187073.777435698,300.8699943998572,1237.2307821423828,0.9216012436914336,216
1067000,4267.999999926723,-1474911.1931906138,285804.4319089622,-1189106.7612816514,299.9574345630517,1237.2307821423828,0.9216012436914336,216
1068000,4271.999999926628,-1474114.8189293016,287673.80517590255,-1186441.013753399,301.9193789795427,1237.2307821423828,0.9216012436914336,216
1069000,4275.999999926534,-1472873.1441224515,287525.885942721,-1185347.2581797305,301.76413480291706,1237.2307821423828,0.9216012436914336,216
1070000,4279.999999926439,-1473087.2633840684,288464.5372403979,-1184622.7261436705,302.7492680050857,1237.2307821423828,0.9216012436914336,216
1071000,4283.999999926345,-1473781.3370596282,286572.8473802798,-1187208.4896793484,300.76390188028495,1237.2307821423828,0.9216012436914336,216
1072000,4287.99999992625,-1473597.7138241334,286999.7630798468,-1186597.9507442866,301.21195839627904,1237.2307821423828,0.9216012436914336,216
1073000,4291.999999926155,-1472757.3185605071,285672.31945258396,-1187084.9991079231,299.8187799130019,1237.2307821423828,0.9216012436914336,216
1074000,4295.999999926061,-1472845.671201868,286196.92697057297,-1186648.744231295,300.36936593505,1237.2307821423828,0.9216012436914336,216
1075000,4299.999999925966,-1475764.5426585935,286133.27334012324,-1189631.2693184703,300.3025601841286,1237.2307821423828,0.9216012436914336,216
1076000,4303.999999925872,-1473549.085027705,287292.27549163514,-1186256.8095360699,301.518955989115,1237.2307821423828,0.9216012436914336,216
1077000,4307.999999925777,-1473920.6220471421,286957.2908650916,-1186963.3311820505,301.1673829623255,1237.2307821423828,0.9216012436914336,216
1078000,4311.9999999256825,-1474194.167051373,287124.60519288585,-1187069.5618584873,301.34298267642237,1237.2307821423828,0.9216012436914336,216
1079000,4315.999999925588,-1476122.2247168897,286945.54111677234,-1189176.6836001175,301.15505136781854,1237.2307821423828,0.9216012436914336,216
1080000,4319.999999925493,-1475189.3615240054,286285.0564573173,-1188904.305066688,300.4618595838595,1237.2307821423828,0.9216012436914336,216
1081000,4323.999999925399,-1475848.8396642907,286839.320870471,-1189009.5187938197,301.04357110711584,1237.2307821423828,0.9216012436914336,216
1082000,4327.999999925304,-1474824.060405911,286787.3119653283,-1188036.7484405828,300.98898672696174,1237.2307821423828,0.9216012436914336,216
1083000,4331.9999999252095,-1477271.7869814318,287477.89819901704,-1189793.8887824146,301.71377071165455,1237.2307821423828,0.9216012436914336,216
1084000,4335.999999925115,-1476605.993370248,286886.5733359045,-1189719.4200343434,301.0931635092124,1237.2307821423828,0.9216012436914336,216
1085000,4339.99999992502,-1475518.6918711858,286234.5106124868,-1189284.181258699,300.4088107145963,1237.2307821423828,0.9216012436914336,216
1086000,4343.999999924926,-1475324.0257627806,287075.84674812463,-1188248.179014656,301.29180971907465,1237.2307821423828,0.9216012436914336,216
1087000,4347.999999924831,-1474429.4045904726,287315.6442304645,-1187113.760360008,301.5434819452081,1237.2307821423828,0.9216012436914336,216
1088000,4351.999999924737,-1474422.1980184605,286851.2905728384,-1187570.9074456221,301.0561335477702,1237.2307821423828,0.9216012436914336,216
1089000,4355.999999924642,-1474178.3287001103,285567.46324536647,-1188610.8654547438,299.7087312384418,1237.2307821423828,0.9216012436914336,216
1090000,4359.999999924547,-1476233.0017749574,287733.90924444713,-1188499.0925305104,301.98245939466096,1237.2307821423828,0.9216012436914336,216
1091000,4363.999999924453,-1473928.0437486973,287477.5592472509,-1186450.4845014464,301.71341497503585,1237.2307821423828,0.9216012436914336,216
1092000,4367.999999924358,-1473874.683345884,285861.9893670536,-1188012.6939788305,300.0178422598595,1237.2307821423828,0.9216012436914336,216
1093000,4371.999999924264,-1473034.309681449,286713.9979823246,-1186320.3116991245,300.91204224393715,1237.2307821423828,0.9216012436914336,216
1094000,4375.999999924169,-1476422.9463450778,285940.0793633066,-1190482.8669817713,300.09979926376116,1237.2307821423828,0.9216012436914336,216
1095000,4379.9999999240745,-1474908.1621296387,286732.9118876547,-1188175.2502419841,300.9318927636876,1237.2307821423828,0.9216012436914336,216
1096000,4383.99999992398,-1473780.3702907395,287111.9188024082,-1186668.4514883312,301.3296680573448,1237.2307821423828,0.9216012436914336,216
1097000,4387.999999923885,-1474959.918878722,288081.8953414074,-1186878.0235373145,302.3476777231894,1237.2307821423828,0.9216012436914336,216
1098000,4391.999999923791,-1474278.4118482145,287129.68247851497,-1187148.7293696995,301.34831138865286,1237.2307821423828,0.9216012436914336,216
1099000,4395.999999923696,-1473660.283093406,285919.279952404,-1187741.0031410018,300.07796986841873,1237.2307821423828,0.9216012436914336,216
1100000,4399.9999999236015,-1474037.2747162413,287263.6280707956,-1186773.6466454456,301.4888899512846,1237.2307821423828,0.9216012436914336,216
1101000,4403.999999923507,-1475849.4365680898,286610.93713793124,-1189238.4994301586,300.8038778383621,1237.2307821423828,0.9216012436914336,216
1102000,4407.999999923412,-1473542.3135081893,287224.0702154632,-1186318.243292726,301.4473731954978,1237.2307821423828,0.9216012436914336,216
1103000,4411.999999923318,-1475275.6171174552,287495.53166344843,-1187780.0854540067,301.73227738322,1237.2307821423828,0.9216012436914336,216
1104000,4415.999999923223,-1474675.5827725558,286297.46837305196,-1188378.114399504,300.47488613623625,1237.2307821423828,0.9216012436914336,216
1105000,4419.999999923129,-1475695.1833862374,285639.278525139,-1190055.9048610984,299.7841028026233,1237.2307821423828,0.9216012436914336,216
1106000,4423.999999923034,-1474679.283455763,287414.878303355,-1187264.405152408,301.64763007799485,1237.2307821423828,0.9216012436914336,216
1107000,4427.999999922939,-1473618.1944483975,286827.9391972409,-1186790.2552511566,301.0316258147341,1237.2307821423828,0.9216012436914336,216
1108000,4431.999999922845,-1472917.2898324057,286809.24950625637,-1186108.0403261494,301.01201061239783,1237.2307821423828,0.9216012436914336,216
1109000,4435.99999992275,-1473664.2472373508,285943.24965863005,-1187720.9975787208,300.1031265517451,1237.2307821423828,0.9216012436914336,216
1110000,4439.999999922656,-1474946.067297358,286390.34595975623,-1188555.7213376018,300.5723630103706,1237.2307821423828,0.9216012436914336,216
1111000,4443.999999922561,-1473534.1914194357,286297.53247046634,-1187236.6589489693,300.4749534077472,1237.2307821423828,0.9216012436914336,216
1112000,4447.9999999224665,-1472300.2764286362,287398.89180989575,-1184901.3846187405,301.63085193521493,1237.2307821423828,0.9216012436914336,216
1113000,4451.999999922372,-1472844.3609016733,286798.9136213793,-1186045.447280294,301.00116289568837,1237.2307821423828,0.9216012436914336,216
1114000,4455.999999922277,-1474866.7513416214,287242.9055366039,-1187623.8458050175,301.46714123957884,1237.2307821423828,0.9216012436914336,216
1115000,4459.999999922183,-1473583.4152559694,287218.05336707656,-1186365.361888893,301.4410583934699,1237.2307821423828,0.9216012436914336,216
1116000,4463.999999922088,-1473736.0790993776,286279.70587130036,-1187456.3732280773,300.45624403743733,1237.2307821423828,0.9216012436914336,216
1117000,4467.999999921994,-1475036.7029680768,288086.4259016034,-1186950.2770664734,302.3524326362062,1237.2307821423828,0.9216012436914336,216
1118000,4471.999999921899,-1475169.5383045878,286592.3323304247,-1188577.205974163,300.7843517229239,1237.2307821423828,0.9216012436914336,216
1119000,4475.999999921804,-1474172.7782058092,287682.3954816173,-1186490.382724192,301.92839467621025,1237.2307821423828,0.9216012436914336,216
1120000,4479.99999992171,-1476826.8327641245,287093.1362495015,-1189733.696514623,301.3099553945746,1237.2307821423828,0.9216012436914336,216
1121000,4483.999999921615,-1475560.742800747,286747.8886493056,-1188812.8541514415,300.94761117285594,1237.2307821423828,0.9216012436914336,216
1122000,4487.999999921521,-1476607.8517124793,287373.1751452908,-1189234.6765671885,301.6038617843313,1237.2307821423828,0.9216012436914336,216
1123000,4491.999999921426,-1474699.658970384,286754.8093445337,-1187944.84962585,300.9548745801172,1237.2307821423828,0.9216012436914336,216
1124000,4495.999999921331,-1474963.8230500603,286845.6370602027,-1188118.1859898577,301.05020007383786,1237.2307821423828,0.9216012436914336,216
1125000,4499.999999921237,-1476480.989674325,285395.2761468094,-1191085.7135275158,299.5280174545335,1237.2307821423828,0.9216012436914336,216
1126000,4503.999999921142,-1476284.9523123242,287700.21326814377,-1188584.7390441804,301.9470947974798,1237.2307821423828,0.9216012436914336,216
1127000,4507.999999921048,-1474910.1679070052,285368.4798366429,-1189541.6880703622,299.49989419416414,1237.2307821423828,0.9216012436914336,216
1128000,4511.999999920953,-1475441.7245711097,286116.2575910231,-1189325.4669800866,300.28470181708667,1237.2307821423828,0.9216012436914336,216
1129000,4515.9999999208585,-1473027.1510083666,286444.02452337195,-1186583.1264849948,300.62869973029353,1237.2307821423828,0.9216012436914336,216
1130000,4519.999999920764,-1475079.1055910848,287110.50080115354,-1187968.6047899313,301.3281798368308,1237.2307821423828,0.9216012436914336,216
1131000,4523.999999920669,-1474253.3589365724,287579.04644560395,-1186674.3124909685,301.81992780779933,1237.2307821423828,0.9216012436914336,216
1132000,4527.999999920575,-1475540.4489655877,285554.34522935766,-1189986.10373623,299.6949636197864,1237.2307821423828,0.9216012436914336,216
1133000,4531.99999992048,-1475413.5976239378,285827.46635820356,-1189586.1312657343,299.9816096755749,1237.2307821423828,0.9216012436914336,216
1134000,4535.999999920386,-1476852.6023922432,286861.66420179885,-1189990.9381904444,301.0670208776457,1237.2307821423828,0.9216012436914336,216
1135000,4539.999999920291,-1473633.8961970797,286912.6130176233,-1186721.2831794564,301.1204926729802,1237.2307821423828,0.9216012436914336,216
1136000,4543.999999920196,-1473950.257117061,285910.5109219578,-1188039.746195103,300.0687665965916,1237.2307821423828,0.9216012436914336,216
1137000,4547.999999920102,-1474920.1638581455,285184.59587414586,-1189735.5679839996,299.30690431895647,1237.2307821423828,0.9216012436914336,216
1138000,4551.999999920007,-1474541.0478101503,286912.6692368963,-1187628.378573254,301.1205516762252,1237.2307821423828,0.9216012436914336,215
1139000,4555.999999919913,-1474173.4459724547,285993.58689883765,-1188179.859073617,300.1559564863084,1237.2307821423828,0.9216012436914336,215
1140000,4559.999999919818,-1474135.4545011828,286817.78962128435,-1187317.6648798985,301.0209736329415,1237.2307821423828,0.9216012436914336,215
1141000,4563.999999919723,-1475140.4772600438,287574.32674728666,-1187566.1505127572,301.8149743905632,1237.2307821423828,0.9216012436914336,215
1142000,4567.999999919629,-1474964.1060657483,287188.48696926376,-1187775.6190964845,301.410027871032,1237.2307821423828,0.9216012436914336,215
1143000,4571.999999919534,-1476002.0239951182,286764.4150938175,-1189237.6089013007,300.9649560050026,1237.2307821423828,0.9216012436914336,215
1144000,4575.99999991944,-1475107.5601613931,287074.44512554875,-1188033.1150358445,301.29033868830976,1237.2307821423828,0.9216012436914336,215
1145000,4579.999999919345,-1475868.2558072163,287415.4161721944,-1188452.839635022,301.6481945820374,1237.2307821423828,0.9216012436914336,215
1146000,4583.9999999192505,-1477489.6449736254,286415.9875412405,-1191073.6574323848,300.59927436002596,1237.2307821423828,0.9216012436914336,215
1147000,4587.999999919156,-1473990.0224052556,288292.34541227785,-1185697.6769929777,302.56854925740697,1237.2307821423828,0.9216012436914336,215
1148000,4591.999999919061,-1473770.9603936542,286785.286358308,-1186985.6740353461,300.98686081211434,1237.2307821423828,0.9216012436914336,215
1149000,4595.999999918967,-1474796.3916824507,287181.29267965315,-1187615.0990027976,301.40247732102586,1237.2307821423828,0.9216012436914336,215
1150000,4599.999999918872,-1474706.1008487437,286113.36571829533,-1188592.7351304484,300.2816667391535,1237.2307821423828,0.9216012436914336,215
1151000,4603.999999918778,-1473552.5659353826,288347.5152575297,-1185205.050677853,302.6264511070614,1237.2307821423828,0.9216012436914336,215
1152000,4607.999999918683,-1474836.7333694166,287325.69113369926,-1187511.0422357172,301.55402636993756,1237.2307821423828,0.9216012436914336,215
1153000,4611.999999918588,-1477077.7857885482,286878.20958296536,-1190199.5762055828,301.084385584188,1237.2307821423828,0.9216012436914336,215
1154000,4615.999999918494,-1476117.584505261,286487.3776803982,-1189630.2068248629,300.6741997306782,1237.2307821423828,0.9216012436914336,215
1155000,4619.999999918399,-1474491.4548916072,286227.45897584717,-1188263.99591576,300.40140988171987,1237.2307821423828,0.9216012436914336,215
1156000,4623.999999918305,-1474755.5345607987,286293.33925917314,-1188462.1953016254,300.47055254911226,1237.2307821423828,0.9216012436914336,215
1157000,4627.99999991821,-1474906.7190165166,285214.8073319723,-1189691.9116845443,299.3386118447058,1237.2307821423828,0.9216012436914336,215
1158000,4631.9999999181155,-1472686.431232839,286300.3943262242,-1186386.0369066147,300.4779569822737,1237.2307821423828,0.9216012436914336,215
1159000,4635.999999918021,-1474221.8877205877,286902.9670467832,-1187318.9206738044,301.11036903477157,1237.2307821423828,0.9216012436914336,215
1160000,4639.999999917926,-1475423.531472629,285922.63173411187,-1189500.8997385171,300.08148762997195,1237.2307821423828,0.9216012436914336,215
1161000,4643.999999917832,-1474600.4491864303,285790.3691842296,-1188810.0800022008,299.94267545380495,1237.2307821423828,0.9216012436914336,215
1162000,4647.999999917737,-1475385.3102786308,286636.35396546806,-1188748.9563131628,300.8305533042804,1237.2307821423828,0.9216012436914336,215
1163000,4651.9999999176425,-1473900.9611045718,287615.2024717282,-1186285.7586328436,301.85787427618607,1237.2307821423828,0.9216012436914336,215
1164000,4655.999999917548,-1472994.3407204803,286561.15255147143,-1186433.1881690088,300.75162792489675,1237.2307821423828,0.9216012436914336,215
1165000,4659.999999917453,-1474589.3186373487,286969.7206431363,-1187619.5979942125,301.1804282615519,1237.2307821423828,0.9216012436914336,215
1166000,4663.999999917359,-1475264.345917562,286694.6440836098,-1188569.7018339522,300.89172994238,1237.2307821423828,0.9216012436914336,215
1167000,4667.999999917264,-1476203.6764761275,287763.8262161809,-1188439.8502599467,302.0138578514002,1237.2307821423828,0.9216012436914336,215
1168000,4671.99999991717,-1472689.4881800786,288055.3813523995,-1184634.106827679,302.3198507644899,1237.2307821423828,0.9216012436914336,215
1169000,4675.999999917075,-1474423.87295721,288199.6411137034,-1186224.2318435067,302.4712542526107,1237.2307821423828,0.9216012436914336,215
1170000,4679.99999991698,-1474406.6193269733,287726.6918932392,-1186679.927433734,301.97488464104987,1237.2307821423828,0.9216012436914336,215
1171000,4683.999999916886,-1472711.0077990666,285909.0951735153,-1186801.9126255512,300.0672807404488,1237.2307821423828,0.9216012436914336,215
1172000,4687.999999916791,-1472001.1285463432,284851.416287211,-1187149.7122591322,298.9572257171299,1237.2307821423828,0.9216012436914336,215
1173000,4691.999999916697,-1473845.3161573606,285884.01470196096,-1187961.3014553995,300.0409582868227,1237.2307821423828,0.9216012436914336,215
1174000,4695.999999916602,-1474302.7087117964,286268.8739350239,-1188033.8347767727,300.4448757049201,1237.2307821423828,0.9216012436914336,215
1175000,4699.9999999165075,-1473907.13165313,287388.94793086953,-1186518.1837222604,301.620415636441,1237.2307821423828,0.9216012436914336,215
1176000,4703.999999916413,-1473425.1024286104,285657.3098839575,-1187767.792544653,299.8030270722603,1237.2307821423828,0.9216012436914336,215
1177000,4707.999999916318,-1472826.3454533154,287527.91548261204,-1185298.4299707033,301.76626484539054,1237.2307821423828,0.9216012436914336,215
1178000,4711.999999916224,-1473001.5043002637,285387.406520566,-1187614.0977796977,299.519758125302,1237.2307821423828,0.9216012436914336,215
1179000,4715.999999916129,-1473319.3327648826,286802.6331420208,-1186516.6996228618,301.005066606565,1237.2307821423828,0.9216012436914336,215
1180000,4719.9999999160345,-1474923.0769715821,287343.2801963964,-1187579.7967751857,301.57248644099997,1237.2307821423828,0.9216012436914336,215
1181000,4723.99999991594,-1473395.2312087333,287332.6560279222,-1186062.575180811,301.5613361649227,1237.2307821423828,0.9216012436914336,215
1182000,4727.999999915845,-1475031.1785585321,285639.1103678406,-1189392.0681906915,299.78392631819486,1237.2307821423828,0.9216012436914336,215
1183000,4731.999999915751,-1476353.3325580014,288036.60142082314,-1188316.7311371784,302.30014085285814,1237.2307821423828,0.9216012436914336,215
1184000,4735.999999915656,-1474981.7882409617,287199.00375956524,-1187782.7844813964,301.42106545158174,1237.2307821423828,0.9216012436914336,215
1185000,4739.999999915562,-1473734.0783156296,286777.50759160734,-1186956.5707240223,300.9786968417798,1237.2307821423828,0.9216012436914336,215
1186000,4743.999999915467,-1473158.8105953587,286483.1672635692,-1186675.6433317894,300.6697808144913,1237.2307821423828,0.9216012436914336,215
1187000,4747.999999915372,-1474072.2250947654,286255.7904708878,-1187816.4346238775,300.4311443491421,1237.2307821423828,0.9216012436914336,215
1188000,4751.999999915278,-1471952.2795546278,287399.9996166787,-1184552.279937949,301.6320146004626,1237.2307821423828,0.9216012436914336,215
1189000,4755.999999915183,-1471188.6590999449,286214.18582417554,-1184974.4732757693,300.3874794451014,1237.2307821423828,0.9216012436914336,215
1190000,4759.999999915089,-1475149.2192341723,285823.91014700045,-1189325.3090871717,299.9778773612013,1237.2307821423828,0.9216012436914336,215
1191000,4763.999999914994,-1475021.0819856683,287517.28687412,-1187503.7951115482,301.75510990942627,1237.2307821423828,0.9216012436914336,215
1192000,4767.9999999148995,-1476127.5632247478,286121.2525998285,-1190006.3106249194,300.28994417815466,1237.2307821423828,0.9216012436914336,215
1193000,4771.999999914805,-1476601.3144172663,284941.3755743117,-1191659.9388429546,299.0516397777994,1237.2307821423828,0.9216012436914336,215
1194000,4775.99999991471,-1474831.5703124339,287451.57597025234,-1187379.9943421816,301.68614500914356,1237.2307821423828,0.9216012436914336,215
1195000,4779.999999914616,-1474268.0115261478,288035.43605730514,-1186232.5754688426,302.2989177806725,1237.2307821423828,0.9216012436914336,215
1196000,4783.999999914521,-1474550.9367880197,287008.3396090474,-1187542.5971789723,301.22095963422095,1237.2307821423828,0.9216012436914336,215
1197000,4787.999999914427,-1475841.6031793812,287976.55388308025,-1187865.0492963009,302.23711976794044,1237.2307821423828,0.9216012436914336,215
1198000,4791.999999914332,-1473960.1706273975,288226.84908037476,-1185733.3215470228,302.4998095546678,1237.2307821423828,0.9216012436914336,215
1199000,4795.999999914237,-1473353.2228039373,288496.4966482003,-1184856.726155737,302.78281003909314,1237.2307821423828,0.9216012436914336,215
1200000,4799.999999914143,-1475654.3271778133,287467.3639283646,-1188186.9632494487,301.7027147851288,1237.2307821423828,0.9216012436914336,215
1201000,4803.999999914048,-1474765.1950360565,286704.7526730514,-1188060.4423630051,300.90233910801015,1237.2307821423828,0.9216012436914336,215
1202000,4807.999999913954,-1475578.4321407247,286522.11146438785,-1189056.320676337,300.71065352766317,1237.2307821423828,0.9216012436914336,215
1203000,4811.999999913859,-1476067.4011062272,286490.1591531149,-1189577.2419531122,300.67711894160453,1237.2307821423828,0.9216012436914336,215
1204000,4815.999999913764,-1473237.395726638,287743.96426064,-1185493.4314659978,301.9930123341012,1237.2307821423828,0.9216012436914336,215
1205000,4819.99999991367,-1476033.8265020363,286662.1050930295,-1189371.7214090067,300.8575796247221,1237.2307821423828,0.9216012436914336,215
1206000,4823.999999913575,-1477498.65580302,285280.189079954,-1192218.466723066,299.40723128934087,1237.2307821423828,0.9216012436914336,215
1207000,4827.999999913481,-1474215.721902132,287379.94153049623,-1186835.7803716357,301.61096324015523,1237.2307821423828,0.9216012436914336,215
1208000,4831.999999913386,-1473575.738312075,287157.8259518763,-1186417.9123601986,301.3778485235838,1237.2307821423828,0.9216012436914336,215
1209000,4835.9999999132915,-1474587.173330076,286406.4817742121,-1188180.691555864,300.5892978685057,1237.2307821423828,0.9216012436914336,215
1210000,4839.999999913197,-1476008.4130607508,287340.30216354644,-1188668.1108972044,301.5693609363052,1237.2307821423828,0.9216012436914336,215
1211000,4843.999999913102,-1477120.720249788,286834.49103165796,-1190286.22921813,301.0385020952393,1237.2307821423828,0.9216012436914336,215
1212000,4847.999999913008,-1474889.756606643,285944.91441825416,-1188944.842188389,300.1048737500746,1237.2307821423828,0.9216012436914336,215
1213000,4851.999999912913,-1476545.259635658,286413.84085328405,-1190131.418782374,300.5970213683284,1237.2307821423828,0.9216012436914336,215
1214000,4855.999999912819,-1474739.374238043,288124.6364775745,-1186614.7377604686,302.3925353955122,1237.2307821423828,0.9216012436914336,215
1215000,4859.999999912724,-1476489.8439426366,287983.39107783826,-1188506.4528647983,302.24429553979786,1237.2307821423828,0.9216012436914336,215
1216000,4863.999999912629,-1474816.0492616184,286542.85898505594,-1188273.1902765625,300.73242846317265,1237.2307821423828,0.9216012436914336,215
1217000,4867.999999912535,-1475046.5853568073,286806.46214224683,-1188240.1232145606,301.0090852184426,1237.2307821423828,0.9216012436914336,215
1218000,4871.99999991244,-1475713.2305317894,287027.0974466329,-1188686.1330851563,301.2406463577701,1237.2307821423828,0.9216012436914336,215
1219000,4875.999999912346,-1474377.4971751226,286816.9306912718,-1187560.5664838508,301.02007216881333,1237.2307821423828,0.9216012436914336,215
1220000,4879.999999912251,-1474963.7129111532,287689.3474826067,-1187274.3654285464,301.9356909394905,1237.2307821423828,0.9216012436914336,215
1221000,4883.999999912156,-1475410.444197569,288045.4078373478,-1187365.0363602212,302.30938336211807,1237.2307821423828,0.9216012436914336,215
1222000,4887.999999912062,-1476159.7987609264,286220.73198119266,-1189939.0667797336,300.3943497670624,1237.2307821423828,0.9216012436914336,215
1223000,4891.999999911967,-1474812.0913919806,287159.67662795325,-1187652.4147640273,301.3797908449276,1237.2307821423828,0.9216012436914336,215
1224000,4895.999999911873,-1473652.1037464933,287629.62486811745,-1186022.4788783758,301.8730108679886,1237.2307821423828,0.9216012436914336,215
1225000,4899.999999911778,-1475252.8259174265,287104.0068483195,-1188148.819069107,301.32136430419797,1237.2307821423828,0.9216012436914336,215
1226000,4903.9999999116835,-1474282.2766291127,286224.33764092636,-1188057.9389881864,300.3981339786522,1237.2307821423828,0.9216012436914336,215
1227000,4907.999999911589,-1473277.2017607866,288012.8366145652,-1185264.3651462214,302.2751992161228,1237.2307821423828,0.9216012436914336,215
1228000,4911.999999911494,-1473523.209940128,286681.03930966597,-1186842.170630462,300.8774514615925,1237.2307821423828,0.9216012436914336,215
1229000,4915.9999999114,-1473599.766923084,284523.166930187,-1189076.599992897,298.61272148963343,1237.2307821423828,0.9216012436914336,215
1230000,4919.999999911305,-1476157.3633827902,286240.4119742084,-1189916.9514085818,300.4150043110728,1237.2307821423828,0.9216012436914336,215
1231000,4923.999999911211,-1475970.0211754162,287075.165778385,-1188894.8553970312,301.29109502779164,1237.2307821423828,0.9216012436914336,215
1232000,4927.999999911116,-1472617.7013034094,287061.8004296569,-1185555.9008737525,301.2770678285291,1237.2307821423828,0.9216012436914336,215
1233000,4931.999999911021,-1475647.882161837,286795.1831524476,-1188852.6990093896,300.99724769436347,1237.2307821423828,0.9216012436914336,215
1234000,4935.999999910927,-1473829.5205459027,288902.3591094663,-1184927.1614364362,303.20877076284273,1237.2307821423828,0.9216012436914336,215
1235000,4939.999999910832,-1474409.2260555401,287328.82058610854,-1187080.4054694315,301.55731079247084,1237.2307821423828,0.9216012436914336,215
1236000,4943.999999910738,-1474147.2012044638,287874.9880280362,-1186272.2131764276,302.1305243834157,1237.2307821423828,0.9216012436914336,215
1237000,4947.999999910643,-1475537.0980658587,286232.6174119066,-1189304.480653952,300.4068237629407,1237.2307821423828,0.9216012436914336,215
1238000,4951.9999999105485,-1474108.2344453977,286715.10011391545,-1187393.1343314822,300.9131989529578,1237.2307821423828,0.9216012436914336,215
1239000,4955.999999910454,-1477092.6594420578,287768.3647065179,-1189324.29473554,302.01862108725754,1237.2307821423828,0.9216012436914336,215
1240000,4959.999999910359,-1474104.4614616306,287686.0119726597,-1186418.449488971,301.9321902554738,1237.2307821423828,0.9216012436914336,215
1241000,4963.999999910265,-1473058.8331042277,287579.7061991256,-1185479.126905102,301.8206202322396,1237.2307821423828,0.9216012436914336,215
1242000,4967.99999991017,-1474578.985652769,285475.4116093719,-1189103.574043397,299.6121212160015,1237.2307821423828,0.9216012436914336,215
1243000,4971.9999999100755,-1474106.618570299,286202.206733046,-1187904.4118372528,300.37490715075444,1237.2307821423828,0.9216012436914336,215
1244000,4975.999999909981,-1473318.760530522,286812.31645408104,-1186506.444076441,301.0152294351267,1237.2307821423828,0.9216012436914336,215
1245000,4979.999999909886,-1472837.869632788,286310.33479035937,-1186527.5348424288,300.4883896970515,1237.2307821423828,0.9216012436914336,215
1246000,4983.999999909792,-1473434.5391553752,286340.8118670712,-1187093.727288304,300.52037599510294,1237.2307821423828,0.9216012436914336,215
1247000,4987.999999909697,-1476670.4368905397,286145.04226844857,-1190525.3946220912,300.3149119084334,1237.2307821423828,0.9216012436914336,215
1248000,4991.999999909603,-1473422.717501795,286456.2250670068,-1186966.492434788,300.6415044434484,1237.2307821423828,0.9216012436914336,215
1249000,4995.999999909508,-1473290.975873568,286030.2929513639,-1187260.6829222043,300.19448021834137,1237.2307821423828,0.9216012436914336,215
1250000,4999.999999909413,-1475882.3585193884,285913.5917035585,-1189968.7668158298,300.0719999381435,1237.2307821423828,0.9216012436914336,215
1251000,5003.999999909319,-1475915.8201063536,286999.8952449523,-1188915.9248614013,301.2120971061854,1237.2307821423828,0.9216012436914336,215
1252000,5007.999999909224,-1474006.046605763,286288.7498784832,-1187717.29672728,300.46573590281747,1237.2307821423828,0.9216012436914336,215
1253000,5011.99999990913,-1472573.5218879795,286064.24828217237,-1186509.2736058072,300.230117013233,1237.2307821423828,0.9216012436914336,215
1254000,5015.999999909035,-1473853.4541483726,286541.6188830895,-1187311.835265283,300.7311269514992,1237.2307821423828,0.9216012436914336,215
1255000,5019.9999999089405,-1474231.7628470063,288456.6678976903,-1185775.094949316,302.7410089734307,1237.2307821423828,0.9216012436914336,215
1256000,5023.999999908846,-1472871.0310588935,287939.9821599884,-1184931.048898905,302.19873701731996,1237.2307821423828,0.9216012436914336,215
1257000,5027.999999908751,-1473981.4482122697,286686.9863500473,-1187294.4618622223,300.8836929987307,1237.2307821423828,0.9216012436914336,215
1258000,5031.999999908657,-1473689.6891928697,286784.7989786143,-1186904.8902142555,300.9863492974342,1237.2307821423828,0.9216012436914336,215
1259000,5035.999999908562,-1476426.7685305513,287466.83922147204,-1188959.9293090794,301.7021640948112,1237.2307821423828,0.9216012436914336,215
1260000,5039.9999999084675,-1474601.3660399718,285691.07516424335,-1188910.2908757285,299.8384644053492,1237.2307821423828,0.9216012436914336,215
1261000,5043.999999908373,-1472797.6950198654,287554.2161112225,-1185243.478908643,301.7938678781101,1237.2307821423828,0.9216012436914336,215
1262000,5047.999999908278,-1474506.9543591542,286780.11943442596,-1187726.8349247281,300.9814380227549,1237.2307821423828,0.9216012436914336,215
1263000,5051.999999908184,-1474993.9970531305,287362.3095494169,-1187631.6875037136,301.59245812539723,1237.2307821423828,0.9216012436914336,215
1264000,5055.999999908089,-1474415.713026641,287194.2639146995,-1187221.4491119415,301.41609089014247,1237.2307821423828,0.9216012436914336,215
1265000,5059.999999907995,-1475112.1962322453,286578.0604521637,-1188534.1357800816,300.76937310289,1237.2307821423828,0.9216012436914336,215
1266000,5063.9999999079,-1474729.859348029,287047.0937016884,-1187682.7656463406,301.26163282508014,1237.2307821423828,0.9216012436914336,215
1267000,5067.999999907805,-1474179.358509074,286906.7267396548,-1187272.6317694192,301.1143149072025,1237.2307821423828,0.9216012436914336,215
1268000,5071.999999907711,-1474823.9101845268,287023.6397844981,-1187800.2704000287,301.2370174726033,1237.2307821423828,0.9216012436914336,215
1269000,5075.999999907616,-1474672.036194115,286372.1107139131,-1188299.9254802018,300.55322475724694,1237.2307821423828,0.9216012436914336,215
1270000,5079.999999907522,-1474720.5160651943,286736.807664147,-1187983.7084010472,300.93598145858454,1237.2307821423828,0.9216012436914336,215
1271000,5083.999999907427,-1472843.6324616252,287811.3687795088,-1185032.2636821163,302.0637547170055,1237.2307821423828,0.9216012436914336,215
1272000,5087.9999999073325,-1474032.1089694304,288131.66550504696,-1185900.4434643835,302.3999124996181,1237.2307821423828,0.9216012436914336,215
1273000,5091.999999907238,-1472666.8836888568,287764.39583540324,-1184902.4878534535,302.01445567810094,1237.2307821423828,0.9216012436914336,215
1274000,5095.999999907143,-1474321.3565220898,287205.0749928751,-1187116.2815292147,301.4274373316681,1237.2307821423828,0.9216012436914336,215
1275000,5099.999999907049,-1473745.2061763024,286148.38055653113,-1187596.8256197711,300.3184155081585,1237.2307821423828,0.9216012436914336,215
1276000,5103.999999906954,-1473403.7974987645,285280.08996095724,-1188123.7075378073,299.4071272619828,1237.2307821423828,0.9216012436914336,215
1277000,5107.99999990686,-1473932.534961435,286160.6830795183,-1187771.8518819166,300.33132725067156,1237.2307821423828,0.9216012436914336,215
1278000,5111.999999906765,-1475801.5662459554,286416.6501670914,-1189384.9160788641,300.5999697990329,1237.2307821423828,0.9216012436914336,215
1279000,5115.99999990667,-1474111.3601888726,287829.6607806063,-1186281.6994082662,302.0829525358972,1237.2307821423828,0.9216012436914336,215
1280000,5119.999999906576,-1475090.934116196,287067.63126516296,-1188023.302851033,301.2831874063399,1237.2307821423828,0.9216012436914336,215
1281000,5123.999999906481,-1472906.6977169057,287095.6678842491,-1185811.0298326565,301.31261239558427,1237.2307821423828,0.9216012436914336,215
1282000,5127.999999906387,-1473899.4715108052,287211.3119651556,-1186688.1595456495,301.4339831580998,1237.2307821423828,0.9216012436914336,215
1283000,5131.999999906292,-1474030.0627837218,286112.48032700224,-1187917.5824567196,300.2807375033852,1237.2307821423828,0.9216012436914336,215
1284000,5135.999999906197,-1474565.8096584221,287412.3757990969,-1187153.4338593252,301.64500365001317,1237.2307821423828,0.9216012436914336,215
1285000,5139.999999906103,-1473329.4217086984,287998.6755123844,-1185330.746196314,302.2603368577879,1237.2307821423828,0.9216012436914336,215
1286000,5143.999999906008,-1474492.545068182,287332.3056535983,-1187160.239414584,301.56096844010256,1237.2307821423828,0.9216012436914336,215
1287000,5147.999999905914,-1476762.930196477,286547.3127586895,-1190215.6174377876,300.7371027871652,1237.2307821423828,0.9216012436914336,215
1288000,5151.999999905819,-1474837.4256425658,286564.63638567174,-1188272.789256894,300.7552842781666,1237.2307821423828,0.9216012436914336,215
1289000,5155.9999999057245,-1475623.9722179817,286518.1141076552,-1189105.8581103266,300.706458222284,1237.2307821423828,0.9216012436914336,215
1290000,5159.99999990563,-1475884.3956588767,285834.47585164657,-1190049.9198072301,299.9889662783284,1237.2307821423828,0.9216012436914336,215
1291000,5163.999999905535,-1472993.7170993434,287072.43804712535,-1185921.279052218,301.2882322195932,1237.2307821423828,0.9216012436914336,215
1292000,5167.999999905441,-1475026.2520866254,287589.09861423844,-1187437.153472387,301.83047775867044,1237.2307821423828,0.9216012436914336,215
1293000,5171.999999905346,-1475290.1659578504,286672.78443834424,-1188617.3815195062,300.86878780999064,1237.2307821423828,0.9216012436914336,215
1294000,5175.999999905252,-1475534.2050812105,287078.0197096582,-1188456.1853715521,301.29409028541386,1237.2307821423828,0.9216012436914336,215
1295000,5179.999999905157,-1476039.6541996123,287448.989879038,-1188590.6643205744,301.6834308549892,1237.2307821423828,0.9216012436914336,215
1296000,5183.999999905062,-1473544.7764265276,286569.51343114185,-1186975.2629953858,300.7604028343685,1237.2307821423828,0.9216012436914336,215
1297000,5187.999999904968,-1476381.177924456,287155.5806632353,-1189225.5972612207,301.37549204850706,1237.2307821423828,0.9216012436914336,215
1298000,5191.999999904873,-1477423.4005057141,286996.6579065,-1190426.7425992142,301.20869945510464,1237.2307821423828,0.9216012436914336,215
1299000,5195.999999904779,-1474268.4491478037,287993.5403225506,-1186274.9088252531,302.254947373943,1237.2307821423828,0.9216012436914336,215
1300000,5199.999999904684,-1476748.6199856093,288121.7110117763,-1188626.908973833,302.3894650609836,1237.2307821423828,0.9216012436914336,215
1301000,5203.9999999045895,-1475429.6920677489,286954.07941970613,-1188475.6126480429,301.1640124865333,1237.2307821423828,0.9216012436914336,215
1302000,5207.999999904495,-1472507.2084682751,287151.3779729679,-1185355.8304953072,301.3710812415002,1237.2307821423828,0.9216012436914336,215
1303000,5211.9999999044,-1473628.9267484983,286876.4252034821,-1186752.5015450162,301.0825128424376,1237.2307821423828,0.9216012436914336,215
1304000,5215.999999904306,-1474630.722930193,285389.2394196865,-1189241.4835105063,299.52168178937654,1237.2307821423828,0.9216012436914336,215
1305000,5219.999999904211,-1474613.118128148,285320.4583537888,-1189292.659774359,299.4494946929926,1237.2307821423828,0.9216012436914336,215
1306000,5223.9999999041165,-1475120.1584591651,286742.5192103571,-1188377.639248808,300.9419758399072,1237.2307821423828,0.9216012436914336,215
1307000,5227.999999904022,-1475080.2329743737,286841.7218359414,-1188238.5111384322,301.04609096812067,1237.2307821423828,0.9216012436914336,215
1308000,5231.999999903927,-1476204.0550411232,286056.68356896646,-1190147.3714721566,300.22217769629765,1237.2307821423828,0.9216012436914336,215
1309000,5235.999999903833,-1472734.5088749835,286912.9743018498,-1185821.5345731338,301.1208718479601,1237.2307821423828,0.9216012436914336,215
1310000,5239.999999903738,-1474374.3341310564,288118.4766868718,-1186255.8574441846,302.38607057268115,1237.2307821423828,0.9216012436914336,215
1311000,5243.999999903644,-1476462.6115807295,286006.10581356904,-1190456.5057671606,300.16909533625994,1237.2307821423828,0.9216012436914336,215
1312000,5247.999999903549,-1474298.364420102,286097.8041818953,-1188200.5602382068,300.2653345972575,1237.2307821423828,0.9216012436914336,215
1313000,5251.999999903454,-1473502.3369269622,286614.2350259073,-1186888.1019010548,300.80733903737206,1237.2307821423828,0.9216012436914336,215
1314000,5255.99999990336,-1474608.4441756848,286339.6892110995,-1188268.7549645854,300.51919774533644,1237.2307821423828,0.9216012436914336,215
1315000,5259.999999903265,-1475927.625532359,285973.0103648084,-1189954.6151675505,300.13436100467646,1237.2307821423828,0.9216012436914336,215
1316000,5263.999999903171,-1472594.0773909464,286559.371013197,-1186034.7063777493,300.74975816505145,1237.2307821423828,0.9216012436914336,215
1317000,5267.999999903076,-1474690.5642331,288062.78311172524,-1186627.7811213748,302.3276190580877,1237.2307821423828,0.9216012436914336,215
1318000,5271.9999999029815,-1474770.034321295,286952.6080922574,-1187817.4262290378,301.16246829911825,1237.2307821423828,0.9216012436914336,215
1319000,5275.999999902887,-1473277.065534099,286575.9184627419,-1186701.1470713571,300.76712504239794,1237.2307821423828,0.9216012436914336,215
1320000,5279.999999902792,-1476498.067675868,287141.421928984,-1189356.645746884,301.3606321753613,1237.2307821423828,0.9216012436914336,215
1321000,5283.999999902698,-1472890.2475477876,287482.5482543793,-1185407.6992934083,301.71865103722445,1237.2307821423828,0.9216012436914336,215
1322000,5287.999999902603,-1472958.2367433934,286268.3104370588,-1186689.9263063346,300.44428430260047,1237.2307821423828,0.9216012436914336,215
1323000,5291.9999999025085,-1473194.973387179,286553.73441661475,-1186641.2389705642,300.7438424448536,1237.2307821423828,0.9216012436914336,215
1324000,5295.999999902414,-1472399.6755552888,286602.83431031404,-1185796.8412449746,300.7953737596516,1237.2307821423828,0.9216012436914336,215
1325000,5299.999999902319,-1474964.9349466767,285786.83107871417,-1189178.1038679625,299.93896214171065,1237.2307821423828,0.9216012436914336,215
1326000,5303.999999902225,-1473625.3689813185,286266.70425544435,-1187358.664725874,300.44259858305685,1237.2307821423828,0.9216012436914336,215
1327000,5307.99999990213,-1472457.5761422608,287517.69673227967,-1184939.8794099812,301.755540063715,1237.2307821423828,0.9216012436914336,215
1328000,5311.999999902036,-1472926.1418233775,285994.8816488948,-1186931.2601744826,300.1573153522397,1237.2307821423828,0.9216012436914336,215
1329000,5315.999999901941,-1474321.7587536117,287036.1996262591,-1187285.5591273527,301.2501992762863,1237.2307821423828,0.9216012436914336,215
1330000,5319.999999901846,-1474259.2848209795,287043.3016274239,-1187215.9831935556,301.25765296773346,1237.2307821423828,0.9216012436914336,215
1331000,5323.999999901752,-1473698.1823456408,286194.6647552852,-1187503.5175903556,300.3669916951209,1237.2307821423828,0.9216012436914336,215
1332000,5327.999999901657,-1472482.9239910115,287050.16088619747,-1185432.763104814,301.2648518962139,1237.2307821423828,0.9216012436914336,215
1333000,5331.999999901563,-1473160.8594935052,286963.24630750995,-1186197.6131859953,301.1736333175687,1237.2307821423828,0.9216012436914336,215
1334000,5335.999999901468,-1473517.2902959557,287358.28377549554,-1186159.0065204601,301.58823299561357,1237.2307821423828,0.9216012436914336,215
1335000,5339.9999999013735,-1476274.5226121834,286930.6675675655,-1189343.8550446178,301.1394412821627,1237.2307821423828,0.9216012436914336,215
1336000,5343.999999901279,-1476136.7393308925,285878.0906425734,-1190258.6486883191,300.0347408686944,1237.2307821423828,0.9216012436914336,215
1337000,5347.999999901184,-1472901.1335043227,288732.1809824834,-1184168.9525218394,303.03016543455027,1237.2307821423828,0.9216012436914336,215
1338000,5351.99999990109,-1475486.199203888,286646.9443809662,-1188839.2548229217,300.84166815593807,1237.2307821423828,0.9216012436914336,215
1339000,5355.999999900995,-1473973.8103500912,287316.9554278468,-1186656.8549222443,301.54485807293423,1237.2307821423828,0.9216012436914336,215
1340000,5359.999999900901,-1474015.2839400182,286551.099749743,-1187464.1841902751,300.7410773095809,1237.2307821423828,0.9216012436914336,215
1341000,5363.999999900806,-1474622.1521136472,286406.0941484015,-1188216.0579652456,300.5888910475095,1237.2307821423828,0.9216012436914336,215
1342000,5367.999999900711,-1473739.4641169235,287305.19475750526,-1186434.2693594182,301.5325150155477,1237.2307821423828,0.9216012436914336,215
1343000,5371.999999900617,-1474358.179362747,285186.66077159485,-1189171.518591152,299.30907146989006,1237.2307821423828,0.9216012436914336,215
1344000,5375.999999900522,-1476538.5251019932,284378.0359993569,-1192160.4891026365,298.46040369177143,1237.2307821423828,0.9216012436914336,215
1345000,5379.999999900428,-1475087.001720637,286140.4953592033,-1188946.5063614338,300.31013983676434,1237.2307821423828,0.9216012436914336,215
1346000,5383.999999900333,-1475428.008396321,286109.6630573766,-1189318.3453389443,300.2777807228911,1237.2307821423828,0.9216012436914336,215
1347000,5387.999999900238,-1476929.9203888,287169.5169975846,-1189760.4033912155,301.3901185085333,1237.2307821423828,0.9216012436914336,215
1348000,5391.999999900144,-1473621.501472542,286982.4695751478,-1186639.0318973942,301.1938085192129,1237.2307821423828,0.9216012436914336,215
1349000,5395.999999900049,-1475751.8264282662,286083.0595896005,-1189668.7668386658,300.24985985444516,1237.2307821423828,0.9216012436914336,215
1350000,5399.999999899955,-1473868.2740286253,286374.67335049785,-1187493.6006781275,300.55591429530114,1237.2307821423828,0.9216012436914336,215
1351000,5403.99999989986,-1471058.2617322337,285054.1054948201,-1186004.1562374136,299.1699520710285,1237.2307821423828,0.9216012436914336,215
1352000,5407.9999998997655,-1472810.9493882703,287428.69499714073,-1185382.2543911296,301.6621309728705,1237.2307821423828,0.9216012436914336,215
1353000,5411.999999899671,-1472163.2353729662,286762.66184877197,-1185400.5735241943,300.9631159394637,1237.2307821423828,0.9216012436914336,215
1354000,5415.999999899576,-1473603.990590389,286983.23796998186,-1186620.752620407,301.19461496487094,1237.2307821423828,0.9216012436914336,215
1355000,5419.999999899482,-1473372.715900544,286643.23396693426,-1186729.4819336098,300.83777400262926,1237.2307821423828,0.9216012436914336,215
1356000,5423.999999899387,-1472867.9626861978,286770.42998632055,-1186097.5326998774,300.9712687542918,1237.2307821423828,0.9216012436914336,215
1357000,5427.999999899293,-1472385.649073054,287670.52229693375,-1184715.1267761204,301.9159335327843,1237.2307821423828,0.9216012436914336,215
1358000,5431.999999899198,-1473198.44611099,288008.9364312537,-1185189.509679736,302.2711058961815,1237.2307821423828,0.9216012436914336,215
1359000,5435.999999899103,-1473193.7923174677,287558.6884143097,-1185635.103903158,301.7985616491327,1237.2307821423828,0.9216012436914336,215
1360000,5439.999999899009,-1473904.6794218393,286038.84862531925,-1187865.83079652,300.2034595682887,1237.2307821423828,0.9216012436914336,215
1361000,5443.999999898914,-1474872.3413281748,286495.33179453656,-1188377.0095336381,300.6825477316355,1237.2307821423828,0.9216012436914336,215
1362000,5447.99999989882,-1474453.632382799,286336.43598246144,-1188117.1964003374,300.5157834171897,1237.2307821423828,0.9216012436914336,215
1363000,5451.999999898725,-1475830.2422903245,287641.7069083079,-1188188.5353820166,301.88569120942213,1237.2307821423828,0.9216012436914336,215
1364000,5455.99999989863,-1474055.4847930148,287216.27314004744,-1186839.2116529674,301.4391900098027,1237.2307821423828,0.9216012436914336,215
1365000,5459.999999898536,-1473478.2140424103,286795.4382629937,-1186682.7757794166,300.9975154379546,1237.2307821423828,0.9216012436914336,215
1366000,5463.999999898441,-1473127.7979521127,286445.40813528566,-1186682.3898168271,300.6301518585104,1237.2307821423828,0.9216012436914336,215
1367000,5467.999999898347,-1474085.1986120073,286354.4082607967,-1187730.7903512106,300.53464568068466,1237.2307821423828,0.9216012436914336,215
1368000,5471.999999898252,-1474453.5820176909,287280.647569399,-1187172.934448292,301.5067522535047,1237.2307821423828,0.9216012436914336,215
1369000,5475.9999998981575,-1474939.7188316416,285901.4670760701,-1189038.2517555715,300.0592749004939,1237.2307821423828,0.9216012436914336,215
1370000,5479.999999898063,-1476921.179979547,287296.2502456896,-1189624.9297338573,301.52312757253384,1237.2307821423828,0.9216012436914336,215
1371000,5483.999999897968,-1468614.217413731,286725.63208617165,-1181888.5853275592,300.9242524672709,1237.2307821423828,0.9216012436914336,215
1372000,5487.999999897874,-1475444.6266768984,287555.0628260146,-1187889.5638508839,301.79475652212153,1237.2307821423828,0.9216012436914336,215
1373000,5491.999999897779,-1473800.680901724,285567.32191715477,-1188233.358984569,299.7085829116733,1237.2307821423828,0.9216012436914336,215
1374000,5495.999999897685,-1473760.3095190097,287080.0532551395,-1186680.2562638703,301.2962245318339,1237.2307821423828,0.9216012436914336,215
1375000,5499.99999989759,-1476736.4144654926,287969.40674567496,-1188767.0077198176,302.2296187051114,1237.2307821423828,0.9216012436914336,215
1376000,5503.999999897495,-1474883.4482515967,287949.6990630332,-1186933.7491885633,302.20893510028793,1237.2307821423828,0.9216012436914336,215
1377000,5507.999999897401,-1472294.4427351821,287677.27962365176,-1184617.1631115302,301.9230254815456,1237.2307821423828,0.9216012436914336,215
1378000,5511.999999897306,-1472744.2179083573,287728.25846449926,-1185015.959443858,301.97652878873885,1237.2307821423828,0.9216012436914336,215
1379000,5515.999999897212,-1474863.7971988898,286795.29079025605,-1188068.5064086337,300.99736066238387,1237.2307821423828,0.9216012436914336,215
1380000,5519.999999897117,-1473554.74134532,287782.0400355627,-1185772.7013097573,302.0329736170265,1237.2307821423828,0.9216012436914336,215
1381000,5523.9999998970225,-1472964.62653324,286357.32554102136,-1186607.3009922188,300.53770742429117,1237.2307821423828,0.9216012436914336,215
1382000,5527.999999896928,-1473879.2655844707,285786.60996778915,-1188092.6556166816,299.938730081398,1237.2307821423828,0.9216012436914336,215
1383000,5531.999999896833,-1472262.0123206647,286338.6900090934,-1185923.3223115713,300.51814906296164,1237.2307821423828,0.9216012436914336,215
1384000,5535.999999896739,-1475835.2174178632,286647.63882008486,-1189187.5785977785,300.84239698360216,1237.2307821423828,0.9216012436914336,215
1385000,5539.999999896644,-1474578.78128016,286891.8442700176,-1187686.9370101425,301.09869545937755,1237.2307821423828,0.9216012436914336,215
1386000,5543.9999998965495,-1473322.2307732524,285661.2469362547,-1187660.9838369978,299.80715908693526,1237.2307821423828,0.9216012436914336,215
1387000,5547.999999896455,-1474350.8879817408,286538.3623796676,-1187812.5256020732,300.72770918640174,1237.2307821423828,0.9216012436914336,215
1388000,5551.99999989636,-1473703.4243222624,287428.5661824269,-1186274.8581398355,301.66199577926676,1237.2307821423828,0.9216012436914336,215
1389000,5555.999999896266,-1474085.6247565448,287319.05465012393,-1186766.570106421,301.5470612484575,1237.2307821423828,0.9216012436914336,215
1390000,5559.999999896171,-1473144.8027627086,286945.1748013102,-1186199.6279613986,301.1546669124567,1237.2307821423828,0.9216012436914336,215
1391000,5563.999999896077,-1474594.9509358173,287296.72800151294,-1187298.2229343043,301.5236289867707,1237.2307821423828,0.9216012436914336,215
1392000,5567.999999895982,-1477462.3190271016,287643.6592318976,-1189818.659795204,301.88774021185185,1237.2307821423828,0.9216012436914336,215
1393000,5571.999999895887,-1471637.6874760184,287277.09873690293,-1184360.5887391155,301.50302768323087,1237.2307821423828,0.9216012436914336,215
1394000,5575.999999895793,-1475376.3068071278,287107.701299153,-1188268.6055079747,301.3252417038126,1237.2307821423828,0.9216012436914336,215
1395000,5579.999999895698,-1474450.886013181,287420.4998243335,-1187030.3861888475,301.6535299760468,1237.2307821423828,0.9216012436914336,215
1396000,5583.999999895604,-1474800.409032845,286427.41024642164,-1188372.9987864234,300.6112627162562,1237.2307821423828,0.9216012436914336,215
1397000,5587.999999895509,-1474671.3202262176,287282.45387397707,-1187388.8663522406,301.50864800607815,1237.2307821423828,0.9216012436914336,215
1398000,5591.9999998954145,-1474391.3363977792,288445.99977566564,-1185945.3366221136,302.7298125672282,1237.2307821423828,0.9216012436914336,215
1399000,5595.99999989532,-1476422.077134774,288021.86812668893,-1188400.209008085,302.28467796768996,1237.2307821423828,0.9216012436914336,215
1400000,5599.999999895225,-1474491.0209812438,285902.60701952653,-1188588.4139617174,300.0604712938195,1237.2307821423828,0.9216012436914336,215
1401000,5603.999999895131,-1474555.040975893,286552.7312388751,-1188002.3097370178,300.74278958986747,1237.2307821423828,0.9216012436914336,215
1402000,5607.999999895036,-1474451.861301994,288005.94400288694,-1186445.917299107,302.2679652831056,1237.2307821423828,0.9216012436914336,215
1403000,5611.9999998949415,-1473479.7457560543,287730.62739477516,-1185749.1183612791,301.97901502817,1237.2307821423828,0.9216012436914336,215
1404000,5615.999999894847,-1470329.4551691096,288144.9634732104,-1182184.4916958993,302.41386898163825,1237.2307821423828,0.9216012436914336,215
1405000,5619.999999894752,-1473059.332772241,288371.2639575347,-1184688.0688147063,302.65137583996403,1237.2307821423828,0.9216012436914336,215
1406000,5623.999999894658,-1476262.927593573,287000.70698980824,-1189262.2206037648,301.21294904855347,1237.2307821423828,0.9216012436914336,215
1407000,5627.999999894563,-1475401.365115122,287481.455028891,-1187919.9100862308,301.7175036753355,1237.2307821423828,0.9216012436914336,215
1408000,5631.999999894469,-1473050.8466268564,286245.73993758834,-1186805.106689268,300.4205961145876,1237.2307821423828,0.9216012436914336,215
1409000,5635.999999894374,-1475649.492678374,287598.50165121106,-1188050.9910271629,301.8403464329544,1237.2307821423828,0.9216012436914336,215
1410000,5639.999999894279,-1475154.5891344016,284386.46500556805,-1190768.1241288336,298.46925010140245,1237.2307821423828,0.9216012436914336,215
1411000,5643.999999894185,-1477214.2374102408,287037.5755669542,-1190176.6618432866,301.25164335340673,1237.2307821423828,0.9216012436914336,215
1412000,5647.99999989409,-1475346.7576629464,284982.19766203576,-1190364.5600009107,299.0944833706206,1237.2307821423828,0.9216012436914336,215
1413000,5651.999999893996,-1475613.140890509,286279.26700523996,-1189333.8738852688,300.45578343878,1237.2307821423828,0.9216012436914336,215
1414000,5655.999999893901,-1474314.7462636493,287313.4301237982,-1187001.3161398512,301.5411581962339,1237.2307821423828,0.9216012436914336,215
1415000,5659.9999998938065,-1474315.6953127086,289069.4986953015,-1185246.1966174073,303.3841870817787,1237.2307821423828,0.9216012436914336,215
1416000,5663.999999893712,-1473327.9213835513,287050.0017507423,-1186277.919632809,301.26468488038927,1237.2307821423828,0.9216012436914336,215
1417000,5667.999999893617,-1473035.1137406789,286395.56426760147,-1186639.5494730775,300.57783972822114,1237.2307821423828,0.9216012436914336,215
1418000,5671.999999893523,-1474892.410581492,286468.82370124117,-1188423.5868802508,300.65472696060357,1237.2307821423828,0.9216012436914336,215
1419000,5675.999999893428,-1473895.8768976666,286899.15843350184,-1186996.7184641648,301.1063718193978,1237.2307821423828,0.9216012436914336,215
1420000,5679.999999893334,-1476246.053060216,286656.9294057134,-1189589.1236545024,300.8521476379643,1237.2307821423828,0.9216012436914336,215
1421000,5683.999999893239,-1476914.4311116748,285122.4611970325,-1191791.9699146422,299.24169273976634,1237.2307821423828,0.9216012436914336,215
1422000,5687.999999893144,-1475452.5278587025,286811.3526582832,-1188641.1752004193,301.01421791227165,1237.2307821423828,0.9216012436914336,215
1423000,5691.99999989305,-1471463.4018373825,286734.76509942656,-1184728.636737956,300.93383774629365,1237.2307821423828,0.9216012436914336,215
1424000,5695.999999892955,-1473734.1920867162,287277.37333604344,-1186456.8187506727,301.50331588048937,1237.2307821423828,0.9216012436914336,215
1425000,5699.999999892861,-1474752.2461505812,288537.08404629456,-1186215.1621042867,302.825407320481,1237.2307821423828,0.9216012436914336,215
1426000,5703.999999892766,-1474745.7945952034,286227.73294894607,-1188518.0616462573,300.4016974219352,1237.2307821423828,0.9216012436914336,215
1427000,5707.999999892671,-1476994.373013013,286366.7341744514,-1190627.6388385617,300.54758197216836,1237.2307821423828,0.9216012436914336,215
1428000,5711.999999892577,-1473575.6441143416,287199.6425665488,-1186376.001547793,301.42173589221375,1237.2307821423828,0.9216012436914336,215
1429000,5715.999999892482,-1476175.949623555,286623.1827327548,-1189552.7668908,300.8167298336354,1237.2307821423828,0.9216012436914336,215
1430000,5719.999999892388,-1474128.1997878281,287702.8074333699,-1186425.392354458,301.94981742547003,1237.2307821423828,0.9216012436914336,215
1431000,5723.999999892293,-1476221.447965796,285535.85789075994,-1190685.590075036,299.6755607903039,1237.2307821423828,0.9216012436914336,215
1432000,5727.9999998921985,-1472945.8349536154,286071.107061069,-1186874.7278925464,300.2373154380731,1237.2307821423828,0.9216012436914336,215
1433000,5731.999999892104,-1476063.7125486229,288728.1486497592,-1187335.5638988637,303.0259334211725,1237.2307821423828,0.9216012436914336,215
1434000,5735.999999892009,-1473915.37828138,286368.3228137288,-1187547.0554676512,300.54924928068044,1237.2307821423828,0.9216012436914336,215
1435000,5739.999999891915,-1475198.608911355,286208.6947410804,-1188989.9141702745,300.3817164442018,1237.2307821423828,0.9216012436914336,215
1436000,5743.99999989182,-1475885.7566488804,286647.34780159756,-1189238.4088472829,300.8420915539128,1237.2307821423828,0.9216012436914336,215
1437000,5747.999999891726,-1474088.0265278704,286030.2679367673,-1188057.7585911031,300.1944539650249,1237.2307821423828,0.9216012436914336,215
1438000,5751.999999891631,-1476220.0637952145,286582.42014915554,-1189637.643646059,300.7739486915764,1237.2307821423828,0.9216012436914336,215
1439000,5755.999999891536,-1475222.1738508241,286931.85706323135,-1188290.3167875928,301.1406896815173,1237.2307821423828,0.9216012436914336,215
1440000,5759.999999891442,-1473351.0908671264,285721.70307811105,-1187629.3877890152,299.8706090099952,1237.2307821423828,0.9216012436914336,215
1441000,5763.999999891347,-1475116.6310698232,285748.4139295129,-1189368.2171403102,299.8986425796917,1237.2307821423828,0.9216012436914336,215
1442000,5767.999999891253,-1475058.1677125003,288008.93622060656,-1187049.2314918938,302.2711056751031,1237.2307821423828,0.9216012436914336,215
1443000,5771.999999891158,-1475098.0314949881,287263.75174277497,-1187834.279752213,301.48901974748617,1237.2307821423828,0.9216012436914336,215
1444000,5775.999999891063,-1476176.1719931439,286047.98581220844,-1190128.1861809355,300.21304922762357,1237.2307821423828,0.9216012436914336,215
1445000,5779.999999890969,-1475083.9442768237,285866.6949542321,-1189217.2493225916,300.0227808671748,1237.2307821423828,0.9216012436914336,215
1446000,5783.999999890874,-1474968.1511514708,285714.21231115644,-1189253.9388403143,299.862747301121,1237.2307821423828,0.9216012436914336,215
1447000,5787.99999989078,-1474904.9709354956,287447.2594321927,-1187457.711503303,301.68161471661483,1237.2307821423828,0.9216012436914336,215
1448000,5791.999999890685,-1474692.7065712027,287684.48539450485,-1187008.2211766979,301.93058808134407,1237.2307821423828,0.9216012436914336,215
1449000,5795.9999998905905,-1475795.484959254,286205.5478652603,-1189589.9370939936,300.3784137354524,1237.2307821423828,0.9216012436914336,215
1450000,5799.999999890496,-1474780.2899145978,286342.49518425134,-1188437.7947303464,300.52214266995657,1237.2307821423828,0.9216012436914336,215
1451000,5803.999999890401,-1475477.670215006,288929.66178671474,-1186548.0084282912,303.23742546553376,1237.2307821423828,0.9216012436914336,215
1452000,5807.999999890307,-1475583.7036476154,286764.0272234536,-1188819.6764241618,300.96454892734283,1237.2307821423828,0.9216012436914336,215
1453000,5811.999999890212,-1475329.8703445438,286114.42082758783,-1189215.449516956,300.282774097337,1237.2307821423828,0.9216012436914336,215
1454000,5815.999999890118,-1472884.166826319,287396.0596249808,-1185488.1072013383,301.62787950082816,1237.2307821423828,0.9216012436914336,215
1455000,5819.999999890023,-1473152.6438007876,286891.5787950604,-1186261.065005727,301.098416838131,1237.2307821423828,0.9216012436914336,215
1456000,5823.999999889928,-1474997.9498795094,286386.17537746904,-1188611.7745020404,300.5679859013274,1237.2307821423828,0.9216012436914336,215
1457000,5827.999999889834,-1476318.5257040719,286306.2347945975,-1190012.2909094742,300.4840866699702,1237.2307821423828,0.9216012436914336,215
1458000,5831.999999889739,-1473637.2213496137,286189.9967917698,-1187447.224557844,300.36209257458813,1237.2307821423828,0.9216012436914336,215
1459000,5835.999999889645,-1473092.5529824514,286087.51884094434,-1187005.034141507,300.2545399274036,1237.2307821423828,0.9216012436914336,215
1460000,5839.99999988955,-1475803.0616237633,285995.0468579768,-1189808.0147657865,300.1574887424565,1237.2307821423828,0.9216012436914336,215
1461000,5843.9999998894555,-1475722.9878836786,286746.76052524365,-1188976.227358435,300.94642718421994,1237.2307821423828,0.9216012436914336,215
1462000,5847.999999889361,-1474756.2522099614,287081.97495068284,-1187674.2772592786,301.29824138951994,1237.2307821423828,0.9216012436914336,215
1463000,5851.999999889266,-1474846.951686996,286012.184663026,-1188834.76702397,300.1754752096441,1237.2307821423828,0.9216012436914336,215
1464000,5855.999999889172,-1475903.9922143547,286555.465537788,-1189348.5266765668,300.7456592909486,1237.2307821423828,0.9216012436914336,215
1465000,5859.999999889077,-1473528.822710351,286327.78475877,-1187201.0379515812,300.5067037858944,1237.2307821423828,0.9216012436914336,215
1466000,5863.9999998889825,-1474876.3091159323,286539.55964055867,-1188336.7494753737,300.7289657355147,1237.2307821423828,0.9216012436914336,215
1467000,5867.999999888888,-1475228.7833191343,286573.97422933887,-1188654.8090897955,300.76508453078003,1237.2307821423828,0.9216012436914336,215
1468000,5871.999999888793,-1473202.0793351727,287903.98093502026,-1185298.0984001523,302.1609530158249,1237.2307821423828,0.9216012436914336,215
1469000,5875.999999888699,-1474781.4028704492,286641.63190214115,-1188139.7709683082,300.83609260377153,1237.2307821423828,0.9216012436914336,215
1470000,5879.999999888604,-1475015.8851957805,285422.648632354,-1189593.2365634264,299.55674542241957,1237.2307821423828,0.9216012436914336,215
1471000,5883.99999988851,-1474997.4193557277,287832.10374018806,-1187165.3156155397,302.08551647055697,1237.2307821423828,0.9216012436914336,215
1472000,5887.999999888415,-1473426.2604621183,288391.1685616164,-1185035.0919005019,302.67226611775453,1237.2307821423828,0.9216012436914336,215
1473000,5891.99999988832,-1475340.8709167158,286821.39705127664,-1188519.4738654392,301.02475970245285,1237.2307821423828,0.9216012436914336,215
1474000,5895.999999888226,-1474083.4333934756,286426.2405854668,-1187657.1928080088,300.6100351338252,1237.2307821423828,0.9216012436914336,215
1475000,5899.999999888131,-1474762.805847357,288293.6022629597,-1186469.2035843972,302.56986834719027,1237.2307821423828,0.9216012436914336,215
1476000,5903.999999888037,-1473312.7717200276,286387.98353841604,-1186924.7881816116,300.5698836021969,1237.2307821423828,0.9216012436914336,215
1477000,5907.999999887942,-1475504.253931664,286862.5645524791,-1188641.689379185,301.0679658135883,1237.2307821423828,0.9216012436914336,215
1478000,5911.9999998878475,-1473689.5715442235,287283.0412345963,-1186406.5303096273,301.50926445272773,1237.2307821423828,0.9216012436914336,215
1479000,5915.999999887753,-1474735.2719952296,286394.5640941494,-1188340.7079010801,300.5767900262946,1237.2307821423828,0.9216012436914336,215
1480000,5919.999999887658,-1474769.1055305237,286526.2513505552,-1188242.8541799686,300.71499842051827,1237.2307821423828,0.9216012436914336,215
1481000,5923.999999887564,-1474616.6383850873,285669.9789842471,-1188946.6594008403,299.81632354494167,1237.2307821423828,0.9216012436914336,215
1482000,5927.999999887469,-1473964.0337762516,286932.1617966733,-1187031.8719795784,301.14100950532435,1237.2307821423828,0.9216012436914336,215
1483000,5931.9999998873745,-1472043.183753754,286874.2103684071,-1185168.973385347,301.0801883289839,1237.2307821423828,0.9216012436914336,215
1484000,5935.99999988728,-1471204.9380111191,286829.79722121323,-1184375.140789906,301.03357584784027,1237.2307821423828,0.9216012436914336,215
1485000,5939.999999887185,-1473857.8604070274,286584.1808720217,-1187273.6795350057,300.7757966052367,1237.2307821423828,0.9216012436914336,215
1486000,5943.999999887091,-1472780.7004785035,285048.2379842013,-1187732.462494302,299.16379400195746,1237.2307821423828,0.9216012436914336,215
1487000,5947.999999886996,-1475079.3018941823,287506.55054694106,-1187572.7513472412,301.7438419205581,1237.2307821423828,0.9216012436914336,215
1488000,5951.999999886902,-1474416.4982189909,286968.4808978279,-1187448.0173211629,301.1791271241982,1237.2307821423828,0.9216012436914336,215
1489000,5955.999999886807,-1474097.861467407,285631.8592551678,-1188466.0022122394,299.776316131255,1237.2307821423828,0.9216012436914336,215
1490000,5959.999999886712,-1473699.3145238273,286331.2373180512,-1187368.077205776,300.5103273155148,1237.2307821423828,0.9216012436914336,215
1491000,5963.999999886618,-1475178.2659269767,286054.9445387394,-1189123.3213882372,300.22035254949344,1237.2307821423828,0.9216012436914336,215
1492000,5967.999999886523,-1474295.5570425848,287108.1896585553,-1187187.3673840296,301.3257542467165,1237.2307821423828,0.9216012436914336,215
1493000,5971.999999886429,-1473465.2221695967,286337.2975745193,-1187127.9245950775,300.51668767518737,1237.2307821423828,0.9216012436914336,215
1494000,5975.999999886334,-1473484.3582039392,287712.08847997925,-1185772.26972396,301.95955806844194,1237.2307821423828,0.9216012436914336,215
1495000,5979.9999998862395,-1475503.5723442193,287369.09236688603,-1188134.4799773332,301.59957682720875,1237.2307821423828,0.9216012436914336,215
1496000,5983.999999886145,-1474445.2760318993,287613.88690536877,-1186831.3891265304,301.85649356313155,1237.2307821423828,0.9216012436914336,215
1497000,5987.99999988605,-1475975.8761803675,288804.1471637237,-1187171.729016644,303.10569537282294,1237.2307821423828,0.9216012436914336,215
1498000,5991.999999885956,-1475438.489055073,286664.92196687305,-1188773.5670881998,300.860535989835,1237.2307821423828,0.9216012436914336,215
1499000,5995.999999885861,-1474424.511075288,286657.75148070074,-1187766.7595945874,300.85301042201064,1237.2307821423828,0.9216012436914336,215
1500000,5999.999999885767,-1474273.2541873464,285483.9091312655,-1188789.345056081,299.6210395342036,1237.2307821423828,0.9216012436914336,215
1501000,6003.999999885672,-1471402.1436785497,285433.22066581954,-1185968.9230127302,299.5678409817685,1237.2307821423828,0.9216012436914336,215
1502000,6007.999999885577,-1475667.7913448159,286572.4741858317,-1189095.317158984,300.7635102052907,1237.2307821423828,0.9216012436914336,215
1503000,6011.999999885483,-1472707.9295151858,286488.1655057657,-1186219.76400942,300.6750265690675,1237.2307821423828,0.9216012436914336,215
1504000,6015.999999885388,-1475401.1107402658,286533.89074729814,-1188867.2199929678,300.7230161193107,1237.2307821423828,0.9216012436914336,215
1505000,6019.999999885294,-1474032.051943289,289554.3219236636,-1184477.7300196255,303.8930187007453,1237.2307821423828,0.9216012436914336,215
1506000,6023.999999885199,-1476709.6416184697,287667.3980867553,-1189042.2435317144,301.91265461207655,1237.2307821423828,0.9216012436914336,215
1507000,6027.999999885104,-1477608.0555552654,286293.60888529324,-1191314.446669972,300.4708355270869,1237.2307821423828,0.9216012436914336,215
1508000,6031.99999988501,-1475810.4877518266,285181.31201709533,-1190629.1757347314,299.30345784568186,1237.2307821423828,0.9216012436914336,215
1509000,6035.999999884915,-1477112.8988623554,285810.4267830374,-1191302.472079318,299.9637263026028,1237.2307821423828,0.9216012436914336,215
1510000,6039.999999884821,-1475352.5720057143,287057.45683994674,-1188295.1151657675,301.2725091447552,1237.2307821423828,0.9216012436914336,215
1511000,6043.999999884726,-1475688.6049648952,288152.3380803596,-1187536.2668845356,302.42160877848676,1237.2307821423828,0.9216012436914336,215
1512000,6047.9999998846315,-1474117.111425574,287353.5217791566,-1186763.5896464174,301.5832351857626,1237.2307821423828,0.9216012436914336,215
1513000,6051.999999884537,-1475286.8990024868,285558.41765938007,-1189728.4813431068,299.6992377160759,1237.2307821423828,0.9216012436914336,215
1514000,6055.999999884442,-1476765.0881350785,286476.2469535613,-1190288.841181517,300.66251781152636,1237.2307821423828,0.9216012436914336,215
1515000,6059.999999884348,-1474623.1761322822,286559.6309262112,-1188063.545206071,300.75003094892827,1237.2307821423828,0.9216012436914336,215
1516000,6063.999999884253,-1473532.537009013,288136.2178610692,-1185396.3191479438,302.4046902877879,1237.2307821423828,0.9216012436914336,215
1517000,6067.999999884159,-1473996.914058351,286608.22287269623,-1187388.6911856546,300.80102916302434,1237.2307821423828,0.9216012436914336,215
1518000,6071.999999884064,-1474228.571951598,286462.3026037274,-1187766.2693478705,300.64788293908964,1237.2307821423828,0.9216012436914336,215
1519000,6075.999999883969,-1475929.4398768907,284923.7782516331,-1191005.6616252577,299.0331710377221,1237.2307821423828,0.9216012436914336,215
1520000,6079.999999883875,-1474196.9397924943,286550.28158699395,-1187646.6582055003,300.7402186315065,1237.2307821423828,0.9216012436914336,215
1521000,6083.99999988378,-1473510.4245723812,286548.4413312846,-1186961.9832410966,300.7382872465456,1237.2307821423828,0.9216012436914336,215
1522000,6087.999999883686,-1475673.86786173,285551.09699604573,-1190122.7708656844,299.69155453433376,1237.2307821423828,0.9216012436914336,215
1523000,6091.999999883591,-1474571.3870700765,284850.92496339564,-1189720.462106681,298.95671006301563,1237.2307821423828,0.9216012436914336,215
1524000,6095.9999998834965,-1477895.995036167,286340.55549206136,-1191555.4395441057,300.520106924432,1237.2307821423828,0.9216012436914336,215
1525000,6099.999999883402,-1472594.219703082,287032.9049781094,-1185561.3147249725,301.24674147753854,1237.2307821423828,0.9216012436914336,215
1526000,6103.999999883307,-1477268.454000309,286762.0919767716,-1190506.3620235375,300.9625178474673,1237.2307821423828,0.9216012436914336,215
1527000,6107.999999883213,-1475143.3771315226,286407.5800614755,-1188735.7970700471,300.5904505428283,1237.2307821423828,0.9216012436914336,215
1528000,6111.999999883118,-1475858.1718523456,286069.6140067495,-1189788.557845596,300.23574844787515,1237.2307821423828,0.9216012436914336,215
1529000,6115.9999998830235,-1474251.819892588,286025.5107453208,-1188226.3091472671,300.1894611980041,1237.2307821423828,0.9216012436914336,215
1530000,6119.999999882929,-1475650.8522264287,286965.918189961,-1188684.9340364677,301.1764375113319,1237.2307821423828,0.9216012436914336,215
1531000,6123.999999882834,-1476042.4403553829,286582.1272395537,-1189460.3131158291,300.7736412771247,1237.2307821423828,0.9216012436914336,215
1532000,6127.99999988274,-1473910.348021945,287366.9246467633,-1186543.4233751816,301.5973017618344,1237.2307821423828,0.9216012436914336,215
1533000,6131.999999882645,-1473637.4783231644,286358.29818918137,-1187279.180133983,300.53872823787634,1237.2307821423828,0.9216012436914336,215
1534000,6135.999999882551,-1476041.0550996633,286030.0914086151,-1190010.9636910483,300.1942686952188,1237.2307821423828,0.9216012436914336,215
1535000,6139.999999882456,-1474984.5259105675,287786.29199828085,-1187198.2339122866,302.0374361364503,1237.2307821423828,0.9216012436914336,215
1536000,6143.999999882361,-1475051.868035513,287416.1094740068,-1187635.7585615062,301.6489222160759,1237.2307821423828,0.9216012436914336,215
1537000,6147.999999882267,-1474432.36725262,287774.61588454514,-1186657.7513680747,302.02518182290294,1237.2307821423828,0.9216012436914336,215
1538000,6151.999999882172,-1474893.4186067795,286793.8623913107,-1188099.5562154688,300.9958615292867,1237.2307821423828,0.9216012436914336,215
1539000,6155.999999882078,-1475042.8738190318,286182.94561970176,-1188859.9281993299,300.35469222928884,1237.2307821423828,0.9216012436914336,215
1540000,6159.999999881983,-1474022.3741845023,286844.9928833321,-1187177.3813011702,301.04952399740256,1237.2307821423828,0.9216012436914336,215
1541000,6163.9999998818885,-1474159.2943247315,286881.7747127173,-1187277.5196120143,301.0881272587559,1237.2307821423828,0.9216012436914336,215
1542000,6167.999999881794,-1474433.476018915,287195.2356390682,-1187238.2403798467,301.4171107341903,1237.2307821423828,0.9216012436914336,215
1543000,6171.999999881699,-1474695.9660686608,286759.59196788305,-1187936.3741007778,300.95989403842566,1237.2307821423828,0.9216012436914336,215
1544000,6175.999999881605,-1474211.052404981,287376.0253751412,-1186835.0270298398,301.6068531572367,1237.2307821423828,0.9216012436914336,215
1545000,6179.99999988151,-1474640.5179619417,285238.75065739674,-1189401.7673045448,299.3637408408563,1237.2307821423828,0.9216012436914336,215
1546000,6183.9999998814155,-1475377.8600599496,286458.380945448,-1188919.4791145015,300.6437670807425,1237.2307821423828,0.9216012436914336,215
1547000,6187.999999881321,-1475839.0883631008,287621.0297873113,-1188218.0585757894,301.86399015976775,1237.2307821423828,0.9216012436914336,215
1548000,6191.999999881226,-1475003.9216473512,287599.0134684321,-1187404.908178919,301.84088359530546,1237.2307821423828,0.9216012436914336,215
1549000,6195.999999881132,-1474589.2198121063,286321.31908590446,-1188267.900726202,300.4999179336508,1237.2307821423828,0.9216012436914336,215
1550000,6199.999999881037,-1476587.8129451722,285686.3304449016,-1190901.4825002705,299.83348472805045,1237.2307821423828,0.9216012436914336,215
1551000,6203.999999880943,-1475547.0156341568,286915.6039137982,-1188631.4117203585,301.12363167799026,1237.2307821423828,0.9216012436914336,215
